36 24 520 240
0 0 177 0
1 0 154 1
2 0 180 2
3 0 113 3
4 0 70 4
5 0 59 5
6 0 66 6
7 0 40 7
8 0 126 8
9 0 108 9
10 0 93 0
11 0 72 1
12 0 146 2
13 0 48 3
14 0 77 4
15 0 59 5
16 0 110 6
17 0 167 7
18 0 155 8
19 0 152 9
20 0 138 0
21 0 85 1
22 0 162 2
23 0 177 3
24 0 121 4
25 0 64 5
26 0 71 6
27 0 1 7
28 0 160 8
29 0 107 9
30 0 42 0
31 0 70 1
32 0 167 2
33 0 167 3
34 0 148 4
35 0 127 5
0 1 180 0
1 1 178 1
2 1 53 2
3 1 53 3
4 1 135 4
5 1 170 5
6 1 78 6
7 1 165 7
8 1 1 8
9 1 111 9
10 1 172 0
11 1 80 1
12 1 60 2
13 1 108 3
14 1 80 4
15 1 153 5
16 1 62 6
17 1 58 7
18 1 138 8
19 1 91 9
20 1 67 0
21 1 158 1
22 1 150 2
23 1 1 3
24 1 91 4
25 1 76 5
26 1 149 6
27 1 132 7
28 1 55 8
29 1 146 9
30 1 56 0
31 1 111 1
32 1 1 2
33 1 57 3
34 1 85 4
35 1 165 5
0 2 112 0
1 2 180 1
2 2 92 2
3 2 156 3
4 2 138 4
5 2 1 5
6 2 109 6
7 2 104 7
8 2 114 8
9 2 1 9
10 2 102 0
11 2 81 1
12 2 168 2
13 2 153 3
14 2 42 4
15 2 91 5
16 2 166 6
17 2 177 7
18 2 156 8
19 2 171 9
20 2 109 0
21 2 140 1
22 2 123 2
23 2 56 3
24 2 129 4
25 2 86 5
26 2 134 6
27 2 112 7
28 2 166 8
29 2 173 9
30 2 123 0
31 2 155 1
32 2 131 2
33 2 170 3
34 2 42 4
35 2 76 5
0 3 166 0
1 3 98 1
2 3 119 2
3 3 120 3
4 3 171 4
5 3 66 5
6 3 91 6
7 3 1 7
8 3 154 8
9 3 48 9
10 3 160 0
11 3 69 1
12 3 86 2
13 3 136 3
14 3 49 4
15 3 152 5
16 3 84 6
17 3 1 7
18 3 43 8
19 3 166 9
20 3 62 0
21 3 84 1
22 3 157 2
23 3 126 3
24 3 44 4
25 3 178 5
26 3 71 6
27 3 177 7
28 3 126 8
29 3 72 9
30 3 59 0
31 3 73 1
32 3 131 2
33 3 117 3
34 3 94 4
35 3 172 5
0 4 63 0
1 4 54 1
2 4 147 2
3 4 135 3
4 4 174 4
5 4 45 5
6 4 56 6
7 4 88 7
8 4 152 8
9 4 177 9
10 4 114 0
11 4 131 1
12 4 118 2
13 4 137 3
14 4 77 4
15 4 155 5
16 4 111 6
17 4 104 7
18 4 136 8
19 4 157 9
20 4 40 0
21 4 45 1
22 4 144 2
23 4 1 3
24 4 43 4
25 4 102 5
26 4 91 6
27 4 58 7
28 4 46 8
29 4 115 9
30 4 44 0
31 4 96 1
32 4 70 2
33 4 108 3
34 4 137 4
35 4 105 5
0 5 58 0
1 5 128 1
2 5 113 2
3 5 100 3
4 5 81 4
5 5 76 5
6 5 1 6
7 5 125 7
8 5 113 8
9 5 175 9
10 5 1 0
11 5 47 1
12 5 1 2
13 5 48 3
14 5 84 4
15 5 148 5
16 5 142 6
17 5 116 7
18 5 147 8
19 5 55 9
20 5 147 0
21 5 140 1
22 5 178 2
23 5 61 3
24 5 131 4
25 5 150 5
26 5 154 6
27 5 51 7
28 5 75 8
29 5 109 9
30 5 154 0
31 5 84 1
32 5 103 2
33 5 150 3
34 5 56 4
35 5 91 5
0 6 164 0
1 6 141 1
2 6 156 2
3 6 99 3
4 6 70 4
5 6 103 5
6 6 153 6
7 6 103 7
8 6 131 8
9 6 70 9
10 6 162 0
11 6 101 1
12 6 106 2
13 6 73 3
14 6 142 4
15 6 126 5
16 6 162 6
17 6 157 7
18 6 171 8
19 6 67 9
20 6 76 0
21 6 167 1
22 6 91 2
23 6 69 3
24 6 129 4
25 6 56 5
26 6 107 6
27 6 166 7
28 6 66 8
29 6 128 9
30 6 141 0
31 6 85 1
32 6 104 2
33 6 122 3
34 6 57 4
35 6 177 5
0 7 132 0
1 7 51 1
2 7 155 2
3 7 178 3
4 7 147 4
5 7 153 5
6 7 120 6
7 7 116 7
8 7 51 8
9 7 141 9
10 7 169 0
11 7 161 1
12 7 63 2
13 7 176 3
14 7 145 4
15 7 90 5
16 7 104 6
17 7 200 7
18 7 163 8
19 7 88 9
20 7 174 0
21 7 180 1
22 7 105 2
23 7 97 3
24 7 62 4
25 7 104 5
26 7 177 6
27 7 50 7
28 7 160 8
29 7 63 9
30 7 179 0
31 7 178 1
32 7 74 2
33 7 60 3
34 7 142 4
35 7 141 5
0 8 52 0
1 8 50 1
2 8 112 2
3 8 124 3
4 8 137 4
5 8 137 5
6 8 103 6
7 8 67 7
8 8 129 8
9 8 101 9
10 8 142 0
11 8 86 1
12 8 111 2
13 8 86 3
14 8 63 4
15 8 92 5
16 8 72 6
17 8 61 7
18 8 85 8
19 8 90 9
20 8 123 0
21 8 178 1
22 8 93 2
23 8 137 3
24 8 151 4
25 8 132 5
26 8 157 6
27 8 46 7
28 8 115 8
29 8 95 9
30 8 175 0
31 8 64 1
32 8 169 2
33 8 177 3
34 8 124 4
35 8 45 5
0 9 1 0
1 9 75 1
2 9 92 2
3 9 66 3
4 9 71 4
5 9 167 5
6 9 116 6
7 9 47 7
8 9 147 8
9 9 60 9
10 9 142 0
11 9 134 1
12 9 132 2
13 9 148 3
14 9 185 4
15 9 163 5
16 9 117 6
17 9 64 7
18 9 100 8
19 9 151 9
20 9 167 0
21 9 182 1
22 9 92 2
23 9 91 3
24 9 92 4
25 9 64 5
26 9 98 6
27 9 145 7
28 9 191 8
29 9 197 9
30 9 100 0
31 9 86 1
32 9 99 2
33 9 110 3
34 9 105 4
35 9 153 5
0 10 159 0
1 10 56 1
2 10 126 2
3 10 63 3
4 10 94 4
5 10 126 5
6 10 105 6
7 10 170 7
8 10 150 8
9 10 100 9
10 10 60 0
11 10 95 1
12 10 120 2
13 10 86 3
14 10 101 4
15 10 228 5
16 10 83 6
17 10 381 7
18 10 101 8
19 10 113 9
20 10 170 0
21 10 43 1
22 10 98 2
23 10 148 3
24 10 103 4
25 10 77 5
26 10 195 6
27 10 173 7
28 10 243 8
29 10 186 9
30 10 131 0
31 10 177 1
32 10 129 2
33 10 180 3
34 10 142 4
35 10 129 5
0 11 44 0
1 11 178 1
2 11 88 2
3 11 154 3
4 11 52 4
5 11 168 5
6 11 53 6
7 11 179 7
8 11 128 8
9 11 118 9
10 11 129 0
11 11 170 1
12 11 54 2
13 11 75 3
14 11 198 4
15 11 106 5
16 11 138 6
17 11 243 7
18 11 155 8
19 11 155 9
20 11 133 0
21 11 184 1
22 11 114 2
23 11 60 3
24 11 1 4
25 11 140 5
26 11 61 6
27 11 1 7
28 11 328 8
29 11 211 9
30 11 207 0
31 11 1 1
32 11 72 2
33 11 136 3
34 11 73 4
35 11 49 5
0 12 99 0
1 12 132 1
2 12 133 2
3 12 75 3
4 12 88 4
5 12 46 5
6 12 102 6
7 12 176 7
8 12 64 8
9 12 164 9
10 12 180 0
11 12 167 1
12 12 116 2
13 12 98 3
14 12 173 4
15 12 68 5
16 12 179 6
17 12 199 7
18 12 1 8
19 12 101 9
20 12 135 0
21 12 152 1
22 12 1 2
23 12 96 3
24 12 115 4
25 12 1 5
26 12 162 6
27 12 116 7
28 12 146 8
29 12 84 9
30 12 152 0
31 12 191 1
32 12 84 2
33 12 117 3
34 12 97 4
35 12 72 5
0 13 79 0
1 13 128 1
2 13 152 2
3 13 101 3
4 13 49 4
5 13 121 5
6 13 84 6
7 13 1 7
8 13 98 8
9 13 119 9
10 13 47 0
11 13 154 1
12 13 144 2
13 13 92 3
14 13 184 4
15 13 68 5
16 13 95 6
17 13 178 7
18 13 1 8
19 13 154 9
20 13 121 0
21 13 125 1
22 13 145 2
23 13 62 3
24 13 134 4
25 13 64 5
26 13 123 6
27 13 147 7
28 13 179 8
29 13 138 9
30 13 126 0
31 13 101 1
32 13 122 2
33 13 67 3
34 13 119 4
35 13 180 5
0 14 67 0
1 14 68 1
2 14 146 2
3 14 164 3
4 14 1 4
5 14 110 5
6 14 144 6
7 14 165 7
8 14 42 8
9 14 142 9
10 14 128 0
11 14 1 1
12 14 129 2
13 14 245 3
14 14 268 4
15 14 230 5
16 14 162 6
17 14 63 7
18 14 52 8
19 14 147 9
20 14 64 0
21 14 85 1
22 14 44 2
23 14 142 3
24 14 1 4
25 14 123 5
26 14 109 6
27 14 1 7
28 14 49 8
29 14 1 9
30 14 160 0
31 14 88 1
32 14 99 2
33 14 164 3
34 14 68 4
35 14 175 5
0 15 64 0
1 15 144 1
2 15 1 2
3 15 66 3
4 15 125 4
5 15 57 5
6 15 122 6
7 15 131 7
8 15 137 8
9 15 41 9
10 15 108 0
11 15 82 1
12 15 100 2
13 15 207 3
14 15 64 4
15 15 185 5
16 15 52 6
17 15 76 7
18 15 78 8
19 15 85 9
20 15 140 0
21 15 87 1
22 15 102 2
23 15 65 3
24 15 74 4
25 15 91 5
26 15 62 6
27 15 183 7
28 15 187 8
29 15 148 9
30 15 67 0
31 15 76 1
32 15 40 2
33 15 166 3
34 15 47 4
35 15 167 5
0 16 1 0
1 16 62 1
2 16 150 2
3 16 149 3
4 16 138 4
5 16 55 5
6 16 1 6
7 16 176 7
8 16 62 8
9 16 52 9
10 16 158 0
11 16 169 1
12 16 116 2
13 16 83 3
14 16 172 4
15 16 1 5
16 16 48 6
17 16 91 7
18 16 95 8
19 16 92 9
20 16 1 0
21 16 65 1
22 16 124 2
23 16 173 3
24 16 84 4
25 16 172 5
26 16 173 6
27 16 164 7
28 16 105 8
29 16 170 9
30 16 43 0
31 16 94 1
32 16 84 2
33 16 163 3
34 16 82 4
35 16 99 5
0 17 153 0
1 17 146 1
2 17 48 2
3 17 70 3
4 17 62 4
5 17 102 5
6 17 1 6
7 17 145 7
8 17 147 8
9 17 43 9
10 17 136 0
11 17 170 1
12 17 46 2
13 17 56 3
14 17 107 4
15 17 137 5
16 17 151 6
17 17 174 7
18 17 130 8
19 17 88 9
20 17 87 0
21 17 88 1
22 17 177 2
23 17 81 3
24 17 106 4
25 17 107 5
26 17 135 6
27 17 92 7
28 17 132 8
29 17 82 9
30 17 144 0
31 17 79 1
32 17 43 2
33 17 140 3
34 17 75 4
35 17 156 5
0 18 133 0
1 18 72 1
2 18 112 2
3 18 90 3
4 18 100 4
5 18 163 5
6 18 95 6
7 18 158 7
8 18 94 8
9 18 89 9
10 18 167 0
11 18 172 1
12 18 175 2
13 18 103 3
14 18 64 4
15 18 50 5
16 18 1 6
17 18 1 7
18 18 98 8
19 18 69 9
20 18 119 0
21 18 148 1
22 18 68 2
23 18 77 3
24 18 48 4
25 18 108 5
26 18 90 6
27 18 56 7
28 18 118 8
29 18 79 9
30 18 129 0
31 18 170 1
32 18 153 2
33 18 131 3
34 18 81 4
35 18 1 5
0 19 143 0
1 19 115 1
2 19 174 2
3 19 124 3
4 19 128 4
5 19 96 5
6 19 67 6
7 19 88 7
8 19 113 8
9 19 114 9
10 19 59 0
11 19 179 1
12 19 78 2
13 19 182 3
14 19 46 4
15 19 67 5
16 19 123 6
17 19 102 7
18 19 173 8
19 19 143 9
20 19 136 0
21 19 115 1
22 19 122 2
23 19 71 3
24 19 92 4
25 19 146 5
26 19 80 6
27 19 162 7
28 19 145 8
29 19 54 9
30 19 79 0
31 19 42 1
32 19 177 2
33 19 52 3
34 19 143 4
35 19 105 5
0 20 130 0
1 20 115 1
2 20 116 2
3 20 139 3
4 20 62 4
5 20 80 5
6 20 43 6
7 20 108 7
8 20 177 8
9 20 108 9
10 20 162 0
11 20 119 1
12 20 129 2
13 20 124 3
14 20 59 4
15 20 51 5
16 20 82 6
17 20 155 7
18 20 141 8
19 20 105 9
20 20 54 0
21 20 101 1
22 20 105 2
23 20 107 3
24 20 40 4
25 20 79 5
26 20 48 6
27 20 126 7
28 20 62 8
29 20 45 9
30 20 1 0
31 20 89 1
32 20 76 2
33 20 50 3
34 20 79 4
35 20 153 5
0 21 122 0
1 21 67 1
2 21 158 2
3 21 95 3
4 21 53 4
5 21 103 5
6 21 112 6
7 21 75 7
8 21 154 8
9 21 143 9
10 21 63 0
11 21 63 1
12 21 138 2
13 21 160 3
14 21 59 4
15 21 134 5
16 21 121 6
17 21 131 7
18 21 118 8
19 21 81 9
20 21 79 0
21 21 99 1
22 21 175 2
23 21 156 3
24 21 98 4
25 21 147 5
26 21 142 6
27 21 131 7
28 21 127 8
29 21 70 9
30 21 170 0
31 21 173 1
32 21 135 2
33 21 1 3
34 21 127 4
35 21 41 5
0 22 147 0
1 22 92 1
2 22 152 2
3 22 154 3
4 22 1 4
5 22 158 5
6 22 91 6
7 22 92 7
8 22 61 8
9 22 1 9
10 22 119 0
11 22 151 1
12 22 155 2
13 22 82 3
14 22 92 4
15 22 1 5
16 22 1 6
17 22 112 7
18 22 124 8
19 22 53 9
20 22 125 0
21 22 94 1
22 22 69 2
23 22 92 3
24 22 83 4
25 22 70 5
26 22 143 6
27 22 44 7
28 22 41 8
29 22 172 9
30 22 126 0
31 22 55 1
32 22 149 2
33 22 68 3
34 22 179 4
35 22 125 5
0 23 141 0
1 23 40 1
2 23 156 2
3 23 49 3
4 23 108 4
5 23 79 5
6 23 124 6
7 23 122 7
8 23 103 8
9 23 137 9
10 23 133 0
11 23 144 1
12 23 45 2
13 23 61 3
14 23 43 4
15 23 56 5
16 23 52 6
17 23 172 7
18 23 163 8
19 23 73 9
20 23 130 0
21 23 87 1
22 23 159 2
23 23 1 3
24 23 70 4
25 23 70 5
26 23 141 6
27 23 44 7
28 23 171 8
29 23 101 9
30 23 56 0
31 23 1 1
32 23 91 2
33 23 1 3
34 23 127 4
35 23 150 5
1 12 9 162 42 5 12 22 16
2 17 11 46 33 1 9 17 13
3 9 11 50 32 1 7 14 12
4 21 5 219 32 11 7 22 13
5 28 1 154 48 6 10 22 18
6 18 8 60 39 10 6 23 14
7 14 7 31 32 9 10 19 18
8 16 6 31 111 17 11 30 17
9 23 16 22 36 11 4 25 8
10 0 10 69 31 7 11 20 16
11 33 8 194 60 9 10 19 17
12 21 14 216 108 22 8 33 14
13 1 17 14 60 12 8 22 12
14 32 7 38 39 20 16 35 21
15 11 16 170 36 8 7 25 13
16 33 11 20 46 21 8 35 13
17 21 11 14 42 9 3 22 8
18 22 17 192 52 18 12 33 18
19 18 11 201 34 9 8 24 12
20 1 1 166 31 12 6 21 14
21 30 13 36 36 9 9 19 18
22 10 12 65 48 20 6 35 15
23 23 7 191 35 22 8 33 13
24 6 20 20 34 5 9 22 19
25 20 1 34 34 17 12 31 18
26 14 14 30 31 22 6 34 15
27 21 2 16 32 8 12 19 16
28 29 10 217 43 20 9 35 13
29 12 9 217 40 14 1 28 5
30 12 16 195 38 9 7 24 13
31 9 11 16 32 13 1 28 5
32 10 10 40 39 21 8 35 14
33 35 3 33 34 11 5 23 15
34 20 5 159 42 22 7 33 14
35 17 8 52 41 6 11 22 17
36 8 23 146 31 9 10 26 14
37 19 8 46 74 6 9 21 18
38 0 22 6 49 18 7 35 14
39 30 14 62 81 12 5 22 15
40 15 10 194 62 15 5 31 9
41 15 18 43 30 6 11 20 16
42 2 13 183 71 3 11 19 17
43 31 4 1 45 19 14 32 19
44 34 12 36 39 10 5 23 14
45 24 6 68 31 8 11 20 16
46 24 6 15 41 18 8 35 14
47 14 13 59 62 8 12 20 16
48 25 10 16 62 5 11 22 16
49 17 13 71 32 7 9 21 18
50 13 12 24 30 14 4 30 8
51 10 7 29 32 9 7 24 13
52 24 11 58 177 9 5 25 15
53 10 16 35 32 12 17 27 22
54 13 12 18 32 9 12 18 16
55 1 4 19 50 12 5 21 14
56 1 10 24 41 19 13 33 18
57 21 6 198 32 0 9 16 15
58 28 6 52 39 2 5 15 11
59 23 7 38 34 10 14 27 18
60 27 16 3 40 8 11 20 17
61 15 13 212 46 10 7 23 12
62 14 23 218 34 7 12 20 16
63 30 3 22 40 11 5 22 14
64 33 0 41 69 21 6 34 16
65 23 21 11 35 23 6 33 15
66 29 10 71 41 23 9 32 13
67 19 14 59 34 10 5 24 15
68 9 18 50 70 17 12 34 17
69 33 9 69 33 11 7 23 12
70 28 6 72 34 1 5 16 10
71 5 19 42 32 3 13 20 18
72 25 10 12 260 11 11 25 16
73 16 17 48 32 7 11 20 16
74 6 6 43 195 9 11 18 16
75 8 2 45 41 11 5 23 14
76 19 19 6 56 18 7 35 15
77 30 7 219 32 16 6 33 12
78 27 9 0 39 9 10 19 18
79 15 5 0 52 6 9 21 19
80 34 19 21 31 12 8 21 12
81 26 16 42 35 23 6 33 15
82 25 13 175 33 8 10 19 18
83 17 8 36 30 22 8 33 13
84 0 13 1 46 12 6 21 14
85 16 12 50 51 6 11 21 17
86 35 16 11 49 9 12 19 16
87 7 3 4 35 9 6 25 14
88 21 18 0 38 21 7 34 14
89 15 13 12 41 6 12 22 16
90 33 16 32 34 22 8 33 13
91 28 4 36 169 6 11 21 16
92 25 15 153 50 11 6 22 13
93 30 13 208 47 1 7 18 13
94 13 23 37 32 12 8 21 12
95 24 7 29 49 22 6 35 12
96 28 13 32 32 6 12 21 16
97 33 13 151 30 22 8 33 13
98 25 6 5 41 10 6 24 14
99 22 7 203 42 8 10 19 18
100 28 6 27 76 21 8 34 13
101 15 12 69 34 22 9 34 13
102 21 6 72 64 2 15 16 20
103 2 22 45 34 21 6 35 15
104 28 20 65 102 21 9 34 13
105 26 16 1 31 8 12 22 18
106 21 5 53 41 9 5 25 15
107 33 11 6 53 7 11 20 16
108 28 6 9 32 16 8 32 12
109 9 14 70 52 9 7 24 12
110 17 13 7 43 11 6 24 11
111 31 5 70 51 10 5 23 14
112 17 10 28 42 18 8 35 14
113 10 10 7 51 9 9 19 18
114 18 9 205 231 11 8 23 12
115 15 18 220 33 9 18 23 22
116 8 15 186 52 11 6 23 14
117 4 20 149 36 23 9 33 13
118 34 23 32 30 8 10 20 18
119 5 2 43 43 11 7 22 13
120 25 11 202 40 12 6 22 14
121 32 15 3 174 4 9 17 13
122 22 5 73 33 11 5 22 15
123 22 15 58 30 8 5 25 14
124 6 1 0 65 17 3 32 9
125 13 6 190 44 7 10 21 18
126 15 15 54 39 9 7 25 12
127 25 8 65 54 22 6 34 16
128 13 12 61 33 16 13 30 18
129 26 4 47 30 9 8 25 12
130 2 4 52 33 6 9 21 18
131 21 12 163 155 18 9 35 13
132 26 16 31 38 9 6 24 13
133 15 18 29 40 23 8 33 13
134 24 6 25 41 11 5 23 15
135 10 12 48 73 13 10 30 14
136 10 18 213 105 23 7 33 14
137 6 10 5 31 19 11 32 16
138 1 4 197 45 5 6 20 10
139 21 1 18 41 12 8 21 12
140 6 14 66 44 22 6 33 16
141 19 12 211 34 20 8 35 13
142 16 1 174 57 8 13 25 18
143 17 15 55 30 22 6 34 16
144 3 1 70 51 10 5 24 14
145 29 22 219 35 15 3 29 7
146 17 14 11 31 15 12 32 17
147 19 15 30 64 5 9 22 18
148 16 17 37 38 19 10 33 14
149 24 15 34 35 19 9 35 13
150 19 7 8 36 11 8 22 12
151 25 14 53 85 9 5 24 14
152 15 11 55 73 10 7 24 12
153 13 16 57 38 18 8 35 14
154 10 19 43 76 9 9 19 18
155 13 15 45 58 18 6 33 11
156 21 7 157 41 11 6 22 14
157 18 10 24 35 12 8 22 12
158 33 10 53 90 10 6 24 14
159 22 4 40 35 11 8 22 12
160 17 14 26 48 19 16 35 21
161 17 11 1 33 18 3 33 8
162 21 9 43 34 11 8 27 12
163 18 14 70 36 12 7 22 12
164 0 21 33 41 9 11 18 16
165 7 15 217 38 9 9 18 18
166 15 10 192 63 7 11 21 16
167 32 9 26 32 15 18 29 23
168 15 13 8 49 10 0 25 5
169 32 14 177 37 9 7 25 12
170 14 13 56 34 22 9 33 13
171 10 10 23 44 20 7 35 14
172 20 4 24 169 3 1 16 7
173 20 14 215 42 9 5 25 15
174 32 13 172 35 23 6 33 16
175 26 8 3 70 8 15 22 19
176 13 12 53 51 12 7 22 12
177 0 6 25 35 9 11 18 17
178 22 5 209 43 9 5 25 14
179 28 8 2 40 10 7 24 12
180 30 16 54 31 11 6 22 13
181 24 23 218 48 21 6 34 16
182 18 4 72 146 7 9 20 19
183 16 18 32 32 0 1 17 5
184 22 9 23 260 7 10 21 17
185 21 7 171 35 14 16 27 21
186 21 12 201 44 23 7 32 14
187 20 2 35 63 0 16 17 20
188 21 11 25 98 5 11 22 16
189 30 1 71 176 11 2 24 7
190 24 19 66 57 9 16 23 21
191 23 4 39 31 7 11 20 16
192 14 6 25 44 9 9 19 18
193 32 12 198 44 13 8 27 14
194 26 13 60 97 19 6 35 16
195 1 2 158 33 12 5 21 14
196 0 16 49 48 7 8 21 14
197 12 17 26 30 3 14 18 20
198 23 15 44 66 8 5 25 15
199 17 7 53 32 18 7 32 11
200 13 10 67 33 10 8 23 12
201 28 16 72 34 7 11 21 17
202 31 6 54 34 11 6 23 14
203 19 10 69 34 9 11 18 16
204 25 6 7 78 10 6 24 14
205 11 16 5 133 7 10 20 17
206 35 14 205 45 19 6 35 15
207 24 8 17 54 11 5 23 14
208 14 12 52 32 6 4 20 9
209 21 15 26 37 14 5 29 9
210 18 19 9 40 9 7 24 12
211 12 9 169 186 23 9 32 13
212 12 9 205 46 0 0 15 6
213 21 4 49 52 22 7 33 14
214 15 9 198 37 9 10 18 17
215 12 2 41 54 21 6 34 15
216 18 21 31 158 19 6 34 10
217 0 0 68 36 9 5 25 15
218 15 12 29 31 7 10 21 17
219 17 18 39 39 7 12 20 16
220 12 5 9 40 10 6 24 13
221 19 12 164 33 22 8 34 13
222 31 15 51 79 7 14 23 19
223 31 16 50 238 6 10 22 18
224 7 22 6 44 22 7 34 15
225 9 15 172 55 11 19 27 23
226 24 1 202 31 12 8 21 12
227 31 11 54 43 14 8 27 14
228 26 21 1 32 2 4 15 8
229 4 2 65 35 9 17 24 23
230 22 15 209 38 19 8 35 14
231 27 13 68 60 11 6 22 13
232 15 13 0 54 22 6 33 15
233 7 23 3 55 9 5 25 15
234 21 6 8 47 7 9 20 19
235 6 14 209 46 9 11 18 17
236 30 21 16 33 18 8 35 13
237 32 18 58 130 6 10 21 18
238 16 19 4 41 11 7 23 12
239 17 1 190 31 8 10 19 17
240 21 8 51 260 14 8 31 12
241 21 12 24 42 11 7 22 13
242 24 10 186 36 8 17 24 22
243 18 15 69 95 9 6 24 13
244 8 22 51 45 7 11 20 16
245 15 15 42 36 22 7 33 14
246 22 23 20 56 8 7 25 13
247 13 14 49 63 9 10 19 18
248 14 12 62 34 22 16 35 20
249 6 23 18 87 9 5 25 14
250 2 14 49 46 23 7 33 15
251 33 11 193 47 9 11 19 16
252 18 11 40 71 7 10 20 18
253 28 13 59 40 6 10 21 18
254 16 15 13 39 12 8 21 12
255 19 23 38 51 10 8 24 12
256 21 12 73 57 18 10 35 15
257 16 16 19 33 22 8 33 13
258 33 13 68 39 23 8 32 14
259 32 6 163 35 6 10 22 17
260 24 8 43 36 8 6 25 14
261 24 17 58 33 8 3 23 9
262 18 19 213 32 23 7 33 15
263 21 7 24 36 8 11 24 15
264 19 14 166 40 23 9 33 13
265 14 19 31 45 7 11 20 16
266 19 11 192 51 18 13 32 19
267 25 14 147 69 11 13 27 17
268 29 7 8 36 11 8 22 12
269 16 10 30 51 22 7 34 15
270 22 14 25 52 12 6 21 13
271 24 14 38 42 12 6 22 13
272 14 13 27 116 8 10 20 17
273 18 10 66 46 8 19 25 23
274 4 7 7 30 8 11 19 16
275 13 12 73 30 19 9 35 13
276 28 12 56 54 18 9 35 13
277 28 17 218 35 3 13 17 18
278 34 23 28 62 9 9 19 19
279 14 7 157 54 8 2 22 7
280 32 15 60 82 5 9 22 18
281 23 10 3 42 6 9 22 18
282 26 13 5 37 5 10 22 17
283 6 17 29 76 10 6 23 13
284 16 18 19 130 23 8 33 13
285 15 18 191 77 21 7 34 15
286 31 19 195 36 23 8 33 14
287 33 9 15 37 9 9 18 18
288 15 18 56 69 7 9 20 18
289 23 9 40 48 9 8 22 13
290 1 11 48 34 18 18 34 22
291 10 18 206 61 10 7 23 12
292 11 1 36 54 7 16 20 20
293 18 7 187 35 20 7 35 15
294 16 1 216 41 10 7 24 13
295 29 16 167 35 5 10 22 18
296 19 16 54 39 6 12 22 16
297 6 10 53 38 22 6 34 16
298 17 23 35 65 8 5 25 15
299 23 15 28 65 6 10 21 17
300 11 5 22 60 22 9 33 13
301 33 9 50 64 23 8 32 13
302 25 17 23 54 22 7 34 15
303 6 20 209 260 5 11 22 16
304 16 8 167 31 8 12 19 16
305 24 3 185 116 7 10 20 18
306 8 9 189 31 3 1 20 6
307 29 10 2 36 18 6 35 16
308 18 15 46 36 13 17 30 23
309 26 7 50 33 21 8 35 13
310 32 9 210 31 22 6 33 16
311 22 8 14 60 9 6 25 13
312 24 16 73 34 7 12 21 16
313 7 23 42 48 8 5 25 15
314 4 17 20 57 10 5 24 15
315 23 14 162 31 7 2 23 7
316 16 8 170 109 19 9 35 13
317 19 23 155 44 8 12 20 16
318 32 23 176 32 11 6 23 13
319 3 0 208 48 8 9 20 19
320 16 12 25 38 6 9 22 19
321 8 5 55 53 11 6 22 13
322 10 9 56 55 11 7 23 13
323 13 10 27 70 11 11 25 17
324 27 15 219 39 22 6 33 16
325 32 22 204 41 11 9 26 13
326 25 8 201 38 7 10 20 17
327 30 0 1 32 18 7 35 14
328 18 21 206 52 21 7 35 15
329 20 7 1 110 10 2 25 8
330 15 15 24 66 12 6 21 13
331 32 12 65 32 6 10 21 18
332 30 6 71 73 23 7 32 15
333 8 0 50 43 21 8 34 13
334 30 14 35 128 6 12 22 16
335 35 9 1 31 21 8 34 14
336 30 20 41 66 9 7 25 13
337 14 9 49 33 12 5 22 15
338 25 7 14 34 8 10 20 18
339 16 9 166 56 12 5 21 14
340 28 10 215 48 4 5 19 10
341 16 6 27 67 5 9 22 18
342 26 6 66 91 18 8 35 14
343 0 13 8 36 9 10 18 17
344 32 12 14 30 20 8 35 13
345 11 22 67 123 21 7 35 14
346 14 14 0 30 2 5 15 11
347 19 2 10 97 11 8 22 12
348 14 15 219 40 12 6 22 14
349 25 10 177 54 9 5 25 15
350 20 5 71 38 9 5 24 15
351 5 18 35 32 11 5 23 14
352 25 6 32 62 21 6 35 15
353 28 9 184 88 6 9 22 18
354 16 10 72 56 18 6 35 16
355 13 11 2 123 21 18 34 23
356 34 13 23 73 9 5 24 14
357 33 2 191 47 9 11 18 16
358 17 12 198 33 17 9 32 15
359 19 15 2 31 22 9 33 13
360 25 2 55 37 19 13 32 17
361 19 10 63 34 18 8 35 13
362 15 12 177 42 21 8 35 13
363 13 13 50 67 0 1 17 6
364 32 17 12 36 9 8 25 12
365 6 13 180 32 20 6 35 16
366 3 14 54 39 10 5 23 14
367 18 7 44 30 2 15 16 20
368 12 19 47 47 5 0 22 4
369 29 10 26 36 1 13 14 17
370 12 14 21 32 4 15 17 20
371 31 16 57 71 22 7 33 15
372 19 11 61 34 9 5 25 15
373 31 1 1 108 19 7 35 15
374 17 11 159 45 12 7 22 12
375 29 3 31 96 11 5 22 15
376 16 12 11 34 17 18 31 23
377 8 17 32 38 11 7 28 12
378 13 23 49 54 22 8 34 14
379 10 23 26 31 22 7 34 14
380 20 3 34 42 10 8 23 12
381 26 15 158 40 9 18 25 22
382 29 8 42 37 7 11 20 16
383 20 20 19 44 9 5 24 15
384 27 11 24 42 21 8 35 13
385 16 13 176 42 5 9 22 18
386 24 13 186 31 12 10 26 15
387 2 1 154 38 12 5 22 14
388 25 15 176 71 8 10 19 18
389 16 19 68 31 10 16 27 21
390 19 19 170 32 7 10 20 17
391 16 14 201 33 10 5 23 14
392 12 15 218 42 8 10 20 18
393 12 12 204 54 0 16 15 20
394 14 10 50 32 2 10 19 14
395 4 7 216 115 22 6 34 15
396 32 13 163 43 23 7 32 14
397 0 2 43 34 3 17 20 22
398 16 6 173 52 5 10 18 14
399 27 11 42 60 1 0 17 4
400 29 2 72 37 1 15 18 20
401 18 11 59 35 17 6 32 11
402 11 16 16 37 16 14 32 19
403 32 11 193 41 11 13 27 18
404 19 6 51 35 11 10 27 15
405 11 13 11 31 7 14 24 18
406 0 4 9 43 4 18 20 23
407 10 6 9 31 15 10 29 15
408 26 8 208 51 5 11 22 16
409 8 3 41 51 7 11 20 15
410 24 9 45 50 23 6 32 16
411 10 13 18 30 11 7 23 13
412 26 15 64 33 7 9 21 18
413 21 6 17 32 14 17 27 21
414 12 6 49 36 21 8 34 14
415 14 0 186 34 9 5 25 15
416 3 4 10 68 8 3 22 9
417 17 12 170 43 22 7 35 12
418 14 19 20 75 19 8 35 14
419 15 15 186 47 23 7 32 15
420 20 9 38 52 20 8 35 13
421 29 6 4 38 21 6 35 15
422 7 4 20 53 9 15 26 21
423 6 14 220 69 5 15 22 21
424 14 19 5 35 11 13 27 18
425 15 7 69 53 23 8 32 14
426 10 8 155 53 6 3 20 8
427 6 16 63 56 21 7 35 15
428 17 21 17 42 8 8 25 12
429 18 23 62 42 8 16 23 21
430 34 21 21 41 9 7 25 12
431 15 15 6 55 7 9 21 18
432 29 13 9 40 10 18 24 22
433 15 12 61 65 20 9 35 13
434 15 18 39 78 19 14 34 19
435 13 16 161 35 23 8 32 14
436 29 15 185 49 9 7 25 13
437 21 6 42 54 18 6 35 16
438 2 11 184 34 21 6 35 15
439 16 13 48 56 16 5 32 9
440 15 10 49 35 4 5 19 11
441 10 10 58 47 21 7 35 14
442 29 11 61 38 18 9 35 13
443 15 8 179 90 8 10 19 18
444 28 11 183 57 21 8 35 14
445 35 2 17 32 5 17 20 21
446 28 15 61 30 9 10 19 17
447 28 23 54 51 12 7 22 12
448 27 16 197 35 18 7 31 13
449 18 8 2 31 23 8 32 14
450 32 5 33 55 20 6 35 16
451 7 5 196 34 10 7 23 12
452 17 19 51 31 7 11 20 17
453 9 15 15 43 7 12 21 16
454 2 17 72 50 13 4 29 9
455 6 7 25 33 7 9 20 19
456 12 17 68 32 1 12 15 16
457 15 0 8 46 8 10 19 17
458 10 19 60 38 8 10 19 17
459 23 14 10 41 23 7 32 15
460 19 15 30 38 21 6 34 16
461 19 14 0 35 6 17 23 21
462 12 11 73 37 9 9 19 19
463 17 9 189 40 8 11 19 17
464 23 12 69 40 10 11 25 16
465 17 17 23 50 8 7 25 12
466 29 11 215 56 0 6 17 10
467 5 7 201 37 12 5 22 15
468 24 10 23 37 1 0 17 5
469 7 1 71 34 20 8 35 14
470 21 20 215 49 14 2 27 6
471 22 14 154 31 8 5 21 10
472 17 9 7 31 18 0 33 5
473 17 7 217 33 11 18 26 23
474 22 13 47 260 5 9 22 19
475 10 19 52 40 11 6 22 14
476 19 10 44 32 13 0 26 6
477 27 14 198 39 6 3 21 7
478 24 7 158 35 8 9 19 19
479 27 9 150 41 9 5 25 15
480 18 23 68 59 7 11 20 16
481 21 9 201 32 11 6 22 14
482 13 6 207 68 9 7 25 13
483 31 12 30 39 7 12 21 16
484 29 16 19 35 21 16 35 22
485 12 5 59 32 18 7 35 15
486 8 1 196 61 18 8 35 14
487 33 14 0 44 21 8 35 14
488 8 17 13 52 7 6 21 11
489 13 17 188 38 5 17 20 22
490 31 0 43 33 18 7 35 15
491 9 1 167 83 9 14 24 20
492 27 21 59 56 9 7 25 13
493 25 16 188 48 8 13 25 19
494 13 21 25 128 19 14 32 19
495 13 0 153 33 12 6 22 13
496 34 0 170 79 9 5 24 15
497 3 17 24 52 8 10 19 18
498 18 15 6 40 0 11 17 15
499 27 16 70 53 1 2 18 6
500 11 18 181 38 9 7 25 13
501 18 12 13 130 7 10 20 18
502 18 8 26 56 6 9 21 19
503 14 16 29 35 6 10 21 17
504 27 10 45 33 8 4 24 10
505 30 16 59 34 8 11 20 16
506 15 5 205 37 3 16 16 21
507 21 8 0 44 22 6 34 15
508 31 1 73 118 12 5 21 14
509 10 13 24 31 19 6 35 16
510 12 7 186 30 21 8 34 14
511 24 1 6 35 8 10 19 17
512 25 10 205 52 22 3 35 8
513 26 7 6 52 12 0 29 6
514 14 10 210 34 22 7 33 14
515 15 15 174 35 22 7 34 14
516 28 10 220 74 21 9 34 13
517 11 17 163 31 6 12 22 16
518 12 14 40 38 16 16 32 20
519 2 20 45 54 7 11 20 16
520 31 12 212 59 11 6 22 14
