24 24 360 200
0 0 114 0
1 0 117 1
2 0 166 2
3 0 159 3
4 0 145 4
5 0 212 5
6 0 141 6
7 0 85 7
8 0 121 8
9 0 92 9
10 0 102 0
11 0 187 1
12 0 233 2
13 0 139 3
14 0 191 4
15 0 123 5
16 0 86 6
17 0 197 7
18 0 180 8
19 0 175 9
20 0 90 0
21 0 1 1
22 0 125 2
23 0 211 3
0 1 80 2
1 1 225 3
2 1 179 4
3 1 204 5
4 1 119 6
5 1 218 7
6 1 148 8
7 1 201 9
8 1 198 0
9 1 228 1
10 1 233 2
11 1 157 3
12 1 177 4
13 1 167 5
14 1 1 6
15 1 223 7
16 1 97 8
17 1 101 9
18 1 210 0
19 1 92 1
20 1 157 2
21 1 164 3
22 1 237 4
23 1 230 5
0 2 125 4
1 2 100 5
2 2 63 6
3 2 80 7
4 2 143 8
5 2 209 9
6 2 108 0
7 2 201 1
8 2 101 2
9 2 226 3
10 2 117 4
11 2 138 5
12 2 206 6
13 2 1 7
14 2 187 8
15 2 124 9
16 2 73 0
17 2 144 1
18 2 196 2
19 2 88 3
20 2 155 4
21 2 126 5
22 2 84 6
23 2 184 7
0 3 194 6
1 3 240 7
2 3 224 8
3 3 146 9
4 3 155 0
5 3 150 1
6 3 227 2
7 3 139 3
8 3 121 4
9 3 106 5
10 3 224 6
11 3 162 7
12 3 113 8
13 3 86 9
14 3 125 0
15 3 106 1
16 3 121 2
17 3 124 3
18 3 108 4
19 3 170 5
20 3 207 6
21 3 127 7
22 3 118 8
23 3 185 9
0 4 149 8
1 4 240 9
2 4 209 0
3 4 155 1
4 4 119 2
5 4 148 3
6 4 240 4
7 4 162 5
8 4 197 6
9 4 104 7
10 4 214 8
11 4 111 9
12 4 83 0
13 4 193 1
14 4 155 2
15 4 207 3
16 4 96 4
17 4 222 5
18 4 239 6
19 4 101 7
20 4 226 8
21 4 99 9
22 4 217 0
23 4 238 1
0 5 96 0
1 5 64 1
2 5 170 2
3 5 186 3
4 5 91 4
5 5 145 5
6 5 165 6
7 5 165 7
8 5 207 8
9 5 87 9
10 5 123 0
11 5 101 1
12 5 75 2
13 5 85 3
14 5 178 4
15 5 116 5
16 5 191 6
17 5 110 7
18 5 164 8
19 5 157 9
20 5 185 0
21 5 172 1
22 5 1 2
23 5 66 3
0 6 153 2
1 6 161 3
2 6 103 4
3 6 74 5
4 6 183 6
5 6 188 7
6 6 152 8
7 6 234 9
8 6 61 0
9 6 106 1
10 6 244 2
11 6 70 3
12 6 132 4
13 6 192 5
14 6 111 6
15 6 162 7
16 6 202 8
17 6 210 9
18 6 1 0
19 6 246 1
20 6 71 2
21 6 145 3
22 6 84 4
23 6 216 5
0 7 219 4
1 7 1 5
2 7 226 6
3 7 77 7
4 7 190 8
5 7 186 9
6 7 225 0
7 7 112 1
8 7 118 2
9 7 243 3
10 7 209 4
11 7 103 5
12 7 1 6
13 7 146 7
14 7 139 8
15 7 160 9
16 7 235 0
17 7 130 1
18 7 91 2
19 7 283 3
20 7 210 4
21 7 109 5
22 7 235 6
23 7 228 7
0 8 202 6
1 8 172 7
2 8 197 8
3 8 188 9
4 8 1 0
5 8 93 1
6 8 198 2
7 8 231 3
8 8 133 4
9 8 241 5
10 8 261 6
11 8 76 7
12 8 161 8
13 8 228 9
14 8 150 0
15 8 157 1
16 8 142 2
17 8 214 3
18 8 183 4
19 8 227 5
20 8 340 6
21 8 87 7
22 8 188 8
23 8 210 9
0 9 1 8
1 9 157 9
2 9 88 0
3 9 106 1
4 9 226 2
5 9 150 3
6 9 75 4
7 9 230 5
8 9 277 6
9 9 210 7
10 9 223 8
11 9 166 9
12 9 238 0
13 9 71 1
14 9 191 2
15 9 191 3
16 9 186 4
17 9 113 5
18 9 117 6
19 9 205 7
20 9 245 8
21 9 1 9
22 9 201 0
23 9 196 1
0 10 133 0
1 10 265 1
2 10 99 2
3 10 143 3
4 10 226 4
5 10 149 5
6 10 131 6
7 10 145 7
8 10 192 8
9 10 383 9
10 10 113 0
11 10 78 1
12 10 234 2
13 10 227 3
14 10 231 4
15 10 1 5
16 10 176 6
17 10 159 7
18 10 200 8
19 10 272 9
20 10 140 0
21 10 265 1
22 10 165 2
23 10 177 3
0 11 89 2
1 11 369 3
2 11 212 4
3 11 228 5
4 11 236 6
5 11 214 7
6 11 207 8
7 11 133 9
8 11 184 0
9 11 158 1
10 11 397 2
11 11 289 3
12 11 222 4
13 11 138 5
14 11 176 6
15 11 115 7
16 11 236 8
17 11 175 9
18 11 124 0
19 11 114 1
20 11 84 2
21 11 173 3
22 11 183 4
23 11 86 5
0 12 271 4
1 12 542 5
2 12 317 6
3 12 276 7
4 12 205 8
5 12 259 9
6 12 126 0
7 12 182 1
8 12 286 2
9 12 222 3
10 12 270 4
11 12 88 5
12 12 164 6
13 12 230 7
14 12 129 8
15 12 225 9
16 12 158 0
17 12 134 1
18 12 118 2
19 12 221 3
20 12 1 4
21 12 164 5
22 12 175 6
23 12 117 7
0 13 109 6
1 13 388 7
2 13 132 8
3 13 215 9
4 13 145 0
5 13 208 1
6 13 172 2
7 13 1 3
8 13 1 4
9 13 170 5
10 13 163 6
11 13 192 7
12 13 171 8
13 13 229 9
14 13 231 0
15 13 236 1
16 13 153 2
17 13 174 3
18 13 164 4
19 13 134 5
20 13 124 6
21 13 162 7
22 13 172 8
23 13 99 9
0 14 74 8
1 14 164 9
2 14 75 0
3 14 100 1
4 14 152 2
5 14 102 3
6 14 212 4
7 14 1 5
8 14 167 6
9 14 211 7
10 14 213 8
11 14 188 9
12 14 176 0
13 14 104 1
14 14 161 2
15 14 121 3
16 14 136 4
17 14 210 5
18 14 65 6
19 14 1 7
20 14 90 8
21 14 222 9
22 14 105 0
23 14 89 1
0 15 258 0
1 15 142 1
2 15 82 2
3 15 1 3
4 15 130 4
5 15 217 5
6 15 77 6
7 15 146 7
8 15 216 8
9 15 161 9
10 15 232 0
11 15 62 1
12 15 130 2
13 15 138 3
14 15 99 4
15 15 191 5
16 15 237 6
17 15 230 7
18 15 119 8
19 15 86 9
20 15 93 0
21 15 158 1
22 15 119 2
23 15 74 3
0 16 82 2
1 16 142 3
2 16 136 4
3 16 167 5
4 16 78 6
5 16 83 7
6 16 149 8
7 16 188 9
8 16 61 0
9 16 141 1
10 16 124 2
11 16 71 3
12 16 229 4
13 16 131 5
14 16 140 6
15 16 219 7
16 16 231 8
17 16 216 9
18 16 140 0
19 16 161 1
20 16 224 2
21 16 113 3
22 16 106 4
23 16 87 5
0 17 100 4
1 17 92 5
2 17 233 6
3 17 74 7
4 17 164 8
5 17 102 9
6 17 178 0
7 17 219 1
8 17 171 2
9 17 91 3
10 17 209 4
11 17 118 5
12 17 187 6
13 17 239 7
14 17 93 8
15 17 92 9
16 17 211 0
17 17 208 1
18 17 196 2
19 17 118 3
20 17 224 4
21 17 199 5
22 17 151 6
23 17 221 7
0 18 73 6
1 18 202 7
2 18 208 8
3 18 204 9
4 18 178 0
5 18 1 1
6 18 123 2
7 18 156 3
8 18 94 4
9 18 105 5
10 18 1 6
11 18 201 7
12 18 89 8
13 18 88 9
14 18 65 0
15 18 225 1
16 18 1 2
17 18 1 3
18 18 146 4
19 18 147 5
20 18 128 6
21 18 79 7
22 18 106 8
23 18 153 9
0 19 157 8
1 19 147 9
2 19 221 0
3 19 147 1
4 19 153 2
5 19 233 3
6 19 64 4
7 19 168 5
8 19 223 6
9 19 219 7
10 19 108 8
11 19 133 9
12 19 227 0
13 19 133 1
14 19 166 2
15 19 138 3
16 19 152 4
17 19 80 5
18 19 222 6
19 19 131 7
20 19 137 8
21 19 154 9
22 19 135 0
23 19 104 1
0 20 178 0
1 20 61 1
2 20 190 2
3 20 220 3
4 20 122 4
5 20 131 5
6 20 227 6
7 20 140 7
8 20 1 8
9 20 1 9
10 20 145 0
11 20 145 1
12 20 114 2
13 20 73 3
14 20 145 4
15 20 210 5
16 20 166 6
17 20 118 7
18 20 208 8
19 20 172 9
20 20 141 0
21 20 159 1
22 20 250 2
23 20 135 3
0 21 69 2
1 21 241 3
2 21 197 4
3 21 231 5
4 21 157 6
5 21 208 7
6 21 92 8
7 21 179 9
8 21 122 0
9 21 104 1
10 21 84 2
11 21 1 3
12 21 110 4
13 21 66 5
14 21 231 6
15 21 213 7
16 21 139 8
17 21 94 9
18 21 194 0
19 21 248 1
20 21 318 2
21 21 229 3
22 21 106 4
23 21 220 5
0 22 141 4
1 22 233 5
2 22 179 6
3 22 135 7
4 22 205 8
5 22 72 9
6 22 112 0
7 22 237 1
8 22 198 2
9 22 133 3
10 22 119 4
11 22 1 5
12 22 181 6
13 22 226 7
14 22 181 8
15 22 245 9
16 22 127 0
17 22 235 1
18 22 1 2
19 22 238 3
20 22 189 4
21 22 238 5
22 22 196 6
23 22 184 7
0 23 156 6
1 23 91 7
2 23 123 8
3 23 213 9
4 23 60 0
5 23 95 1
6 23 235 2
7 23 233 3
8 23 229 4
9 23 96 5
10 23 154 6
11 23 100 7
12 23 61 8
13 23 193 9
14 23 88 0
15 23 109 1
16 23 259 2
17 23 246 3
18 23 202 4
19 23 150 5
20 23 320 6
21 23 228 7
22 23 202 8
23 23 245 9
1 1 15 2 29 5 9 10 20
2 0 7 40 89 16 13 20 23
3 22 5 6 125 12 12 20 23
4 0 20 46 209 18 7 22 11
5 6 13 48 146 5 7 13 14
6 20 23 31 176 0 6 7 17
7 9 8 120 213 8 4 15 10
8 21 18 52 199 14 4 23 14
9 13 11 141 100 16 4 23 13
10 23 21 15 81 17 5 22 12
11 11 10 142 46 4 6 14 16
12 21 18 167 129 13 5 23 12
13 20 4 8 29 0 8 6 15
14 23 12 42 216 13 14 23 23
15 8 7 7 142 5 8 12 14
16 12 14 47 181 17 17 21 23
17 9 11 35 149 0 10 9 14
18 18 19 168 157 3 8 14 13
19 19 22 1 101 5 7 13 15
20 2 15 1 83 3 8 7 18
21 20 23 175 160 15 3 23 14
22 22 7 30 74 15 14 23 23
23 23 18 55 75 18 5 22 12
24 21 21 126 110 12 14 19 22
25 15 23 3 220 0 9 11 15
26 10 3 56 149 13 5 23 13
27 13 1 17 91 12 5 23 13
28 7 9 51 201 6 7 16 16
29 21 21 133 179 14 3 23 14
30 19 5 149 73 3 4 14 15
31 5 14 58 144 6 9 11 13
32 11 12 21 185 17 4 23 13
33 0 13 33 114 18 5 22 13
34 0 10 41 207 0 7 9 12
35 22 21 49 215 16 7 23 11
36 19 5 22 52 17 16 21 23
37 1 15 121 69 14 3 23 14
38 10 10 27 153 15 14 23 23
39 23 8 32 26 9 11 13 21
40 0 13 43 122 17 12 21 23
41 23 5 9 170 4 7 14 15
42 21 22 153 38 14 12 23 23
43 17 23 52 73 8 3 19 13
44 21 21 120 188 14 14 23 23
45 21 13 165 219 17 4 23 14
46 23 7 12 169 17 4 22 14
47 16 7 26 219 0 9 10 14
48 23 6 162 190 9 2 17 10
49 23 10 2 38 18 5 22 13
50 20 21 13 155 16 17 21 23
51 23 12 11 36 15 18 22 23
52 7 10 19 134 15 11 19 15
53 8 7 22 117 18 7 22 11
54 0 13 48 101 7 10 15 14
55 15 23 4 48 11 16 18 20
56 14 20 19 37 16 4 23 13
57 17 22 48 103 6 7 12 15
58 6 7 23 214 0 8 5 16
59 20 14 58 131 0 6 9 17
60 18 20 121 93 14 4 23 13
61 0 16 12 163 17 15 22 19
62 1 11 155 92 0 12 10 21
63 9 13 58 32 12 6 23 11
64 7 11 57 132 14 3 23 14
65 12 21 48 191 15 5 23 12
66 20 23 12 145 2 8 9 18
67 7 13 36 29 16 4 23 14
68 2 14 6 155 0 8 4 15
69 15 23 55 104 14 17 23 23
70 0 15 13 201 6 7 12 15
71 12 15 121 152 9 6 19 17
72 6 5 59 83 13 13 18 22
73 11 13 33 218 0 16 8 21
74 23 20 45 82 0 6 7 17
75 6 0 124 94 16 17 22 23
76 15 18 35 47 0 9 7 15
77 9 10 18 203 6 2 13 13
78 11 15 28 195 16 18 22 23
79 16 23 29 46 15 14 23 23
80 23 7 45 128 17 6 22 12
81 16 23 125 34 14 14 23 23
82 5 16 123 140 17 5 22 12
83 0 13 120 188 11 4 19 11
84 5 14 30 133 13 3 23 14
85 0 13 11 81 4 1 9 11
86 4 23 164 168 9 6 20 17
87 3 11 55 203 4 1 11 7
88 13 14 133 139 0 6 8 17
89 12 7 131 57 9 13 19 22
90 16 5 133 57 15 18 23 23
91 16 5 32 166 0 8 4 16
92 0 8 30 128 13 14 23 23
93 5 10 172 33 2 2 9 7
94 20 11 1 167 3 6 8 12
95 18 23 13 74 18 5 22 12
96 7 8 134 99 0 9 11 15
97 0 15 48 161 14 13 23 23
98 18 19 28 198 14 16 23 23
99 20 20 35 132 15 15 22 23
100 22 16 23 204 14 11 20 18
101 5 13 139 188 0 7 9 17
102 1 15 145 117 16 3 23 14
103 15 23 145 83 1 5 9 12
104 3 9 158 208 17 17 21 23
105 11 11 50 179 0 9 5 14
106 5 9 0 198 17 12 22 17
107 20 8 17 91 16 15 22 23
108 23 5 32 213 7 8 11 14
109 2 3 17 49 0 7 7 17
110 14 15 168 93 12 8 18 13
111 22 10 43 135 0 7 7 16
112 19 20 144 52 17 5 23 13
113 23 11 39 82 6 8 11 14
114 18 6 120 211 0 8 4 15
115 17 16 163 73 17 3 23 14
116 15 23 167 220 4 8 12 14
117 23 23 175 43 5 2 11 8
118 16 7 31 167 0 6 11 17
119 17 7 122 74 4 6 13 15
120 10 9 166 27 12 7 23 11
121 15 23 6 136 12 4 19 10
122 16 22 37 122 0 8 11 15
123 23 11 34 151 7 17 15 21
124 18 7 38 157 4 0 15 8
125 13 13 34 142 15 17 23 23
126 16 23 145 182 14 15 23 23
127 22 23 8 126 10 10 16 18
128 17 21 135 192 3 9 14 13
129 11 7 180 83 16 16 21 23
130 16 23 28 214 0 9 9 14
131 5 9 154 190 5 9 12 13
132 23 7 154 41 5 6 12 16
133 4 14 55 173 5 7 12 14
134 22 22 44 75 12 5 23 13
135 11 3 23 95 15 16 22 23
136 17 10 24 214 4 16 13 21
137 21 21 39 182 0 7 10 16
138 10 9 46 195 16 6 23 12
139 18 6 170 80 14 1 22 5
140 8 13 38 32 7 5 11 16
141 8 11 45 94 2 4 9 10
142 16 19 133 213 0 6 11 17
143 0 16 120 149 0 9 6 15
144 23 19 56 115 6 9 12 13
145 8 7 25 48 0 7 6 16
146 23 23 57 135 0 8 7 16
147 11 7 157 146 17 5 22 13
148 13 12 43 87 4 6 14 16
149 20 21 3 197 15 7 23 11
150 20 23 52 97 10 0 14 7
151 0 9 31 149 15 13 23 23
152 8 7 165 107 0 6 7 17
153 11 11 20 28 8 11 12 19
154 5 10 53 113 0 9 8 15
155 0 11 158 190 6 8 11 14
156 4 13 7 128 6 6 11 16
157 23 10 170 102 13 9 18 20
158 1 15 50 59 2 7 9 18
159 7 8 135 182 5 9 13 13
160 2 11 18 56 14 3 23 14
161 16 3 171 68 7 0 14 5
162 0 14 127 75 12 3 18 12
163 5 19 125 197 4 2 11 9
164 21 8 125 167 5 8 13 14
165 2 1 156 213 13 8 21 17
166 21 22 27 182 3 8 14 13
167 17 12 46 94 17 4 22 14
168 23 5 39 43 12 5 23 13
169 0 15 12 34 12 18 23 23
170 21 23 155 101 6 8 11 14
171 15 19 54 182 16 13 21 23
172 23 20 162 206 8 10 19 20
173 18 23 121 216 4 10 15 15
174 3 16 167 74 13 12 23 23
175 7 7 26 55 5 6 13 16
176 5 8 50 124 14 6 23 11
177 17 23 6 36 0 8 5 15
178 12 5 43 199 17 13 22 17
179 19 23 25 40 17 4 23 14
180 6 14 22 179 14 7 23 11
181 19 23 23 98 15 18 23 23
182 18 20 122 120 15 15 21 22
183 1 15 26 145 6 7 12 14
184 15 23 46 86 0 8 8 16
185 1 12 123 105 13 18 23 23
186 1 8 21 64 15 14 22 23
187 13 15 46 167 12 13 23 21
188 10 10 158 196 12 18 23 23
189 13 8 9 25 6 8 12 13
190 15 17 169 135 5 7 12 15
191 17 17 0 183 4 7 13 15
192 22 23 31 90 4 7 14 15
193 9 12 29 171 17 4 22 14
194 5 10 170 135 14 16 23 23
195 17 20 21 106 15 4 23 13
196 0 11 136 123 0 6 7 17
197 9 11 46 52 12 5 23 13
198 5 11 56 139 0 8 5 15
199 6 9 24 71 8 6 12 13
200 6 15 56 32 15 10 19 20
201 5 12 42 84 0 8 10 16
202 23 13 31 107 0 11 9 15
203 20 23 137 121 14 5 23 13
204 19 9 31 182 0 6 7 17
205 0 15 141 177 4 6 14 14
206 0 17 4 210 7 8 11 14
207 13 15 46 72 7 6 18 14
208 12 7 20 193 0 9 6 14
209 7 14 17 160 14 18 23 23
210 3 13 6 143 15 17 23 23
211 14 14 152 98 14 13 23 23
212 22 18 170 48 18 4 22 13
213 12 11 16 64 12 6 23 11
214 8 22 26 77 1 3 9 12
215 0 10 27 156 6 7 12 15
216 20 7 0 56 5 6 13 15
217 20 22 40 127 0 6 4 17
218 7 11 2 196 4 6 13 16
219 21 7 1 121 13 5 23 12
220 21 11 26 199 13 13 23 23
221 10 13 54 187 3 5 14 16
222 16 19 57 83 9 3 14 10
223 18 8 55 137 5 15 14 23
224 17 15 170 87 8 11 15 15
225 3 23 42 55 16 18 21 23
226 6 13 47 156 18 7 22 11
227 15 11 6 159 0 10 11 14
228 19 21 42 99 13 19 23 23
229 7 9 8 108 16 18 22 23
230 19 22 149 177 17 14 21 23
231 1 19 54 122 5 6 12 16
232 5 14 47 180 12 4 23 13
233 17 16 39 177 3 9 14 13
234 18 19 5 36 5 7 13 14
235 12 14 159 110 16 14 22 23
236 19 8 180 190 0 7 8 16
237 0 11 154 200 12 4 23 14
238 22 15 155 36 16 16 22 23
239 7 13 169 157 16 12 22 23
240 5 11 168 56 0 6 6 17
241 17 19 8 168 15 19 23 23
242 7 1 28 98 4 12 15 22
243 8 13 59 47 0 6 9 17
244 18 23 18 47 12 2 17 8
245 15 23 171 97 0 8 6 16
246 19 15 10 30 0 7 8 16
247 23 0 152 151 2 2 10 6
248 21 23 45 215 6 5 14 16
249 21 19 38 121 11 1 20 9
250 12 4 27 209 0 8 5 15
251 0 10 148 101 3 6 14 16
252 0 9 59 173 14 14 23 23
253 5 14 37 47 0 10 6 14
254 21 23 55 56 12 13 22 19
255 10 8 43 61 6 8 11 14
256 17 11 1 33 17 18 21 23
257 13 1 158 27 6 6 11 16
258 19 13 13 74 18 6 22 12
259 9 15 22 219 0 8 10 15
260 17 20 20 40 4 2 15 13
261 17 5 19 76 16 16 21 23
262 15 19 144 49 1 6 8 15
263 8 0 28 148 0 6 8 17
264 23 23 180 165 14 6 22 15
265 22 10 121 29 0 8 4 15
266 3 8 130 65 4 8 13 13
267 23 23 10 168 17 3 23 14
268 0 8 16 48 15 3 23 14
269 6 15 12 206 7 7 11 15
270 16 5 9 186 16 12 22 23
271 10 7 133 207 16 9 23 15
272 5 8 46 176 5 5 13 16
273 18 7 25 145 17 6 23 11
274 22 7 33 155 14 17 23 23
275 12 12 136 53 0 9 11 14
276 0 16 131 161 7 8 11 14
277 15 23 34 77 4 3 8 9
278 12 10 161 26 15 6 23 11
279 0 13 51 41 12 10 18 17
280 13 13 24 173 7 2 18 13
281 16 20 38 66 10 10 18 17
282 10 11 0 172 7 8 11 13
283 22 8 135 219 2 9 10 16
284 13 8 152 35 17 17 21 23
285 12 15 10 106 4 11 12 18
286 22 22 25 209 0 8 9 15
287 13 7 19 110 0 7 11 16
288 23 13 15 176 16 3 23 14
289 3 6 159 84 14 15 21 19
290 13 15 16 206 13 5 23 12
291 16 21 34 75 7 6 11 15
292 0 13 44 184 12 14 23 23
293 1 10 176 200 3 7 14 15
294 4 11 25 185 5 7 13 14
295 22 7 165 61 14 12 22 21
296 19 18 19 203 12 4 23 13
297 17 12 121 89 4 6 14 16
298 18 23 43 54 3 8 14 14
299 18 23 32 186 0 9 4 15
300 23 23 24 164 2 0 12 10
301 13 21 134 94 16 13 22 23
302 16 14 139 86 0 7 7 17
303 22 5 57 73 12 5 23 11
304 23 12 53 85 5 4 12 15
305 3 13 135 120 15 15 22 23
306 7 9 16 59 6 8 16 15
307 15 8 19 47 8 3 19 11
308 10 10 8 117 12 0 16 5
309 11 19 1 79 12 7 23 11
310 0 11 180 99 0 6 8 17
311 0 16 175 185 3 8 14 14
312 23 1 34 84 0 9 4 15
313 6 21 8 110 14 6 23 12
314 20 21 47 145 0 7 9 16
315 0 8 59 117 4 9 13 13
316 3 18 10 182 3 8 14 14
317 1 3 172 73 4 9 14 13
318 3 13 14 117 18 3 22 14
319 0 8 17 89 16 19 22 23
320 6 8 47 173 12 12 23 23
321 18 15 31 138 14 5 23 12
322 18 19 14 158 0 9 8 14
323 21 14 145 80 6 8 12 13
324 13 9 120 89 16 17 21 23
325 23 6 159 34 6 1 13 11
326 18 7 25 170 9 8 15 17
327 1 13 49 218 13 6 23 11
328 1 23 1 173 6 9 11 13
329 9 21 128 117 12 3 23 14
330 23 15 40 32 16 6 23 11
331 17 8 5 184 11 0 20 4
332 10 14 168 172 15 15 22 23
333 18 22 21 31 15 12 20 19
334 22 19 0 113 16 2 22 8
335 18 0 151 119 3 7 14 14
336 1 18 125 116 1 10 6 18
337 17 9 133 79 3 5 14 16
338 1 14 20 190 0 8 6 16
339 21 22 41 44 0 10 5 14
340 7 12 4 106 0 7 7 17
341 6 10 39 30 12 4 23 13
342 11 4 172 210 16 13 21 23
343 23 18 4 206 3 8 14 14
344 0 16 47 130 16 15 21 23
345 11 12 35 88 12 10 21 21
346 3 14 21 188 17 19 21 23
347 12 22 147 61 16 3 23 14
348 12 12 18 76 5 4 9 9
349 19 7 148 84 0 6 9 17
350 18 18 18 94 17 6 22 11
351 20 6 58 189 9 11 17 20
352 23 1 13 134 0 7 9 16
353 17 19 41 78 17 7 22 11
354 3 2 6 69 15 19 23 23
355 22 18 132 62 10 9 16 15
356 23 23 145 159 15 5 23 12
357 10 18 47 191 13 13 23 23
358 13 7 40 142 2 9 12 16
359 9 13 46 37 10 13 19 17
360 4 16 47 33 6 6 11 15
