26 26 420 220
0 0 132 0
1 0 212 1
2 0 140 2
3 0 248 3
4 0 130 4
5 0 210 5
6 0 78 6
7 0 85 7
8 0 142 8
9 0 161 9
10 0 1 0
11 0 81 1
12 0 111 2
13 0 119 3
14 0 117 4
15 0 50 5
16 0 91 6
17 0 112 7
18 0 149 8
19 0 92 9
20 0 97 0
21 0 114 1
22 0 178 2
23 0 60 3
24 0 133 4
25 0 154 5
0 1 122 2
1 1 165 3
2 1 208 4
3 1 139 5
4 1 154 6
5 1 117 7
6 1 173 8
7 1 96 9
8 1 109 0
9 1 181 1
10 1 83 2
11 1 150 3
12 1 77 4
13 1 159 5
14 1 69 6
15 1 177 7
16 1 76 8
17 1 88 9
18 1 54 0
19 1 128 1
20 1 132 2
21 1 153 3
22 1 58 4
23 1 72 5
24 1 156 6
25 1 103 7
0 2 129 4
1 2 68 5
2 2 64 6
3 2 210 7
4 2 130 8
5 2 32 9
6 2 178 0
7 2 95 1
8 2 157 2
9 2 133 3
10 2 130 4
11 2 146 5
12 2 146 6
13 2 62 7
14 2 42 8
15 2 40 9
16 2 161 0
17 2 1 1
18 2 68 2
19 2 95 3
20 2 96 4
21 2 122 5
22 2 161 6
23 2 180 7
24 2 111 8
25 2 165 9
0 3 160 6
1 3 1 7
2 3 176 8
3 3 52 9
4 3 122 0
5 3 155 1
6 3 72 2
7 3 56 3
8 3 162 4
9 3 91 5
10 3 146 6
11 3 169 7
12 3 104 8
13 3 129 9
14 3 136 0
15 3 86 1
16 3 146 2
17 3 36 3
18 3 59 4
19 3 1 5
20 3 45 6
21 3 1 7
22 3 134 8
23 3 121 9
24 3 87 0
25 3 50 1
0 4 87 8
1 4 34 9
2 4 1 0
3 4 155 1
4 4 81 2
5 4 37 3
6 4 100 4
7 4 33 5
8 4 113 6
9 4 140 7
10 4 1 8
11 4 83 9
12 4 100 0
13 4 111 1
14 4 150 2
15 4 126 3
16 4 177 4
17 4 118 5
18 4 44 6
19 4 105 7
20 4 73 8
21 4 66 9
22 4 163 0
23 4 101 1
24 4 83 2
25 4 133 3
0 5 140 0
1 5 125 1
2 5 163 2
3 5 97 3
4 5 45 4
5 5 151 5
6 5 139 6
7 5 170 7
8 5 118 8
9 5 135 9
10 5 120 0
11 5 91 1
12 5 85 2
13 5 69 3
14 5 45 4
15 5 152 5
16 5 128 6
17 5 128 7
18 5 167 8
19 5 121 9
20 5 172 0
21 5 117 1
22 5 1 2
23 5 55 3
24 5 64 4
25 5 102 5
0 6 56 2
1 6 143 3
2 6 134 4
3 6 151 5
4 6 175 6
5 6 160 7
6 6 102 8
7 6 101 9
8 6 159 0
9 6 67 1
10 6 77 2
11 6 118 3
12 6 111 4
13 6 39 5
14 6 95 6
15 6 65 7
16 6 149 8
17 6 153 9
18 6 58 0
19 6 96 1
20 6 34 2
21 6 61 3
22 6 55 4
23 6 153 5
24 6 64 6
25 6 163 7
0 7 171 4
1 7 99 5
2 7 133 6
3 7 141 7
4 7 116 8
5 7 92 9
6 7 150 0
7 7 68 1
8 7 145 2
9 7 158 3
10 7 171 4
11 7 67 5
12 7 147 6
13 7 168 7
14 7 178 8
15 7 61 9
16 7 131 0
17 7 159 1
18 7 101 2
19 7 86 3
20 7 128 4
21 7 118 5
22 7 172 6
23 7 157 7
24 7 113 8
25 7 125 9
0 8 56 6
1 8 63 7
2 8 56 8
3 8 1 9
4 8 154 0
5 8 41 1
6 8 75 2
7 8 89 3
8 8 74 4
9 8 48 5
10 8 170 6
11 8 176 7
12 8 126 8
13 8 133 9
14 8 91 0
15 8 81 1
16 8 36 2
17 8 113 3
18 8 112 4
19 8 78 5
20 8 43 6
21 8 77 7
22 8 152 8
23 8 89 9
24 8 33 0
25 8 38 1
0 9 110 8
1 9 84 9
2 9 176 0
3 9 118 1
4 9 119 2
5 9 31 3
6 9 87 4
7 9 71 5
8 9 121 6
9 9 171 7
10 9 132 8
11 9 133 9
12 9 73 0
13 9 82 1
14 9 118 2
15 9 105 3
16 9 80 4
17 9 40 5
18 9 67 6
19 9 1 7
20 9 125 8
21 9 120 9
22 9 180 0
23 9 62 1
24 9 77 2
25 9 1 3
0 10 125 0
1 10 43 1
2 10 108 2
3 10 49 3
4 10 151 4
5 10 155 5
6 10 111 6
7 10 109 7
8 10 108 8
9 10 66 9
10 10 125 0
11 10 160 1
12 10 1 2
13 10 82 3
14 10 86 4
15 10 40 5
16 10 81 6
17 10 160 7
18 10 34 8
19 10 54 9
20 10 113 0
21 10 1 1
22 10 129 2
23 10 107 3
24 10 74 4
25 10 51 5
0 11 92 2
1 11 132 3
2 11 38 4
3 11 146 5
4 11 144 6
5 11 147 7
6 11 80 8
7 11 34 9
8 11 58 0
9 11 1 1
10 11 36 2
11 11 148 3
12 11 67 4
13 11 98 5
14 11 36 6
15 11 123 7
16 11 134 8
17 11 83 9
18 11 55 0
19 11 150 1
20 11 77 2
21 11 113 3
22 11 1 4
23 11 48 5
24 11 1 6
25 11 69 7
0 12 161 4
1 12 130 5
2 12 166 6
3 12 113 7
4 12 146 8
5 12 1 9
6 12 116 0
7 12 117 1
8 12 106 2
9 12 84 3
10 12 78 4
11 12 131 5
12 12 135 6
13 12 123 7
14 12 174 8
15 12 152 9
16 12 81 0
17 12 1 1
18 12 97 2
19 12 143 3
20 12 161 4
21 12 46 5
22 12 107 6
23 12 42 7
24 12 146 8
25 12 1 9
0 13 89 6
1 13 102 7
2 13 170 8
3 13 80 9
4 13 154 0
5 13 40 1
6 13 86 2
7 13 137 3
8 13 118 4
9 13 159 5
10 13 44 6
11 13 90 7
12 13 1 8
13 13 181 9
14 13 37 0
15 13 77 1
16 13 38 2
17 13 72 3
18 13 34 4
19 13 57 5
20 13 161 6
21 13 58 7
22 13 99 8
23 13 70 9
24 13 117 0
25 13 152 1
0 14 30 8
1 14 66 9
2 14 90 0
3 14 131 1
4 14 109 2
5 14 171 3
6 14 171 4
7 14 145 5
8 14 131 6
9 14 110 7
10 14 126 8
11 14 55 9
12 14 43 0
13 14 77 1
14 14 44 2
15 14 100 3
16 14 125 4
17 14 155 5
18 14 60 6
19 14 88 7
20 14 115 8
21 14 136 9
22 14 126 0
23 14 90 1
24 14 118 2
25 14 113 3
0 15 1 0
1 15 37 1
2 15 55 2
3 15 1 3
4 15 177 4
5 15 126 5
6 15 86 6
7 15 57 7
8 15 68 8
9 15 35 9
10 15 78 0
11 15 88 1
12 15 42 2
13 15 177 3
14 15 157 4
15 15 122 5
16 15 38 6
17 15 89 7
18 15 154 8
19 15 164 9
20 15 1 0
21 15 99 1
22 15 86 2
23 15 50 3
24 15 141 4
25 15 162 5
0 16 61 2
1 16 139 3
2 16 168 4
3 16 180 5
4 16 119 6
5 16 74 7
6 16 174 8
7 16 119 9
8 16 73 0
9 16 55 1
10 16 33 2
11 16 179 3
12 16 78 4
13 16 104 5
14 16 183 6
15 16 93 7
16 16 91 8
17 16 105 9
18 16 92 0
19 16 155 1
20 16 129 2
21 16 110 3
22 16 45 4
23 16 131 5
24 16 120 6
25 16 112 7
0 17 44 4
1 17 70 5
2 17 179 6
3 17 55 7
4 17 64 8
5 17 57 9
6 17 111 0
7 17 64 1
8 17 117 2
9 17 1 3
10 17 177 4
11 17 107 5
12 17 104 6
13 17 52 7
14 17 185 8
15 17 114 9
16 17 81 0
17 17 148 1
18 17 152 2
19 17 154 3
20 17 157 4
21 17 44 5
22 17 1 6
23 17 1 7
24 17 163 8
25 17 113 9
0 18 162 6
1 18 1 7
2 18 119 8
3 18 127 9
4 18 85 0
5 18 118 1
6 18 113 2
7 18 155 3
8 18 47 4
9 18 1 5
10 18 130 6
11 18 150 7
12 18 175 8
13 18 108 9
14 18 1 0
15 18 34 1
16 18 107 2
17 18 165 3
18 18 150 4
19 18 164 5
20 18 148 6
21 18 161 7
22 18 176 8
23 18 150 9
24 18 70 0
25 18 103 1
0 19 47 8
1 19 48 9
2 19 123 0
3 19 133 1
4 19 170 2
5 19 79 3
6 19 148 4
7 19 168 5
8 19 139 6
9 19 66 7
10 19 116 8
11 19 176 9
12 19 83 0
13 19 108 1
14 19 188 2
15 19 1 3
16 19 178 4
17 19 88 5
18 19 1 6
19 19 89 7
20 19 94 8
21 19 139 9
22 19 147 0
23 19 111 1
24 19 162 2
25 19 65 3
0 20 179 0
1 20 55 1
2 20 75 2
3 20 169 3
4 20 96 4
5 20 91 5
6 20 67 6
7 20 63 7
8 20 77 8
9 20 162 9
10 20 64 0
11 20 178 1
12 20 139 2
13 20 128 3
14 20 130 4
15 20 132 5
16 20 64 6
17 20 108 7
18 20 87 8
19 20 110 9
20 20 107 0
21 20 95 1
22 20 1 2
23 20 40 3
24 20 154 4
25 20 138 5
0 21 110 2
1 21 61 3
2 21 96 4
3 21 158 5
4 21 52 6
5 21 71 7
6 21 135 8
7 21 99 9
8 21 152 0
9 21 59 1
10 21 55 2
11 21 68 3
12 21 174 4
13 21 168 5
14 21 116 6
15 21 154 7
16 21 120 8
17 21 93 9
18 21 98 0
19 21 129 1
20 21 88 2
21 21 1 3
22 21 101 4
23 21 120 5
24 21 119 6
25 21 75 7
0 22 58 4
1 22 120 5
2 22 160 6
3 22 65 7
4 22 115 8
5 22 52 9
6 22 83 0
7 22 119 1
8 22 128 2
9 22 38 3
10 22 134 4
11 22 85 5
12 22 179 6
13 22 162 7
14 22 44 8
15 22 160 9
16 22 141 0
17 22 53 1
18 22 174 2
19 22 119 3
20 22 124 4
21 22 80 5
22 22 172 6
23 22 94 7
24 22 158 8
25 22 31 9
0 23 38 6
1 23 105 7
2 23 174 8
3 23 124 9
4 23 134 0
5 23 171 1
6 23 86 2
7 23 176 3
8 23 1 4
9 23 62 5
10 23 82 6
11 23 123 7
12 23 134 8
13 23 1 9
14 23 145 0
15 23 134 1
16 23 170 2
17 23 74 3
18 23 126 4
19 23 66 5
20 23 152 6
21 23 117 7
22 23 79 8
23 23 1 9
24 23 102 0
25 23 97 1
0 24 178 8
1 24 137 9
2 24 152 0
3 24 41 1
4 24 153 2
5 24 98 3
6 24 142 4
7 24 1 5
8 24 74 6
9 24 175 7
10 24 77 8
11 24 47 9
12 24 93 0
13 24 132 1
14 24 59 2
15 24 65 3
16 24 109 4
17 24 141 5
18 24 53 6
19 24 44 7
20 24 97 8
21 24 117 9
22 24 180 0
23 24 167 1
24 24 82 2
25 24 1 3
0 25 108 0
1 25 132 1
2 25 104 2
3 25 138 3
4 25 39 4
5 25 136 5
6 25 38 6
7 25 89 7
8 25 63 8
9 25 92 9
10 25 132 0
11 25 131 1
12 25 101 2
13 25 58 3
14 25 138 4
15 25 37 5
16 25 49 6
17 25 143 7
18 25 122 8
19 25 159 9
20 25 36 0
21 25 69 1
22 25 91 2
23 25 164 3
24 25 110 4
25 25 174 5
1 4 0 30 128 11 13 17 20
2 1 4 153 32 2 9 10 19
3 11 17 151 202 0 0 10 12
4 12 21 164 151 9 10 22 23
5 14 17 40 192 0 0 13 10
6 15 23 38 78 14 12 25 25
7 20 17 6 52 1 17 6 22
8 5 0 45 202 7 17 19 22
9 10 18 15 67 0 0 6 5
10 15 16 57 84 10 1 20 7
11 2 4 27 147 0 0 6 11
12 1 1 6 32 9 17 17 23
13 4 0 18 217 9 13 16 25
14 22 3 177 192 0 0 12 6
15 0 2 63 136 10 0 20 6
16 11 17 142 170 0 0 12 10
17 13 19 43 165 0 0 8 12
18 9 14 36 48 0 0 12 13
19 0 1 36 134 7 8 15 13
20 6 24 41 128 4 12 11 21
21 9 12 162 35 2 4 11 15
22 13 20 186 74 10 16 15 23
23 25 9 40 231 18 4 25 15
24 7 0 65 157 12 4 20 12
25 0 0 38 234 0 0 9 13
26 7 4 37 134 10 16 15 24
27 20 11 166 90 6 14 19 25
28 1 0 167 73 0 0 7 13
29 2 0 23 184 9 15 16 24
30 9 24 21 90 7 12 19 25
31 18 4 138 103 0 0 8 12
32 10 24 25 35 0 0 5 6
33 0 0 61 109 0 0 7 6
34 0 0 3 55 0 0 11 6
35 17 18 15 143 0 0 13 11
36 2 0 38 101 0 0 13 10
37 15 12 19 152 9 12 16 25
38 3 0 7 64 6 3 17 10
39 0 3 26 119 8 13 18 25
40 6 15 52 101 4 5 15 13
41 10 24 30 78 7 17 18 22
42 0 3 46 65 10 14 16 21
43 1 0 12 214 0 0 5 6
44 24 1 50 183 0 0 11 12
45 2 2 59 58 7 12 18 25
46 9 17 153 160 0 0 10 11
47 6 0 165 137 8 3 19 16
48 21 14 4 216 8 17 17 22
49 17 17 55 178 14 7 22 18
50 1 0 184 124 12 3 17 12
51 18 9 21 215 3 13 14 25
52 5 3 3 214 0 0 12 6
53 16 23 180 206 7 14 18 25
54 0 0 42 47 0 0 5 7
55 9 24 19 48 0 0 13 9
56 20 16 10 24 0 0 7 6
57 0 5 200 233 12 10 17 18
58 16 17 40 104 10 20 20 25
59 3 18 52 161 0 0 8 13
60 3 0 166 231 10 17 15 24
61 20 12 16 216 9 17 17 22
62 4 0 44 206 0 0 9 10
63 10 20 174 226 14 4 20 17
64 6 4 33 185 0 0 11 9
65 22 6 25 107 9 7 21 13
66 4 1 36 39 8 11 17 24
67 15 20 150 91 9 3 19 15
68 1 1 44 104 0 0 10 13
69 7 0 167 48 7 9 18 22
70 1 1 184 168 8 15 17 25
71 14 10 20 83 0 0 12 13
72 25 10 136 177 11 16 23 22
73 0 5 134 193 9 16 17 23
74 25 12 29 229 0 0 12 8
75 1 0 9 150 0 0 6 8
76 4 0 59 69 0 0 12 11
77 11 23 155 150 0 0 11 12
78 5 0 180 72 7 13 20 25
79 14 22 193 101 1 16 12 25
80 0 0 198 169 0 0 5 11
81 5 4 150 59 17 7 23 16
82 24 4 61 138 0 0 10 10
83 13 23 19 166 10 8 15 19
84 2 3 155 196 0 0 13 9
85 16 18 29 100 10 14 15 25
86 7 25 1 200 0 0 7 11
87 13 18 159 206 0 0 7 12
88 22 11 37 114 0 0 11 7
89 24 17 175 131 8 12 18 25
90 6 0 23 40 2 2 15 13
91 1 0 30 51 0 0 9 13
92 0 3 31 212 0 0 10 5
93 1 16 59 208 0 0 11 11
94 2 16 5 228 0 0 9 6
95 6 12 183 90 0 0 5 9
96 13 22 186 236 18 3 25 13
97 23 0 196 50 0 0 9 8
98 18 23 167 233 0 0 9 10
99 19 3 51 148 0 0 12 7
100 3 0 44 116 0 0 7 7
101 16 8 24 136 14 4 25 10
102 1 4 173 133 2 1 12 13
103 2 10 150 133 4 7 16 18
104 20 23 181 35 0 0 6 9
105 9 17 186 64 0 11 6 20
106 3 19 159 219 0 0 8 8
107 16 15 8 86 13 9 18 22
108 20 11 181 186 0 0 12 11
109 9 16 64 47 0 0 6 12
110 3 0 139 207 3 5 8 10
111 11 13 137 61 0 0 5 13
112 17 24 36 88 0 3 11 16
113 0 0 9 165 6 2 11 9
114 15 23 3 192 9 5 18 16
115 23 19 65 76 0 0 13 6
116 22 10 53 126 0 0 8 13
117 10 16 42 117 0 0 10 6
118 0 0 46 70 0 0 13 12
119 5 19 5 167 0 0 8 5
120 11 18 197 59 0 0 12 8
121 13 16 7 106 0 0 10 13
122 6 4 45 173 0 0 5 5
123 20 7 20 156 0 0 13 8
124 15 21 57 97 0 0 11 7
125 13 23 31 137 7 14 20 19
126 16 22 62 23 0 0 9 5
127 17 19 41 138 5 18 14 25
128 24 6 155 42 16 10 24 17
129 0 0 8 171 6 17 19 23
130 22 1 21 68 4 9 16 18
131 8 5 27 156 7 7 16 16
132 3 0 21 233 0 0 8 6
133 4 1 140 184 9 15 17 25
134 12 24 19 81 7 1 12 14
135 5 0 59 131 0 0 12 13
136 5 20 55 174 9 7 15 18
137 0 1 46 230 10 14 15 25
138 11 19 49 101 0 0 12 6
139 12 6 0 236 5 3 17 9
140 4 3 60 183 0 0 11 6
141 20 23 44 116 12 0 22 11
142 13 14 55 193 6 16 19 23
143 12 23 18 90 10 14 15 25
144 14 16 200 121 0 0 9 9
145 5 0 32 41 19 17 24 24
146 4 5 53 88 0 0 5 13
147 0 0 39 187 0 0 12 5
148 2 8 3 98 0 0 13 7
149 6 0 178 170 7 13 12 21
150 0 5 64 30 10 17 16 23
151 2 4 61 170 15 10 22 20
152 2 22 5 220 0 0 7 10
153 20 7 42 126 0 0 7 5
154 1 9 54 132 3 7 15 19
155 3 7 56 120 13 0 23 8
156 14 23 21 28 16 2 21 15
157 12 24 26 148 11 3 20 10
158 1 3 4 43 7 15 18 25
159 18 9 169 101 0 0 6 7
160 1 15 177 94 8 17 18 23
161 13 17 186 68 0 0 5 10
162 9 7 14 76 0 0 11 10
163 17 22 37 174 0 0 7 7
164 16 23 192 71 8 15 18 24
165 13 17 187 185 0 6 8 18
166 0 0 138 205 0 0 12 10
167 0 1 56 156 0 16 5 24
168 0 4 22 139 7 11 19 19
169 7 0 46 27 0 0 6 7
170 3 0 36 207 7 1 17 9
171 0 0 40 35 7 0 13 6
172 15 3 58 92 0 0 7 7
173 22 18 31 132 0 0 8 8
174 16 11 0 170 0 0 11 11
175 11 20 33 30 1 12 10 21
176 8 8 179 165 10 15 15 24
177 14 24 55 151 0 0 5 5
178 25 24 145 215 7 17 19 22
179 4 24 200 230 0 1 5 7
180 25 24 18 146 14 3 20 13
181 11 25 23 93 11 9 20 15
182 11 21 61 25 0 0 7 12
183 0 0 24 144 0 0 8 7
184 21 7 64 218 8 2 19 8
185 18 15 6 34 7 16 19 23
186 11 17 177 215 0 0 8 9
187 17 19 0 232 0 0 9 8
188 0 2 14 27 7 17 19 23
189 4 3 25 137 12 14 25 21
190 0 0 59 183 5 10 16 19
191 15 20 32 117 0 0 7 5
192 1 0 53 129 9 17 17 22
193 2 0 40 205 17 5 22 17
194 5 1 12 198 0 0 12 9
195 10 19 58 68 0 0 11 13
196 16 22 49 131 0 0 9 8
197 9 25 180 195 0 0 11 11
198 13 16 24 153 15 0 22 9
199 10 16 12 147 0 0 8 12
200 3 7 61 217 6 17 19 23
201 16 18 19 190 7 16 18 24
202 11 20 32 75 0 0 9 13
203 4 0 3 148 8 15 18 24
204 3 2 45 216 11 16 23 24
205 1 4 176 106 7 16 19 23
206 3 0 164 140 9 13 21 23
207 5 18 189 129 2 13 14 25
208 19 2 0 146 8 13 17 25
209 0 0 43 199 10 8 16 13
210 4 0 27 225 0 0 5 10
211 23 3 19 223 0 0 11 13
212 2 2 48 222 0 0 6 7
213 2 18 34 158 4 12 11 25
214 16 16 55 214 8 14 18 25
215 3 0 32 234 0 0 10 8
216 11 23 37 180 12 11 23 22
217 17 23 10 201 8 1 16 10
218 5 0 57 86 0 0 12 8
219 20 19 18 108 10 13 22 24
220 1 0 192 27 0 0 12 5
221 2 9 141 219 0 0 10 6
222 0 0 34 216 6 16 19 23
223 14 19 5 155 9 17 17 23
224 21 2 138 48 13 4 23 13
225 14 13 23 197 0 0 6 5
226 0 4 169 123 0 0 6 8
227 7 9 165 22 12 6 20 12
228 0 0 49 142 0 0 5 13
229 11 9 38 62 0 0 10 10
230 19 0 170 96 9 5 20 11
231 0 0 169 169 0 0 7 7
232 7 1 30 172 0 0 6 7
233 1 20 9 81 0 0 9 5
234 4 0 56 38 0 0 9 5
235 0 0 62 236 0 0 9 8
236 0 0 6 30 0 0 9 10
237 0 0 139 121 0 0 11 6
238 18 12 181 116 0 0 9 10
239 15 17 183 83 0 0 10 7
240 0 0 10 37 9 1 18 10
241 0 0 175 216 18 7 24 19
242 2 4 59 195 0 0 13 9
243 7 0 186 52 10 16 16 23
244 18 1 61 137 12 2 23 14
245 0 1 15 71 17 4 23 11
246 0 0 163 113 13 10 25 23
247 17 18 30 29 0 0 8 6
248 11 0 62 220 0 0 10 9
249 5 1 30 159 0 0 9 11
250 16 5 184 42 2 14 8 22
251 1 4 10 33 0 0 11 6
252 2 3 140 212 0 0 8 10
253 0 0 9 213 7 16 18 24
254 10 9 195 121 0 0 13 11
255 4 0 24 235 0 0 9 7
256 4 2 59 95 0 0 11 7
257 14 17 154 134 10 13 15 25
258 23 0 135 52 12 11 21 21
259 20 14 14 205 4 4 16 14
260 6 0 135 40 0 0 5 12
261 13 2 9 38 0 0 6 11
262 2 1 15 117 5 12 16 20
263 4 5 26 198 15 2 20 15
264 0 5 12 78 0 0 10 10
265 0 2 60 185 10 17 23 22
266 9 19 33 101 9 16 17 23
267 13 21 23 231 0 15 13 21
268 20 3 149 59 2 1 15 7
269 6 0 58 34 8 17 17 23
270 0 0 48 122 4 9 14 20
271 6 0 23 201 8 17 17 22
272 22 20 45 44 7 15 18 25
273 0 1 34 88 13 4 22 9
274 17 20 53 172 1 9 10 22
275 9 25 169 160 9 14 22 24
276 17 20 39 49 10 1 15 8
277 4 0 8 152 9 16 17 24
278 9 21 50 155 6 13 18 25
279 14 18 30 175 6 14 18 22
280 7 4 10 136 7 17 19 23
281 23 14 175 89 9 10 20 20
282 24 3 156 36 0 0 8 8
283 4 5 185 161 10 13 19 21
284 3 24 65 127 6 12 15 25
285 1 1 26 47 0 0 9 5
286 2 0 17 107 0 0 10 6
287 16 20 191 224 14 2 20 7
288 25 7 39 127 0 0 12 13
289 5 3 34 208 0 0 5 12
290 1 1 194 154 0 0 11 11
291 0 1 48 157 10 15 16 24
292 20 1 29 130 0 0 10 8
293 12 21 57 46 0 0 10 10
294 14 11 33 33 0 0 11 5
295 1 3 156 83 10 6 23 18
296 19 18 57 31 0 0 7 7
297 25 5 133 75 0 0 13 9
298 2 0 27 84 6 1 12 10
299 5 2 22 141 0 0 8 10
300 3 2 134 147 0 14 8 25
301 0 0 9 160 0 0 12 13
302 6 16 27 150 12 13 23 21
303 11 20 18 138 0 0 5 13
304 16 14 170 169 19 5 25 10
305 24 17 17 40 13 6 25 13
306 1 22 174 197 6 15 19 25
307 0 1 156 161 0 0 13 9
308 20 2 41 173 4 12 13 18
309 17 21 30 136 8 17 17 22
310 4 3 142 139 3 8 16 15
311 7 0 4 209 0 0 12 8
312 2 21 29 143 0 0 12 6
313 13 1 62 75 0 0 6 12
314 11 21 56 189 0 0 12 10
315 17 19 44 192 0 0 12 11
316 0 5 35 36 9 16 17 24
317 1 0 161 57 0 0 10 11
318 19 9 54 186 0 0 10 10
319 20 16 156 162 8 3 15 8
320 0 1 62 94 14 9 24 17
321 7 1 66 240 3 3 11 12
322 12 25 139 124 9 17 16 23
323 10 23 136 169 9 5 16 14
324 7 7 53 105 7 17 18 22
325 14 17 186 172 7 15 19 25
326 15 12 48 174 10 8 20 18
327 0 7 180 56 7 17 18 22
328 7 2 197 51 4 1 13 9
329 0 4 40 99 5 7 17 12
330 7 0 172 123 7 17 19 22
331 0 0 15 113 7 15 18 24
332 11 24 0 218 0 0 9 8
333 23 1 56 239 0 0 5 13
334 18 7 181 207 7 2 18 13
335 17 19 9 96 7 15 19 25
336 9 24 63 206 0 0 7 9
337 2 0 191 224 14 14 22 19
338 2 3 61 93 0 12 6 21
339 12 23 133 46 0 0 13 5
340 1 0 65 32 0 0 11 9
341 4 2 65 49 0 0 5 9
342 7 2 26 185 0 0 8 6
343 0 0 12 77 8 15 18 24
344 1 0 64 93 0 0 9 6
345 0 3 66 216 0 0 8 13
346 2 5 133 47 8 12 18 25
347 17 18 44 142 7 15 19 25
348 0 0 64 37 15 7 22 13
349 12 13 1 59 0 0 6 9
350 16 23 46 104 0 0 13 5
351 16 13 149 190 8 17 17 23
352 10 14 194 201 6 7 19 20
353 12 6 33 138 17 10 25 18
354 5 24 51 165 16 0 23 7
355 22 21 150 87 0 5 5 18
356 0 0 175 87 8 13 18 25
357 3 0 60 43 7 13 17 22
358 18 18 146 139 2 12 12 18
359 12 20 30 235 7 16 18 23
360 8 3 43 204 9 8 21 17
361 4 4 6 57 11 10 24 15
362 0 1 15 132 8 15 16 20
363 15 21 185 213 13 6 23 18
364 16 24 56 80 2 3 10 14
365 11 19 10 164 0 0 10 10
366 20 0 44 37 0 0 13 9
367 4 0 3 102 0 0 9 10
368 0 4 157 193 3 5 15 13
369 9 21 136 72 0 0 8 13
370 3 4 60 89 13 4 21 11
371 0 0 43 25 11 12 20 24
372 15 8 18 105 0 0 8 7
373 6 0 20 112 0 0 5 9
374 21 24 186 33 0 0 8 8
375 25 20 195 29 8 2 21 7
376 9 22 2 93 0 0 11 9
377 0 2 147 195 7 2 16 7
378 3 10 22 154 8 15 17 25
379 0 0 20 212 0 15 12 20
380 4 3 14 60 0 0 12 10
381 0 4 26 89 0 0 10 6
382 0 0 153 80 7 11 17 23
383 15 18 58 167 9 12 16 25
384 10 20 185 53 0 0 6 11
385 0 3 8 183 9 15 16 22
386 18 15 29 179 8 14 17 25
387 6 0 10 199 5 13 12 22
388 16 0 66 119 3 12 16 23
389 15 16 18 234 7 4 20 11
390 0 2 185 21 0 0 12 8
391 24 23 159 65 0 0 8 8
392 15 16 5 214 0 0 10 9
393 1 22 5 234 2 9 9 15
394 16 24 34 91 10 7 19 20
395 2 3 64 52 0 0 7 11
396 1 1 45 225 0 0 9 10
397 7 9 31 42 7 12 19 25
398 13 3 31 84 0 0 8 11
399 20 15 12 157 0 0 6 7
400 1 13 28 48 7 15 19 25
401 7 0 133 210 9 13 16 25
402 4 4 63 55 7 15 18 24
403 1 25 200 65 2 4 8 17
404 7 24 28 40 8 15 18 24
405 11 19 29 179 8 14 18 25
406 0 3 64 233 12 14 22 24
407 13 22 51 103 0 0 8 11
408 13 19 14 198 8 10 14 21
409 16 12 36 149 0 0 10 7
410 16 24 134 220 3 3 8 14
411 0 0 18 127 0 0 5 7
412 5 12 157 210 0 0 13 9
413 14 20 40 29 8 15 17 24
414 1 0 51 160 10 16 16 23
415 6 0 197 177 3 12 13 17
416 1 4 54 110 4 6 17 14
417 2 2 3 205 2 16 8 21
418 11 10 39 165 6 11 19 21
419 14 17 5 35 9 0 21 13
420 3 8 58 234 0 0 13 10
