5 5 20 60
0 0 168 2
1 0 346 1
2 0 320 8
3 0 44 9
4 0 140 0
0 1 30 1
1 1 114 3
2 1 348 9
3 1 28 8
4 1 82 8
0 2 161 3
1 2 170 9
2 2 142 0
3 2 69 6
4 2 115 4
0 3 58 3
1 3 114 1
2 3 45 6
3 3 40 5
4 3 107 9
0 4 84 0
1 4 214 7
2 4 175 1
3 4 116 1
4 4 158 4
1 4 2 36 59 1 2 1 2
2 0 1 6 107 2 1 4 4
3 1 2 22 63 2 1 4 1
4 4 1 10 128 0 2 3 4
5 2 0 14 18 1 0 3 3
6 1 4 45 90 3 1 4 4
7 1 2 8 73 0 0 4 4
8 4 3 23 66 3 0 4 4
9 0 0 9 170 0 1 1 4
10 3 4 29 145 0 0 2 4
11 4 2 49 174 1 3 3 3
12 1 3 0 194 0 0 2 4
13 2 4 38 60 1 2 2 4
14 4 0 38 92 0 2 3 2
15 2 1 3 71 0 3 4 3
16 0 4 49 42 1 1 2 4
17 4 4 27 64 0 3 4 4
18 2 3 33 125 1 0 1 1
19 2 0 37 151 1 0 2 4
20 0 0 14 27 0 2 0 4
