30 22 480 240
0 0 160 0
1 0 176 1
2 0 55 2
3 0 143 3
4 0 65 4
5 0 125 5
6 0 156 6
7 0 45 7
8 0 76 8
9 0 150 9
10 0 174 0
11 0 53 1
12 0 114 2
13 0 119 3
14 0 133 4
15 0 58 5
16 0 149 6
17 0 135 7
18 0 80 8
19 0 120 9
20 0 42 0
21 0 126 1
22 0 57 2
23 0 180 3
24 0 68 4
25 0 61 5
26 0 139 6
27 0 163 7
28 0 176 8
29 0 167 9
0 1 70 2
1 1 174 3
2 1 86 4
3 1 45 5
4 1 169 6
5 1 165 7
6 1 179 8
7 1 1 9
8 1 172 0
9 1 163 1
10 1 167 2
11 1 60 3
12 1 42 4
13 1 169 5
14 1 178 6
15 1 152 7
16 1 70 8
17 1 73 9
18 1 179 0
19 1 77 1
20 1 102 2
21 1 86 3
22 1 159 4
23 1 50 5
24 1 42 6
25 1 171 7
26 1 140 8
27 1 113 9
28 1 176 0
29 1 65 1
0 2 127 4
1 2 101 5
2 2 125 6
3 2 145 7
4 2 1 8
5 2 1 9
6 2 102 0
7 2 177 1
8 2 98 2
9 2 93 3
10 2 122 4
11 2 111 5
12 2 65 6
13 2 171 7
14 2 58 8
15 2 57 9
16 2 83 0
17 2 180 1
18 2 77 2
19 2 168 3
20 2 122 4
21 2 127 5
22 2 55 6
23 2 159 7
24 2 123 8
25 2 62 9
26 2 160 0
27 2 153 1
28 2 106 2
29 2 106 3
0 3 63 6
1 3 135 7
2 3 96 8
3 3 170 9
4 3 184 0
5 3 119 1
6 3 130 2
7 3 164 3
8 3 90 4
9 3 162 5
10 3 102 6
11 3 150 7
12 3 62 8
13 3 178 9
14 3 177 0
15 3 128 1
16 3 142 2
17 3 142 3
18 3 118 4
19 3 40 5
20 3 156 6
21 3 135 7
22 3 107 8
23 3 94 9
24 3 110 0
25 3 67 1
26 3 160 2
27 3 156 3
28 3 115 4
29 3 87 5
0 4 180 8
1 4 133 9
2 4 63 0
3 4 134 1
4 4 169 2
5 4 75 3
6 4 71 4
7 4 155 5
8 4 162 6
9 4 177 7
10 4 118 8
11 4 145 9
12 4 157 0
13 4 132 1
14 4 1 2
15 4 93 3
16 4 164 4
17 4 128 5
18 4 174 6
19 4 129 7
20 4 153 8
21 4 77 9
22 4 178 0
23 4 114 1
24 4 40 2
25 4 85 3
26 4 169 4
27 4 88 5
28 4 107 6
29 4 116 7
0 5 44 0
1 5 127 1
2 5 52 2
3 5 169 3
4 5 201 4
5 5 156 5
6 5 175 6
7 5 86 7
8 5 1 8
9 5 62 9
10 5 177 0
11 5 117 1
12 5 158 2
13 5 93 3
14 5 127 4
15 5 119 5
16 5 160 6
17 5 46 7
18 5 178 8
19 5 94 9
20 5 1 0
21 5 129 1
22 5 169 2
23 5 111 3
24 5 160 4
25 5 117 5
26 5 69 6
27 5 170 7
28 5 97 8
29 5 156 9
0 6 96 2
1 6 152 3
2 6 57 4
3 6 71 5
4 6 110 6
5 6 198 7
6 6 77 8
7 6 50 9
8 6 130 0
9 6 54 1
10 6 153 2
11 6 1 3
12 6 144 4
13 6 41 5
14 6 97 6
15 6 136 7
16 6 124 8
17 6 129 9
18 6 66 0
19 6 154 1
20 6 1 2
21 6 169 3
22 6 163 4
23 6 77 5
24 6 43 6
25 6 102 7
26 6 176 8
27 6 166 9
28 6 75 0
29 6 49 1
0 7 69 4
1 7 183 5
2 7 149 6
3 7 213 7
4 7 124 8
5 7 89 9
6 7 156 0
7 7 179 1
8 7 48 2
9 7 181 3
10 7 57 4
11 7 173 5
12 7 86 6
13 7 145 7
14 7 125 8
15 7 175 9
16 7 75 0
17 7 50 1
18 7 93 2
19 7 116 3
20 7 51 4
21 7 69 5
22 7 54 6
23 7 174 7
24 7 162 8
25 7 50 9
26 7 94 0
27 7 1 1
28 7 57 2
29 7 178 3
0 8 190 6
1 8 102 7
2 8 154 8
3 8 1 9
4 8 117 0
5 8 170 1
6 8 62 2
7 8 90 3
8 8 110 4
9 8 55 5
10 8 175 6
11 8 102 7
12 8 62 8
13 8 87 9
14 8 49 0
15 8 124 1
16 8 101 2
17 8 173 3
18 8 1 4
19 8 128 5
20 8 148 6
21 8 129 7
22 8 182 8
23 8 168 9
24 8 49 0
25 8 105 1
26 8 131 2
27 8 1 3
28 8 60 4
29 8 116 5
0 9 179 8
1 9 121 9
2 9 110 0
3 9 95 1
4 9 272 2
5 9 172 3
6 9 144 4
7 9 233 5
8 9 241 6
9 9 115 7
10 9 131 8
11 9 117 9
12 9 108 0
13 9 76 1
14 9 65 2
15 9 1 3
16 9 131 4
17 9 168 5
18 9 133 6
19 9 45 7
20 9 158 8
21 9 175 9
22 9 51 0
23 9 112 1
24 9 50 2
25 9 184 3
26 9 196 4
27 9 1 5
28 9 262 6
29 9 203 7
0 10 58 0
1 10 162 1
2 10 118 2
3 10 195 3
4 10 154 4
5 10 60 5
6 10 135 6
7 10 234 7
8 10 179 8
9 10 266 9
10 10 121 0
11 10 140 1
12 10 188 2
13 10 75 3
14 10 124 4
15 10 46 5
16 10 107 6
17 10 1 7
18 10 59 8
19 10 102 9
20 10 121 0
21 10 165 1
22 10 111 2
23 10 51 3
24 10 108 4
25 10 200 5
26 10 229 6
27 10 152 7
28 10 1 8
29 10 194 9
0 11 137 2
1 11 47 3
2 11 98 4
3 11 107 5
4 11 83 6
5 11 173 7
6 11 1 8
7 11 61 9
8 11 175 0
9 11 89 1
10 11 67 2
11 11 179 3
12 11 1 4
13 11 62 5
14 11 79 6
15 11 1 7
16 11 103 8
17 11 93 9
18 11 67 0
19 11 129 1
20 11 124 2
21 11 138 3
22 11 52 4
23 11 153 5
24 11 60 6
25 11 111 7
26 11 105 8
27 11 85 9
28 11 187 0
29 11 81 1
0 12 146 4
1 12 179 5
2 12 95 6
3 12 67 7
4 12 159 8
5 12 165 9
6 12 74 0
7 12 117 1
8 12 232 2
9 12 203 3
10 12 46 4
11 12 153 5
12 12 135 6
13 12 133 7
14 12 59 8
15 12 1 9
16 12 45 0
17 12 138 1
18 12 167 2
19 12 123 3
20 12 176 4
21 12 73 5
22 12 163 6
23 12 108 7
24 12 49 8
25 12 114 9
26 12 75 0
27 12 140 1
28 12 141 2
29 12 135 3
0 13 48 6
1 13 142 7
2 13 142 8
3 13 181 9
4 13 60 0
5 13 136 1
6 13 135 2
7 13 88 3
8 13 98 4
9 13 95 5
10 13 156 6
11 13 180 7
12 13 117 8
13 13 114 9
14 13 135 0
15 13 109 1
16 13 143 2
17 13 98 3
18 13 161 4
19 13 178 5
20 13 69 6
21 13 159 7
22 13 124 8
23 13 52 9
24 13 58 0
25 13 127 1
26 13 120 2
27 13 137 3
28 13 56 4
29 13 56 5
0 14 172 8
1 14 46 9
2 14 145 0
3 14 130 1
4 14 141 2
5 14 46 3
6 14 175 4
7 14 78 5
8 14 108 6
9 14 129 7
10 14 172 8
11 14 119 9
12 14 120 0
13 14 169 1
14 14 80 2
15 14 93 3
16 14 59 4
17 14 65 5
18 14 1 6
19 14 70 7
20 14 52 8
21 14 95 9
22 14 180 0
23 14 173 1
24 14 46 2
25 14 1 3
26 14 156 4
27 14 138 5
28 14 122 6
29 14 126 7
0 15 151 0
1 15 162 1
2 15 120 2
3 15 151 3
4 15 146 4
5 15 91 5
6 15 65 6
7 15 108 7
8 15 85 8
9 15 58 9
10 15 176 0
11 15 144 1
12 15 124 2
13 15 60 3
14 15 162 4
15 15 44 5
16 15 100 6
17 15 171 7
18 15 47 8
19 15 68 9
20 15 141 0
21 15 126 1
22 15 171 2
23 15 1 3
24 15 137 4
25 15 144 5
26 15 46 6
27 15 76 7
28 15 129 8
29 15 142 9
0 16 138 2
1 16 75 3
2 16 1 4
3 16 96 5
4 16 86 6
5 16 130 7
6 16 1 8
7 16 115 9
8 16 78 0
9 16 83 1
10 16 160 2
11 16 46 3
12 16 70 4
13 16 67 5
14 16 173 6
15 16 167 7
16 16 1 8
17 16 178 9
18 16 77 0
19 16 60 1
20 16 170 2
21 16 56 3
22 16 158 4
23 16 138 5
24 16 54 6
25 16 155 7
26 16 85 8
27 16 65 9
28 16 159 0
29 16 107 1
0 17 46 4
1 17 112 5
2 17 148 6
3 17 77 7
4 17 165 8
5 17 160 9
6 17 151 0
7 17 47 1
8 17 44 2
9 17 162 3
10 17 1 4
11 17 56 5
12 17 134 6
13 17 81 7
14 17 138 8
15 17 105 9
16 17 52 0
17 17 152 1
18 17 103 2
19 17 1 3
20 17 76 4
21 17 1 5
22 17 59 6
23 17 161 7
24 17 177 8
25 17 98 9
26 17 159 0
27 17 157 1
28 17 128 2
29 17 74 3
0 18 177 6
1 18 120 7
2 18 111 8
3 18 122 9
4 18 94 0
5 18 149 1
6 18 83 2
7 18 146 3
8 18 61 4
9 18 89 5
10 18 85 6
11 18 66 7
12 18 100 8
13 18 145 9
14 18 180 0
15 18 53 1
16 18 171 2
17 18 84 3
18 18 154 4
19 18 46 5
20 18 177 6
21 18 152 7
22 18 134 8
23 18 57 9
24 18 63 0
25 18 64 1
26 18 51 2
27 18 172 3
28 18 175 4
29 18 57 5
0 19 180 8
1 19 166 9
2 19 54 0
3 19 90 1
4 19 146 2
5 19 179 3
6 19 93 4
7 19 93 5
8 19 99 6
9 19 155 7
10 19 148 8
11 19 54 9
12 19 115 0
13 19 132 1
14 19 86 2
15 19 87 3
16 19 43 4
17 19 142 5
18 19 151 6
19 19 80 7
20 19 144 8
21 19 165 9
22 19 153 0
23 19 42 1
24 19 57 2
25 19 65 3
26 19 1 4
27 19 93 5
28 19 65 6
29 19 179 7
0 20 170 0
1 20 143 1
2 20 64 2
3 20 45 3
4 20 88 4
5 20 71 5
6 20 111 6
7 20 89 7
8 20 67 8
9 20 122 9
10 20 112 0
11 20 114 1
12 20 139 2
13 20 162 3
14 20 98 4
15 20 121 5
16 20 84 6
17 20 60 7
18 20 101 8
19 20 1 9
20 20 131 0
21 20 116 1
22 20 41 2
23 20 160 3
24 20 128 4
25 20 1 5
26 20 113 6
27 20 88 7
28 20 93 8
29 20 52 9
0 21 1 2
1 21 48 3
2 21 44 4
3 21 54 5
4 21 161 6
5 21 128 7
6 21 68 8
7 21 77 9
8 21 149 0
9 21 130 1
10 21 134 2
11 21 1 3
12 21 63 4
13 21 168 5
14 21 103 6
15 21 82 7
16 21 146 8
17 21 129 9
18 21 148 0
19 21 179 1
20 21 113 2
21 21 70 3
22 21 114 4
23 21 46 5
24 21 58 6
25 21 90 7
26 21 89 8
27 21 85 9
28 21 173 0
29 21 150 1
1 10 6 54 106 11 4 24 14
2 23 13 5 34 0 3 13 13
3 0 8 37 26 4 5 11 15
4 27 4 24 56 5 8 11 12
5 24 21 179 122 22 1 29 6
6 18 18 59 22 24 2 29 15
7 7 13 191 63 2 0 9 9
8 8 5 2 33 3 3 12 17
9 1 7 151 32 24 6 29 11
10 9 5 179 181 12 8 22 18
11 22 21 143 25 3 2 14 15
12 7 15 24 25 1 6 14 13
13 10 10 9 38 22 7 29 11
14 26 8 148 20 3 11 16 16
15 10 12 198 50 16 8 20 15
16 25 5 13 33 5 5 10 15
17 29 14 56 106 18 0 22 11
18 4 3 31 24 5 11 17 19
19 27 13 23 31 2 3 13 16
20 29 5 35 32 2 7 14 12
21 13 20 33 350 17 3 29 14
22 3 5 53 24 3 8 7 14
23 6 11 176 77 20 4 29 13
24 23 11 169 22 14 13 27 18
25 4 6 177 33 3 5 12 14
26 23 3 62 97 6 5 10 14
27 22 6 183 29 10 2 23 9
28 7 8 22 111 15 2 29 16
29 5 8 37 63 0 1 8 15
30 18 17 188 86 0 9 11 20
31 0 4 159 29 0 6 14 20
32 0 4 57 35 0 3 7 13
33 8 2 187 30 3 0 13 7
34 3 6 58 72 19 3 29 14
35 4 7 39 36 5 5 13 14
36 28 14 60 26 0 1 14 14
37 26 6 37 87 4 3 18 15
38 22 13 17 34 15 2 29 15
39 6 4 200 48 12 11 18 16
40 0 11 21 160 3 3 12 17
41 25 9 15 22 5 5 11 14
42 12 13 36 24 14 12 19 18
43 5 15 23 23 21 6 29 12
44 29 7 137 32 16 3 29 14
45 24 20 11 49 2 1 14 13
46 27 9 20 23 2 12 9 21
47 1 8 42 37 11 6 18 20
48 11 13 45 35 1 7 14 12
49 26 10 58 100 16 5 29 12
50 5 14 46 27 21 5 29 12
51 7 6 16 32 22 3 29 14
52 27 7 174 39 15 6 28 16
53 18 18 191 219 22 4 29 14
54 5 5 12 53 2 2 6 13
55 29 5 144 69 3 8 13 12
56 9 3 20 91 0 5 11 11
57 23 5 64 30 3 4 12 15
58 14 3 28 42 8 13 19 18
59 15 10 197 50 4 2 15 10
60 22 10 54 23 0 6 7 10
61 6 6 46 54 24 6 29 12
62 0 12 192 24 2 5 14 14
63 28 14 24 24 10 10 19 21
64 11 13 188 31 13 6 26 19
65 5 13 190 44 3 3 16 15
66 29 6 31 49 2 4 6 12
67 22 5 15 23 2 4 6 11
68 6 6 177 45 14 7 22 16
69 5 16 145 32 3 4 12 16
70 28 10 6 48 5 4 10 16
71 13 5 27 40 1 5 15 14
72 4 18 39 22 1 3 15 16
73 0 14 0 54 22 4 29 13
74 6 9 11 89 7 8 16 16
75 8 7 166 28 0 1 7 14
76 9 4 12 21 1 3 6 13
77 1 1 29 52 5 5 10 15
78 22 5 66 37 9 13 19 17
79 2 10 60 133 14 0 23 10
80 19 1 36 25 18 3 25 16
81 27 7 2 33 16 9 21 17
82 2 10 58 27 17 6 29 12
83 1 12 6 39 5 7 12 15
84 4 5 147 43 21 4 29 14
85 3 13 10 173 3 4 13 15
86 18 9 16 32 17 7 26 13
87 9 6 30 28 8 7 16 21
88 3 12 38 43 19 2 29 15
89 8 1 36 46 4 5 11 15
90 5 15 17 40 0 1 14 15
91 28 17 10 59 25 4 29 13
92 4 15 40 27 7 1 20 12
93 28 1 134 42 18 2 29 16
94 29 8 59 350 2 7 13 18
95 1 10 36 50 4 2 18 6
96 10 10 6 33 0 1 11 15
97 9 5 41 21 12 12 20 18
98 9 21 3 262 3 8 12 12
99 26 8 52 52 13 8 20 19
100 22 6 43 26 3 3 13 17
101 7 3 199 84 1 3 6 12
102 1 2 48 35 12 0 24 7
103 8 13 18 49 19 3 29 15
104 0 11 45 36 0 1 10 14
105 18 2 11 34 5 7 15 14
106 3 5 14 22 14 0 25 8
107 9 9 156 53 0 4 9 12
108 29 11 146 22 4 6 12 13
109 1 7 175 49 0 5 11 11
110 9 13 163 51 1 3 15 16
111 23 6 58 22 0 5 14 10
112 5 6 191 38 12 0 22 14
113 25 2 25 24 3 4 12 15
114 6 10 53 51 5 7 10 12
115 5 7 2 49 0 1 8 14
116 12 13 173 25 15 2 22 12
117 24 8 149 90 16 3 20 15
118 28 12 147 20 1 2 7 13
119 26 11 143 61 22 4 29 14
120 20 21 5 25 1 3 15 17
121 28 6 18 30 6 7 15 13
122 7 18 160 27 0 1 12 15
123 3 11 53 24 3 3 12 16
124 7 3 36 72 0 5 13 11
125 29 18 34 71 0 6 14 10
126 5 3 5 350 15 11 23 21
127 29 13 167 131 13 9 27 14
128 26 20 165 92 4 8 11 12
129 27 5 15 44 15 4 29 14
130 2 5 144 20 0 4 13 11
131 16 2 46 265 2 2 6 13
132 7 6 197 29 25 2 29 15
133 23 9 22 33 7 0 11 5
134 1 10 39 24 23 4 29 14
135 5 15 193 36 9 8 17 14
136 29 13 30 50 6 5 10 15
137 29 2 19 23 18 8 24 20
138 22 11 33 143 6 10 20 18
139 3 11 163 69 6 9 20 20
140 29 14 53 23 0 6 7 10
141 11 6 197 42 0 4 13 11
142 29 4 49 20 13 7 24 11
143 3 7 20 28 1 6 7 10
144 0 7 133 51 6 3 11 15
145 24 12 154 26 2 11 14 17
146 2 18 50 29 1 7 15 12
147 24 10 18 50 5 4 11 15
148 8 18 135 28 15 3 21 13
149 25 19 13 33 13 1 21 7
150 21 15 32 20 6 4 10 15
151 29 11 58 27 23 3 29 15
152 29 13 52 93 0 4 9 11
153 5 9 188 28 0 5 8 11
154 5 13 25 47 6 3 10 16
155 21 11 53 38 16 11 26 15
156 19 4 12 22 18 5 29 12
157 2 15 19 24 5 5 10 15
158 4 16 29 21 23 5 29 12
159 19 19 8 75 3 5 13 14
160 12 12 13 33 19 6 29 12
161 9 13 20 34 25 5 29 13
162 8 15 197 21 4 4 12 16
163 7 10 194 58 8 2 17 13
164 29 8 27 97 5 4 11 15
165 25 12 33 21 20 5 29 13
166 11 20 38 31 0 5 8 10
167 3 6 188 26 20 12 27 18
168 10 10 23 180 21 4 29 13
169 6 13 199 36 17 7 28 17
170 5 13 177 20 23 2 29 16
171 1 3 28 27 0 2 13 13
172 9 8 193 20 16 4 29 14
173 29 9 24 101 23 11 28 19
174 5 13 9 112 7 6 21 13
175 11 5 62 27 20 5 29 13
176 0 13 64 28 4 3 12 17
177 17 21 139 38 0 2 8 13
178 8 8 11 24 5 5 10 14
179 2 3 6 36 21 5 29 12
180 18 16 53 34 0 9 14 21
181 19 18 3 56 6 4 10 16
182 29 14 6 40 0 5 7 11
183 4 7 54 187 15 4 29 14
184 4 10 156 24 1 0 12 5
185 29 9 193 22 0 2 9 14
186 17 15 23 35 3 3 12 17
187 7 5 14 42 19 1 28 11
188 20 18 18 24 4 10 17 20
189 16 10 9 26 18 1 29 13
190 8 6 1 24 1 3 14 16
191 3 8 50 28 0 1 10 14
192 12 15 60 22 4 12 12 18
193 11 11 147 28 0 3 9 13
194 11 14 18 45 0 5 10 11
195 6 13 13 25 22 5 28 13
196 22 12 37 23 20 6 29 12
197 29 9 14 137 0 5 13 11
198 3 6 63 22 11 0 23 14
199 26 13 63 31 4 4 11 15
200 0 11 10 22 8 9 22 20
201 8 9 64 140 1 2 7 13
202 0 3 175 21 7 2 19 15
203 4 13 54 69 6 6 10 13
204 6 12 9 22 11 16 23 21
205 20 13 157 49 3 7 17 20
206 6 7 1 66 15 5 23 13
207 28 4 5 36 6 7 10 12
208 10 19 134 24 9 1 22 14
209 28 8 46 25 0 6 13 10
210 9 7 1 38 0 5 10 10
211 16 8 3 31 0 3 13 13
212 25 4 61 29 2 6 7 11
213 6 9 28 37 15 8 29 15
214 11 5 162 24 24 3 29 15
215 6 8 32 29 17 3 29 15
216 28 3 2 22 1 5 7 10
217 26 5 11 22 18 3 29 15
218 29 7 24 29 6 1 17 7
219 1 4 23 61 17 9 29 19
220 0 8 141 22 6 5 10 15
221 27 9 13 22 4 6 18 16
222 7 10 9 42 20 7 29 11
223 7 4 135 33 20 5 29 13
224 9 9 179 28 5 12 16 17
225 13 2 35 29 23 2 29 15
226 13 0 155 27 5 7 11 13
227 4 12 3 30 17 4 29 13
228 24 12 139 84 23 2 29 16
229 4 12 21 24 22 5 29 12
230 24 14 157 114 3 3 12 17
231 24 18 55 115 4 6 12 13
232 25 2 10 29 0 1 8 14
233 5 6 14 182 5 4 11 16
234 23 4 32 65 21 2 25 16
235 11 3 179 22 5 6 11 14
236 4 17 17 21 15 3 29 14
237 12 8 29 47 4 6 12 14
238 19 10 46 25 17 3 29 15
239 11 6 135 39 6 7 10 13
240 0 13 148 350 0 4 8 11
241 29 4 48 94 0 5 8 11
242 18 20 1 118 21 2 29 15
243 1 8 27 38 22 4 29 14
244 5 10 14 59 3 6 16 20
245 8 11 55 21 4 3 12 16
246 6 10 66 22 6 9 19 15
247 3 13 34 69 19 3 27 10
248 13 12 2 350 1 8 15 12
249 6 20 190 350 7 11 12 20
250 8 9 60 24 2 4 13 16
251 12 10 42 23 23 4 29 13
252 8 7 63 51 10 12 23 19
253 22 5 137 54 11 3 25 7
254 0 13 40 49 5 6 11 13
255 22 12 35 93 1 4 6 17
256 29 4 52 76 25 3 29 15
257 5 6 176 41 6 5 10 15
258 5 10 41 20 3 6 12 14
259 3 18 16 43 1 3 14 16
260 14 20 26 27 8 10 17 16
261 8 8 55 25 3 15 16 20
262 28 4 166 64 3 9 10 16
263 3 12 63 56 0 3 7 12
264 26 7 33 44 1 3 7 12
265 27 4 48 20 1 1 14 14
266 26 12 60 34 5 8 11 12
267 8 7 17 235 16 12 24 18
268 8 4 12 93 18 6 29 11
269 10 18 133 85 2 2 6 14
270 29 5 65 38 25 4 29 13
271 27 6 9 38 10 4 21 15
272 18 16 15 44 1 7 15 13
273 6 13 154 56 20 6 29 11
274 12 14 50 34 16 3 29 14
275 9 14 50 25 1 4 6 12
276 4 5 54 121 1 4 6 12
277 0 7 178 35 3 4 13 15
278 27 10 7 21 0 5 9 10
279 6 9 34 65 16 4 29 13
280 13 14 52 70 4 8 11 12
281 8 11 167 129 2 4 14 15
282 6 17 20 64 0 1 8 14
283 9 10 28 33 19 7 29 11
284 5 9 18 35 16 2 25 14
285 28 13 55 33 15 10 21 18
286 19 12 62 52 20 3 29 14
287 8 10 0 22 17 3 29 15
288 21 12 54 35 6 3 10 17
289 8 12 7 24 20 6 29 12
290 4 8 49 31 18 5 29 13
291 22 9 53 33 3 4 13 15
292 13 5 30 44 10 5 24 11
293 13 19 20 99 3 7 13 13
294 3 1 60 22 6 5 10 14
295 19 1 59 46 9 5 16 18
296 17 16 32 73 15 9 22 21
297 6 7 143 23 5 6 11 14
298 11 11 149 49 16 4 22 12
299 24 10 159 43 25 3 29 14
300 3 5 174 21 1 5 7 10
301 1 7 31 42 12 2 18 16
302 24 4 36 30 4 6 11 14
303 29 6 28 39 4 5 12 14
304 3 16 6 22 0 8 13 14
305 3 3 135 27 5 7 10 13
306 8 4 53 31 17 9 27 16
307 12 5 63 28 3 3 13 16
308 6 8 151 31 16 0 29 4
309 12 12 58 24 20 2 29 16
310 9 7 48 49 20 2 29 6
311 5 7 55 42 7 8 21 13
312 13 20 61 28 0 12 5 20
313 28 7 23 54 9 3 23 14
314 5 9 36 66 17 7 29 11
315 10 10 169 25 0 3 8 13
316 29 21 193 143 11 2 19 6
317 14 17 49 22 12 8 19 18
318 0 13 2 25 20 2 29 15
319 2 5 4 131 4 4 14 16
320 1 6 38 26 3 8 12 12
321 5 13 153 63 0 7 4 16
322 25 5 34 83 2 5 6 11
323 18 0 45 41 1 3 7 12
324 12 14 168 24 2 3 15 9
325 25 8 52 95 5 7 10 12
326 8 8 11 237 16 5 26 19
327 8 13 45 59 20 4 29 14
328 1 9 45 50 0 1 11 14
329 6 7 8 46 15 11 28 19
330 14 3 195 90 4 7 8 19
331 0 10 29 21 4 4 11 16
332 19 1 12 122 0 3 14 13
333 17 14 18 27 1 1 6 15
334 17 10 61 42 16 5 21 17
335 28 14 19 45 9 4 19 18
336 29 5 18 23 1 5 14 15
337 7 8 2 22 1 3 10 10
338 3 5 176 44 25 2 29 15
339 8 8 42 40 22 2 29 16
340 9 10 2 89 17 0 24 11
341 1 2 33 31 6 11 20 20
342 20 8 195 175 8 2 12 15
343 25 5 153 43 1 1 7 14
344 3 4 154 27 8 2 19 15
345 24 9 12 40 20 7 29 11
346 23 19 34 50 15 5 19 12
347 25 8 188 25 3 6 13 13
348 7 3 9 43 0 1 8 15
349 3 21 45 33 6 0 20 12
350 3 9 4 39 0 4 11 11
351 29 13 10 30 4 7 11 12
352 24 11 195 23 16 7 26 21
353 8 15 40 34 1 4 14 15
354 5 10 155 97 0 4 9 12
355 6 13 152 21 0 1 11 14
356 18 11 18 63 20 2 29 15
357 0 5 60 32 1 7 14 13
358 4 12 146 27 0 12 13 18
359 13 12 3 37 24 5 29 13
360 29 12 32 27 0 1 10 14
361 7 18 53 25 15 2 29 15
362 12 8 34 28 4 3 12 17
363 3 4 166 30 14 4 21 13
364 14 12 46 28 16 6 29 11
365 13 7 10 43 0 1 11 14
366 6 6 39 38 21 7 29 11
367 4 12 61 22 17 0 22 11
368 2 12 51 63 9 4 16 16
369 5 15 159 50 5 8 13 12
370 20 9 183 24 0 4 13 12
371 0 12 62 60 1 10 13 20
372 29 8 2 44 21 9 26 13
373 10 8 5 23 17 2 29 15
374 21 8 178 21 4 4 12 16
375 28 4 28 30 0 1 14 14
376 24 9 31 23 4 13 12 19
377 4 6 42 124 12 7 25 11
378 27 1 21 24 0 6 6 18
379 6 5 33 138 3 7 14 20
380 15 1 16 25 13 6 17 15
381 29 12 25 24 2 3 14 17
382 8 10 16 23 10 10 20 20
383 13 8 6 42 3 5 13 15
384 3 10 47 30 0 1 13 15
385 7 4 62 44 12 9 26 19
386 7 3 14 80 13 13 24 17
387 3 10 33 62 5 2 19 12
388 17 13 5 25 16 5 29 12
389 5 7 141 22 0 2 13 13
390 6 9 66 26 0 4 13 12
391 22 8 12 35 21 2 29 15
392 18 2 137 24 6 10 20 21
393 27 12 52 38 9 2 22 14
394 9 6 61 192 0 6 11 10
395 11 6 168 58 4 6 11 13
396 27 21 133 72 0 1 13 14
397 1 14 31 89 2 3 6 13
398 23 10 57 96 1 3 7 13
399 24 7 22 42 15 8 19 18
400 29 14 24 47 18 7 29 11
401 9 18 179 41 0 2 11 13
402 10 14 31 33 0 5 13 11
403 8 12 134 27 19 3 29 15
404 8 15 48 134 6 5 10 15
405 0 8 63 32 25 4 29 13
406 8 5 27 36 19 6 29 11
407 22 13 64 25 3 4 12 15
408 21 11 152 27 0 5 7 11
409 9 14 61 44 2 7 14 13
410 22 12 4 34 22 5 29 13
411 14 3 5 21 4 2 14 10
412 7 10 138 28 1 5 15 15
413 17 20 143 20 6 6 10 14
414 16 8 47 24 19 5 29 12
415 9 8 155 39 3 8 16 20
416 28 8 63 198 1 4 7 12
417 23 10 3 23 15 3 29 14
418 0 6 32 77 5 5 10 15
419 22 5 58 48 15 10 27 16
420 7 12 138 56 23 3 29 15
421 25 8 16 350 19 4 24 11
422 9 7 53 23 23 3 27 8
423 12 7 13 58 25 4 29 14
424 6 19 154 34 14 11 21 21
425 17 6 187 21 17 7 26 17
426 1 3 49 66 2 8 8 12
427 8 11 14 91 10 14 16 21
428 17 10 21 20 3 5 13 15
429 18 10 17 21 0 4 8 11
430 27 9 19 72 2 4 6 11
431 15 16 44 31 6 6 20 10
432 9 6 165 33 0 5 7 11
433 6 15 40 42 24 5 29 13
434 1 3 46 35 18 2 24 12
435 2 8 38 42 20 7 29 11
436 13 21 172 55 3 3 15 13
437 29 12 55 21 22 4 29 14
438 19 3 49 21 4 8 12 12
439 22 13 41 52 0 5 13 11
440 24 5 184 54 5 7 10 13
441 12 15 41 35 19 5 29 13
442 0 10 184 22 0 5 9 10
443 29 9 37 89 22 4 29 14
444 18 3 44 60 0 1 10 14
445 8 7 27 34 0 2 14 14
446 28 10 62 155 25 5 29 12
447 4 13 20 22 13 4 25 17
448 10 10 42 29 17 4 29 14
449 4 5 36 22 9 5 15 15
450 1 6 198 24 6 6 10 14
451 29 5 172 107 14 1 18 15
452 29 18 30 30 1 4 7 11
453 18 0 57 24 2 7 10 19
454 4 14 141 26 22 3 29 15
455 17 14 2 38 24 7 29 11
456 12 8 35 29 15 3 20 12
457 24 7 53 44 16 12 24 16
458 18 10 4 94 25 2 29 15
459 29 4 62 40 25 6 29 11
460 3 13 24 21 0 3 12 13
461 22 6 28 31 20 4 29 13
462 3 8 4 28 15 7 19 21
463 3 7 14 21 22 3 29 15
464 5 9 156 52 0 5 7 11
465 11 12 59 21 0 1 10 14
466 8 7 200 54 2 5 13 14
467 22 1 50 49 21 10 27 14
468 28 4 9 27 6 6 19 20
469 8 9 2 32 23 4 29 13
470 26 15 49 25 15 7 29 11
471 14 14 9 62 5 3 10 17
472 0 6 155 24 11 7 25 17
473 0 5 23 27 5 7 11 12
474 0 4 20 28 24 4 29 14
475 5 14 63 264 4 7 12 13
476 11 8 158 38 1 1 10 10
477 6 13 27 32 5 5 11 15
478 9 10 64 20 15 2 29 15
479 10 6 27 57 22 2 29 15
480 26 4 4 162 6 9 15 17
