28 28 500 240
0 0 52 0
1 0 94 1
2 0 113 2
3 0 94 3
4 0 1 4
5 0 1 5
6 0 153 6
7 0 1 7
8 0 123 8
9 0 143 9
10 0 56 0
11 0 117 1
12 0 124 2
13 0 108 3
14 0 137 4
15 0 59 5
16 0 1 6
17 0 158 7
18 0 64 8
19 0 45 9
20 0 1 0
21 0 79 1
22 0 1 2
23 0 56 3
24 0 143 4
25 0 132 5
26 0 1 6
27 0 170 7
0 1 86 2
1 1 41 3
2 1 1 4
3 1 128 5
4 1 153 6
5 1 70 7
6 1 157 8
7 1 75 9
8 1 91 0
9 1 180 1
10 1 1 2
11 1 78 3
12 1 126 4
13 1 55 5
14 1 129 6
15 1 89 7
16 1 1 8
17 1 79 9
18 1 92 0
19 1 174 1
20 1 121 2
21 1 111 3
22 1 1 4
23 1 141 5
24 1 157 6
25 1 51 7
26 1 101 8
27 1 160 9
0 2 177 4
1 2 44 5
2 2 113 6
3 2 133 7
4 2 142 8
5 2 96 9
6 2 1 0
7 2 1 1
8 2 71 2
9 2 154 3
10 2 91 4
11 2 133 5
12 2 180 6
13 2 157 7
14 2 121 8
15 2 117 9
16 2 101 0
17 2 92 1
18 2 116 2
19 2 1 3
20 2 127 4
21 2 152 5
22 2 53 6
23 2 92 7
24 2 159 8
25 2 1 9
26 2 155 0
27 2 76 1
0 3 1 6
1 3 108 7
2 3 71 8
3 3 155 9
4 3 1 0
5 3 1 1
6 3 41 2
7 3 95 3
8 3 1 4
9 3 99 5
10 3 1 6
11 3 89 7
12 3 49 8
13 3 172 9
14 3 170 0
15 3 66 1
16 3 43 2
17 3 170 3
18 3 163 4
19 3 1 5
20 3 50 6
21 3 63 7
22 3 143 8
23 3 1 9
24 3 1 0
25 3 64 1
26 3 1 2
27 3 139 3
0 4 1 8
1 4 125 9
2 4 101 0
3 4 101 1
4 4 91 2
5 4 82 3
6 4 164 4
7 4 110 5
8 4 88 6
9 4 49 7
10 4 174 8
11 4 1 9
12 4 134 0
13 4 157 1
14 4 107 2
15 4 54 3
16 4 1 4
17 4 45 5
18 4 51 6
19 4 1 7
20 4 54 8
21 4 1 9
22 4 140 0
23 4 87 1
24 4 152 2
25 4 94 3
26 4 112 4
27 4 75 5
0 5 172 0
1 5 116 1
2 5 147 2
3 5 1 3
4 5 1 4
5 5 42 5
6 5 165 6
7 5 135 7
8 5 74 8
9 5 162 9
10 5 74 0
11 5 56 1
12 5 1 2
13 5 1 3
14 5 156 4
15 5 128 5
16 5 82 6
17 5 99 7
18 5 177 8
19 5 146 9
20 5 84 0
21 5 53 1
22 5 1 2
23 5 105 3
24 5 80 4
25 5 113 5
26 5 103 6
27 5 1 7
0 6 53 2
1 6 1 3
2 6 77 4
3 6 1 5
4 6 1 6
5 6 148 7
6 6 1 8
7 6 59 9
8 6 85 0
9 6 41 1
10 6 1 2
11 6 98 3
12 6 80 4
13 6 144 5
14 6 90 6
15 6 125 7
16 6 138 8
17 6 117 9
18 6 113 0
19 6 148 1
20 6 80 2
21 6 77 3
22 6 42 4
23 6 175 5
24 6 86 6
25 6 154 7
26 6 1 8
27 6 60 9
0 7 141 4
1 7 42 5
2 7 72 6
3 7 1 7
4 7 130 8
5 7 85 9
6 7 118 0
7 7 84 1
8 7 138 2
9 7 169 3
10 7 176 4
11 7 79 5
12 7 1 6
13 7 166 7
14 7 100 8
15 7 152 9
16 7 147 0
17 7 130 1
18 7 49 2
19 7 129 3
20 7 58 4
21 7 123 5
22 7 1 6
23 7 159 7
24 7 97 8
25 7 1 9
26 7 177 0
27 7 74 1
0 8 113 6
1 8 66 7
2 8 76 8
3 8 47 9
4 8 146 0
5 8 112 1
6 8 126 2
7 8 146 3
8 8 172 4
9 8 97 5
10 8 1 6
11 8 136 7
12 8 91 8
13 8 124 9
14 8 59 0
15 8 1 1
16 8 177 2
17 8 1 3
18 8 96 4
19 8 48 5
20 8 113 6
21 8 1 7
22 8 127 8
23 8 142 9
24 8 137 0
25 8 125 1
26 8 57 2
27 8 106 3
0 9 160 8
1 9 58 9
2 9 1 0
3 9 1 1
4 9 61 2
5 9 81 3
6 9 1 4
7 9 137 5
8 9 1 6
9 9 82 7
10 9 127 8
11 9 1 9
12 9 92 0
13 9 1 1
14 9 86 2
15 9 54 3
16 9 83 4
17 9 175 5
18 9 51 6
19 9 1 7
20 9 1 8
21 9 1 9
22 9 85 0
23 9 174 1
24 9 168 2
25 9 65 3
26 9 1 4
27 9 157 5
0 10 80 0
1 10 105 1
2 10 180 2
3 10 1 3
4 10 1 4
5 10 91 5
6 10 54 6
7 10 1 7
8 10 93 8
9 10 1 9
10 10 54 0
11 10 109 1
12 10 1 2
13 10 134 3
14 10 103 4
15 10 1 5
16 10 153 6
17 10 110 7
18 10 42 8
19 10 70 9
20 10 58 0
21 10 141 1
22 10 112 2
23 10 55 3
24 10 72 4
25 10 68 5
26 10 109 6
27 10 68 7
0 11 124 2
1 11 127 3
2 11 100 4
3 11 1 5
4 11 154 6
5 11 105 7
6 11 183 8
7 11 1 9
8 11 1 0
9 11 167 1
10 11 190 2
11 11 177 3
12 11 138 4
13 11 152 5
14 11 129 6
15 11 127 7
16 11 1 8
17 11 1 9
18 11 174 0
19 11 168 1
20 11 125 2
21 11 1 3
22 11 133 4
23 11 148 5
24 11 67 6
25 11 85 7
26 11 1 8
27 11 177 9
0 12 113 4
1 12 56 5
2 12 113 6
3 12 1 7
4 12 1 8
5 12 45 9
6 12 110 0
7 12 1 1
8 12 170 2
9 12 1 3
10 12 124 4
11 12 180 5
12 12 143 6
13 12 90 7
14 12 169 8
15 12 104 9
16 12 134 0
17 12 171 1
18 12 1 2
19 12 150 3
20 12 134 4
21 12 165 5
22 12 1 6
23 12 71 7
24 12 180 8
25 12 161 9
26 12 118 0
27 12 70 1
0 13 1 6
1 13 135 7
2 13 97 8
3 13 157 9
4 13 110 0
5 13 139 1
6 13 168 2
7 13 177 3
8 13 144 4
9 13 89 5
10 13 1 6
11 13 256 7
12 13 208 8
13 13 191 9
14 13 186 0
15 13 1 1
16 13 65 2
17 13 97 3
18 13 1 4
19 13 1 5
20 13 110 6
21 13 104 7
22 13 105 8
23 13 1 9
24 13 1 0
25 13 176 1
26 13 1 2
27 13 57 3
0 14 162 8
1 14 74 9
2 14 51 0
3 14 1 1
4 14 82 2
5 14 125 3
6 14 101 4
7 14 122 5
8 14 1 6
9 14 181 7
10 14 250 8
11 14 156 9
12 14 201 0
13 14 145 1
14 14 92 2
15 14 118 3
16 14 169 4
17 14 171 5
18 14 177 6
19 14 1 7
20 14 58 8
21 14 42 9
22 14 154 0
23 14 97 1
24 14 46 2
25 14 44 3
26 14 127 4
27 14 166 5
0 15 96 0
1 15 57 1
2 15 171 2
3 15 91 3
4 15 1 4
5 15 58 5
6 15 64 6
7 15 138 7
8 15 1 8
9 15 148 9
10 15 90 0
11 15 130 1
12 15 52 2
13 15 76 3
14 15 47 4
15 15 134 5
16 15 176 6
17 15 149 7
18 15 157 8
19 15 154 9
20 15 1 0
21 15 84 1
22 15 132 2
23 15 87 3
24 15 66 4
25 15 110 5
26 15 66 6
27 15 1 7
0 16 63 2
1 16 75 3
2 16 145 4
3 16 60 5
4 16 79 6
5 16 128 7
6 16 1 8
7 16 225 9
8 16 143 0
9 16 1 1
10 16 55 2
11 16 212 3
12 16 192 4
13 16 159 5
14 16 184 6
15 16 105 7
16 16 131 8
17 16 67 9
18 16 98 0
19 16 143 1
20 16 130 2
21 16 1 3
22 16 62 4
23 16 1 5
24 16 138 6
25 16 68 7
26 16 105 8
27 16 139 9
0 17 63 4
1 17 133 5
2 17 150 6
3 17 191 7
4 17 212 8
5 17 82 9
6 17 122 0
7 17 114 1
8 17 50 2
9 17 120 3
10 17 103 4
11 17 100 5
12 17 72 6
13 17 180 7
14 17 42 8
15 17 149 9
16 17 98 0
17 17 44 1
18 17 119 2
19 17 1 3
20 17 140 4
21 17 115 5
22 17 1 6
23 17 40 7
24 17 68 8
25 17 1 9
26 17 52 0
27 17 103 1
0 18 1 6
1 18 177 7
2 18 71 8
3 18 149 9
4 18 172 0
5 18 80 1
6 18 158 2
7 18 89 3
8 18 115 4
9 18 124 5
10 18 107 6
11 18 60 7
12 18 77 8
13 18 128 9
14 18 160 0
15 18 146 1
16 18 168 2
17 18 111 3
18 18 154 4
19 18 70 5
20 18 1 6
21 18 42 7
22 18 96 8
23 18 112 9
24 18 175 0
25 18 150 1
26 18 131 2
27 18 167 3
0 19 102 8
1 19 101 9
2 19 144 0
3 19 170 1
4 19 90 2
5 19 169 3
6 19 168 4
7 19 66 5
8 19 1 6
9 19 110 7
10 19 145 8
11 19 64 9
12 19 1 0
13 19 161 1
14 19 90 2
15 19 166 3
16 19 56 4
17 19 132 5
18 19 174 6
19 19 1 7
20 19 151 8
21 19 165 9
22 19 129 0
23 19 86 1
24 19 1 2
25 19 154 3
26 19 89 4
27 19 41 5
0 20 158 0
1 20 110 1
2 20 103 2
3 20 148 3
4 20 159 4
5 20 67 5
6 20 162 6
7 20 1 7
8 20 176 8
9 20 143 9
10 20 113 0
11 20 164 1
12 20 1 2
13 20 70 3
14 20 53 4
15 20 1 5
16 20 107 6
17 20 65 7
18 20 157 8
19 20 161 9
20 20 114 0
21 20 1 1
22 20 52 2
23 20 49 3
24 20 147 4
25 20 67 5
26 20 1 6
27 20 111 7
0 21 101 2
1 21 98 3
2 21 49 4
3 21 107 5
4 21 91 6
5 21 65 7
6 21 187 8
7 21 51 9
8 21 126 0
9 21 64 1
10 21 99 2
11 21 133 3
12 21 1 4
13 21 84 5
14 21 138 6
15 21 139 7
16 21 137 8
17 21 1 9
18 21 119 0
19 21 98 1
20 21 130 2
21 21 161 3
22 21 128 4
23 21 164 5
24 21 143 6
25 21 69 7
26 21 127 8
27 21 156 9
0 22 99 4
1 22 144 5
2 22 1 6
3 22 138 7
4 22 70 8
5 22 115 9
6 22 104 0
7 22 104 1
8 22 78 2
9 22 168 3
10 22 85 4
11 22 176 5
12 22 98 6
13 22 45 7
14 22 172 8
15 22 66 9
16 22 86 0
17 22 112 1
18 22 127 2
19 22 42 3
20 22 67 4
21 22 98 5
22 22 87 6
23 22 49 7
24 22 173 8
25 22 115 9
26 22 60 0
27 22 86 1
0 23 70 6
1 23 1 7
2 23 118 8
3 23 1 9
4 23 170 0
5 23 1 1
6 23 176 2
7 23 152 3
8 23 147 4
9 23 1 5
10 23 133 6
11 23 126 7
12 23 136 8
13 23 142 9
14 23 77 0
15 23 66 1
16 23 89 2
17 23 119 3
18 23 130 4
19 23 53 5
20 23 174 6
21 23 85 7
22 23 102 8
23 23 138 9
24 23 78 0
25 23 136 1
26 23 1 2
27 23 166 3
0 24 66 8
1 24 145 9
2 24 152 0
3 24 45 1
4 24 104 2
5 24 151 3
6 24 1 4
7 24 84 5
8 24 56 6
9 24 1 7
10 24 118 8
11 24 180 9
12 24 172 0
13 24 1 1
14 24 74 2
15 24 103 3
16 24 147 4
17 24 135 5
18 24 1 6
19 24 81 7
20 24 147 8
21 24 54 9
22 24 174 0
23 24 167 1
24 24 176 2
25 24 125 3
26 24 49 4
27 24 134 5
0 25 79 0
1 25 1 1
2 25 173 2
3 25 1 3
4 25 48 4
5 25 135 5
6 25 1 6
7 25 150 7
8 25 93 8
9 25 99 9
10 25 92 0
11 25 103 1
12 25 1 2
13 25 1 3
14 25 142 4
15 25 78 5
16 25 1 6
17 25 120 7
18 25 136 8
19 25 1 9
20 25 78 0
21 25 158 1
22 25 161 2
23 25 1 3
24 25 1 4
25 25 162 5
26 25 112 6
27 25 150 7
0 26 79 2
1 26 1 3
2 26 80 4
3 26 161 5
4 26 74 6
5 26 158 7
6 26 72 8
7 26 99 9
8 26 161 0
9 26 152 1
10 26 79 2
11 26 146 3
12 26 89 4
13 26 149 5
14 26 168 6
15 26 139 7
16 26 166 8
17 26 52 9
18 26 126 0
19 26 211 1
20 26 163 2
21 26 75 3
22 26 57 4
23 26 168 5
24 26 79 6
25 26 74 7
26 26 150 8
27 26 180 9
0 27 142 4
1 27 179 5
2 27 158 6
3 27 74 7
4 27 72 8
5 27 146 9
6 27 127 0
7 27 1 1
8 27 148 2
9 27 150 3
10 27 167 4
11 27 144 5
12 27 134 6
13 27 78 7
14 27 116 8
15 27 142 9
16 27 1 0
17 27 192 1
18 27 266 2
19 27 1 3
20 27 82 4
21 27 138 5
22 27 146 6
23 27 103 7
24 27 64 8
25 27 59 9
26 27 113 0
27 27 57 1
1 17 27 3 36 21 2 27 10
2 15 25 187 32 15 15 20 27
3 23 27 27 48 2 13 9 19
4 4 16 134 57 18 21 26 27
5 1 22 31 75 3 13 9 20
6 3 20 62 34 13 22 23 27
7 3 18 138 38 13 5 24 20
8 11 9 135 43 13 20 22 27
9 15 27 47 116 4 7 14 19
10 25 25 172 36 3 13 8 20
11 15 27 57 31 4 11 17 16
12 8 18 198 33 11 20 25 27
13 1 22 172 54 8 8 19 15
14 15 23 184 30 1 10 10 23
15 9 12 157 32 14 18 22 27
16 8 9 22 36 12 17 23 26
17 10 18 3 33 3 10 8 24
18 8 1 160 112 0 9 11 24
19 12 14 33 38 1 11 9 21
20 10 14 193 31 5 7 16 21
21 23 27 40 35 15 15 21 27
22 10 22 191 36 0 13 11 20
23 1 15 13 34 0 11 13 22
24 4 20 62 33 15 13 26 18
25 20 11 55 35 3 15 10 26
26 19 13 196 31 5 8 12 17
27 8 12 3 35 13 22 22 27
28 1 20 142 55 14 20 22 27
29 19 27 44 46 11 13 24 27
30 8 25 172 37 0 12 13 21
31 8 18 144 60 6 9 16 18
32 13 21 22 57 8 11 14 17
33 18 27 10 33 11 16 25 27
34 7 14 49 33 3 12 8 21
35 23 9 3 40 14 1 26 12
36 13 7 2 47 4 7 18 20
37 16 3 14 46 1 10 14 24
38 2 19 164 32 0 14 12 19
39 23 2 162 35 11 16 24 27
40 20 0 48 132 7 17 14 23
41 22 27 170 35 2 12 9 21
42 19 10 55 48 9 1 21 6
43 4 22 46 40 7 13 17 21
44 8 19 199 68 15 17 21 27
45 26 19 135 43 3 17 8 22
46 22 26 5 37 0 14 14 19
47 2 8 49 34 5 7 16 20
48 13 13 45 32 4 8 17 20
49 20 27 165 57 3 12 8 21
50 19 27 4 32 10 9 21 24
51 24 5 36 77 0 9 15 24
52 19 25 16 36 0 8 10 23
53 7 8 51 42 0 14 12 19
54 5 21 51 36 14 17 22 27
55 22 24 133 31 12 14 23 27
56 13 14 44 34 3 13 8 21
57 10 24 64 38 4 7 17 20
58 18 18 177 31 8 9 21 20
59 8 9 35 39 0 14 12 19
60 0 9 28 36 3 11 8 22
61 6 9 23 39 7 7 15 21
62 11 19 35 131 0 8 9 16
63 8 18 53 31 14 17 22 27
64 11 18 1 37 1 13 10 20
65 21 26 38 35 4 20 18 25
66 13 8 61 39 0 13 12 20
67 22 4 50 37 8 10 14 18
68 7 16 4 31 5 8 18 18
69 2 21 21 32 0 11 11 22
70 23 27 173 54 4 6 17 21
71 8 9 39 32 0 12 11 22
72 15 15 24 55 12 2 19 15
73 7 3 173 75 16 16 26 21
74 4 4 57 34 4 16 13 22
75 15 23 60 42 10 17 25 27
76 6 19 49 31 0 13 11 21
77 2 22 48 34 14 16 21 27
78 22 26 181 40 11 20 18 27
79 4 19 17 35 0 19 12 25
80 16 11 39 37 8 7 20 20
81 5 20 28 39 4 11 17 17
82 11 17 17 60 6 8 15 19
83 14 21 58 38 13 15 24 25
84 11 18 24 35 6 16 19 26
85 25 18 6 32 0 12 15 21
86 25 11 36 65 17 15 23 25
87 6 11 16 33 8 9 13 18
88 7 27 50 31 7 8 15 20
89 14 11 63 50 5 7 16 20
90 4 13 16 42 4 9 17 19
91 18 24 47 43 3 13 8 21
92 26 13 144 260 14 21 22 27
93 15 27 191 31 0 14 15 20
94 4 15 154 58 6 8 16 19
95 14 18 65 54 0 4 6 17
96 8 10 196 40 9 17 16 27
97 10 5 200 64 16 3 24 12
98 14 19 184 30 8 11 15 22
99 7 21 150 32 6 9 16 18
100 10 16 58 30 2 12 9 21
101 10 13 9 34 12 17 23 27
102 21 22 0 34 0 14 13 20
103 9 22 189 162 4 11 18 17
104 17 27 37 52 11 18 24 27
105 17 26 151 31 0 10 15 23
106 4 15 164 32 12 18 24 27
107 20 27 20 37 1 12 10 21
108 11 15 63 32 15 13 20 27
109 16 21 185 33 3 17 10 25
110 12 3 53 44 5 8 17 19
111 14 27 51 78 7 6 14 21
112 23 13 7 56 3 11 8 22
113 13 14 51 32 10 12 23 18
114 25 20 13 31 7 11 15 16
115 11 22 58 59 11 4 19 11
116 11 22 39 46 2 10 13 19
117 6 9 172 203 14 21 21 27
118 3 6 56 40 5 12 11 22
119 6 13 186 36 5 7 17 21
120 13 14 195 35 15 18 20 27
121 20 21 3 76 3 8 18 19
122 8 5 65 36 3 14 8 20
123 17 25 148 66 13 3 20 15
124 2 19 57 48 11 11 22 20
125 1 19 38 68 3 1 18 15
126 6 21 9 31 2 13 16 23
127 0 10 198 50 2 10 9 23
128 6 18 39 35 6 11 16 17
129 0 23 61 34 8 10 13 18
130 8 13 11 32 3 10 17 16
131 22 4 11 32 5 12 16 24
132 8 12 18 61 15 21 20 27
133 10 11 155 44 12 6 21 19
134 4 20 148 44 4 14 12 21
135 11 15 193 83 10 20 17 25
136 7 21 54 81 6 10 15 17
137 23 10 20 78 11 5 16 13
138 3 20 15 30 10 19 25 27
139 17 27 31 38 3 19 8 25
140 10 22 140 34 1 12 7 19
141 13 13 161 31 12 0 20 10
142 9 17 156 47 5 11 17 17
143 14 21 28 45 0 12 11 21
144 17 27 55 70 0 14 15 19
145 13 25 39 63 7 7 14 20
146 8 18 11 32 16 9 26 21
147 15 14 151 33 6 11 15 17
148 27 3 192 38 16 5 26 13
149 3 21 42 32 5 10 16 17
150 10 21 133 50 0 13 14 21
151 4 18 31 35 1 18 8 23
152 18 27 159 41 2 12 10 21
153 24 18 133 75 4 9 18 19
154 15 27 135 39 2 11 14 21
155 21 27 176 30 1 13 10 20
156 6 12 11 39 14 16 21 27
157 21 27 187 53 6 9 16 18
158 22 27 190 59 0 13 15 21
159 13 0 42 97 3 9 18 18
160 22 0 19 44 0 9 13 24
161 10 6 52 154 11 15 25 27
162 27 18 15 39 13 18 22 27
163 20 25 171 64 3 11 9 22
164 9 11 11 52 13 14 23 27
165 5 13 173 45 15 1 23 9
166 4 22 187 36 10 17 25 27
167 15 27 53 42 14 10 19 19
168 21 23 169 79 10 18 25 27
169 6 21 23 51 2 11 9 23
170 17 20 167 49 5 11 16 16
171 10 16 62 49 15 12 27 27
172 2 19 149 45 13 6 27 20
173 13 18 199 166 4 12 14 26
174 19 27 179 31 16 9 25 22
175 5 16 26 39 0 13 12 21
176 24 21 2 81 11 12 25 27
177 4 14 36 31 11 17 21 23
178 27 23 196 40 0 9 11 24
179 10 18 163 49 5 7 17 20
180 26 12 37 39 11 0 24 8
181 7 13 15 122 10 13 25 27
182 22 26 2 36 11 21 24 27
183 1 9 190 41 14 2 25 14
184 23 26 4 35 6 11 15 16
185 2 0 3 36 10 11 16 21
186 3 13 52 45 0 12 11 21
187 8 7 18 31 12 17 24 27
188 13 20 0 42 15 5 24 20
189 10 19 149 66 12 16 20 26
190 3 24 33 31 11 18 24 27
191 14 4 1 88 5 8 16 19
192 13 27 161 48 5 10 17 18
193 17 23 139 30 15 13 20 27
194 25 25 8 92 12 21 23 27
195 18 2 134 155 15 13 22 24
196 10 25 185 31 3 5 13 11
197 13 12 64 64 4 7 18 20
198 18 12 61 48 4 7 17 20
199 17 22 27 52 14 12 21 27
200 25 17 43 33 16 1 27 8
201 11 19 156 31 5 10 17 17
202 0 6 22 34 10 11 20 23
203 22 24 200 93 0 11 12 22
204 12 14 190 55 2 14 10 19
205 7 22 28 45 19 18 27 24
206 11 9 172 34 13 15 22 27
207 10 9 8 41 4 8 17 19
208 24 18 146 54 0 10 11 23
209 0 8 39 49 15 19 21 27
210 6 10 198 52 8 10 13 18
211 24 3 36 31 7 11 15 16
212 16 5 29 88 0 14 11 20
213 23 9 25 44 8 1 14 6
214 9 10 173 80 10 19 25 27
215 19 27 60 32 12 22 23 27
216 19 27 10 39 1 12 7 23
217 8 16 35 33 12 13 24 27
218 18 19 167 32 7 2 19 15
219 9 10 18 42 3 11 9 23
220 4 15 23 31 8 8 14 19
221 16 13 141 208 1 5 7 11
222 7 25 179 60 13 12 23 27
223 11 0 156 35 0 10 14 23
224 24 24 141 30 3 14 9 20
225 22 25 34 35 13 6 27 14
226 4 16 54 123 3 18 14 24
227 9 12 48 46 12 5 20 15
228 23 27 57 140 4 15 19 24
229 18 24 158 68 7 11 15 17
230 2 22 19 39 16 17 25 23
231 3 3 9 72 12 14 24 27
232 15 26 43 38 7 0 19 11
233 3 22 48 120 3 11 18 17
234 11 23 12 47 15 15 21 27
235 18 26 158 34 14 18 21 27
236 25 27 168 51 0 12 15 22
237 15 15 29 36 9 15 19 24
238 23 24 189 30 14 3 23 16
239 11 17 138 44 6 13 21 26
240 7 16 42 32 4 9 17 18
241 6 16 32 114 0 13 12 21
242 12 17 5 44 15 22 20 27
243 18 22 158 62 1 12 11 22
244 2 5 22 35 6 9 16 18
245 16 14 150 68 14 5 25 14
246 21 27 61 45 11 17 24 27
247 8 19 21 31 7 7 14 21
248 10 10 49 75 12 13 23 25
249 12 10 3 31 5 10 16 18
250 18 25 63 46 14 4 21 19
251 19 23 6 66 0 14 11 19
252 12 20 44 41 0 11 6 21
253 13 18 198 31 12 12 24 27
254 3 26 62 32 12 10 22 22
255 16 17 58 32 0 11 12 22
256 16 13 136 49 0 13 13 20
257 13 27 187 31 15 0 27 13
258 23 7 150 73 11 11 17 16
259 10 16 195 49 6 7 16 21
260 15 23 33 63 10 16 23 24
261 18 27 143 30 12 17 23 27
262 10 15 52 73 6 8 15 20
263 5 12 135 52 14 17 21 27
264 6 14 188 36 14 12 20 24
265 9 8 60 37 16 7 24 22
266 14 0 169 35 1 10 11 23
267 26 1 40 260 2 11 9 23
268 7 13 30 35 7 11 15 16
269 19 22 34 34 6 10 15 18
270 2 12 29 47 5 10 16 17
271 17 27 160 31 9 4 14 15
272 17 20 47 54 7 13 16 19
273 0 13 187 47 2 13 10 21
274 9 10 156 46 14 10 26 20
275 10 19 20 49 17 7 24 14
276 15 4 51 32 3 13 18 18
277 8 22 179 31 8 7 13 20
278 24 0 21 32 3 4 9 17
279 2 17 24 33 13 13 22 27
280 11 12 63 36 12 17 24 27
281 21 22 133 51 6 10 16 18
282 8 17 36 34 1 0 15 11
283 16 20 19 38 12 13 21 18
284 25 1 50 34 3 12 8 21
285 9 17 11 45 4 6 15 20
286 12 10 4 31 11 19 24 27
287 22 23 23 52 12 1 23 16
288 4 16 46 32 0 9 15 24
289 1 16 37 50 4 6 18 21
290 3 12 143 36 2 5 14 13
291 8 1 39 32 0 11 14 18
292 8 19 188 35 2 11 9 22
293 4 12 48 47 13 19 22 27
294 6 17 167 31 4 9 13 20
295 13 25 151 38 5 10 16 17
296 5 18 196 30 12 14 24 27
297 16 15 29 32 4 9 17 19
298 7 4 26 39 2 13 9 20
299 2 16 165 47 6 10 16 18
300 4 12 8 37 3 9 15 24
301 21 27 190 31 14 10 20 24
302 18 27 164 49 11 14 24 27
303 4 18 173 34 7 10 14 17
304 3 27 15 64 1 7 15 21
305 13 17 193 80 13 16 18 25
306 5 18 3 85 3 10 8 24
307 21 8 62 154 11 20 25 27
308 11 16 197 144 3 10 18 17
309 6 27 20 40 10 16 25 27
310 7 13 42 30 0 14 11 20
311 14 23 20 34 3 11 18 16
312 5 12 56 63 14 11 25 19
313 2 19 136 32 11 15 24 27
314 10 12 172 31 11 13 24 27
315 23 27 169 34 7 7 15 21
316 5 3 62 34 14 10 20 25
317 23 27 45 30 4 7 18 20
318 3 22 12 46 4 17 9 23
319 25 9 36 44 8 4 23 19
320 21 11 42 33 5 10 17 18
321 8 18 197 45 7 13 22 20
322 14 11 33 61 3 10 9 24
323 26 5 197 41 12 13 24 27
324 17 3 49 51 13 19 23 27
325 14 25 38 118 6 12 18 27
326 6 22 3 70 1 14 11 19
327 4 20 58 45 13 20 22 27
328 13 10 39 57 11 0 17 6
329 17 22 3 31 13 22 22 27
330 17 6 53 37 3 12 9 22
331 7 0 11 31 6 10 16 17
332 16 18 38 42 8 0 22 12
333 19 27 52 260 12 0 19 6
334 23 22 6 64 5 10 17 18
335 3 13 138 68 6 6 16 21
336 6 21 64 47 11 21 24 27
337 16 13 5 66 8 5 20 19
338 3 19 18 56 6 9 15 18
339 9 14 178 47 0 9 7 24
340 6 10 46 31 9 3 21 16
341 11 16 26 35 1 12 11 22
342 9 14 58 125 10 2 24 12
343 9 20 136 260 0 14 11 20
344 4 14 25 47 13 19 23 27
345 23 7 42 38 18 19 24 25
346 17 25 151 52 0 10 11 23
347 21 17 185 55 6 10 15 17
348 13 9 38 38 13 21 23 27
349 20 11 33 48 0 6 5 18
350 6 15 13 30 5 10 16 18
351 9 16 58 35 13 11 22 17
352 4 12 48 62 10 12 25 27
353 20 24 56 35 11 21 24 27
354 8 16 9 37 10 5 16 18
355 9 20 29 102 0 15 14 22
356 6 9 29 48 7 11 14 17
357 20 5 48 30 0 14 12 20
358 13 12 176 36 4 8 18 20
359 9 6 134 32 5 9 17 19
360 27 2 40 32 14 13 22 27
361 1 1 178 40 7 9 20 19
362 23 27 37 85 14 0 20 14
363 6 19 146 32 0 13 14 21
364 8 18 174 34 0 10 14 24
365 11 11 150 36 9 3 18 13
366 21 15 22 36 4 7 14 22
367 22 27 58 59 0 19 12 24
368 18 1 12 87 16 7 25 18
369 15 0 142 30 14 11 25 21
370 2 6 173 40 0 10 12 24
371 2 20 134 32 6 11 20 24
372 19 17 50 62 8 8 14 19
373 21 11 150 40 2 13 10 21
374 27 23 46 37 1 10 12 21
375 16 23 0 78 12 13 24 27
376 3 3 66 34 5 7 17 21
377 25 27 45 39 12 20 23 27
378 4 5 14 32 13 17 21 26
379 27 3 6 31 0 12 10 17
380 21 25 12 65 1 12 10 22
381 17 25 11 36 7 13 18 22
382 14 23 58 30 2 10 10 24
383 13 19 143 59 11 18 25 27
384 15 27 45 43 21 17 27 27
385 13 1 35 43 5 1 20 13
386 4 16 35 59 7 2 14 15
387 15 8 141 64 20 9 25 16
388 0 17 1 34 9 9 21 17
389 21 0 62 32 12 17 23 27
390 10 2 181 54 6 6 15 21
391 13 26 197 31 0 13 13 20
392 20 25 36 59 10 21 25 27
393 9 14 146 33 2 12 10 21
394 5 16 9 38 15 22 20 27
395 21 0 34 59 6 10 16 18
396 7 21 59 260 14 13 21 27
397 8 10 166 71 0 14 13 20
398 6 10 47 44 4 10 18 18
399 8 16 196 52 14 13 22 27
400 8 10 166 49 0 7 15 12
401 18 27 165 39 0 13 11 21
402 12 13 47 31 3 11 9 22
403 22 27 52 46 8 7 13 20
404 12 11 45 39 6 9 15 18
405 18 4 16 41 11 14 25 27
406 17 24 50 33 1 6 11 13
407 10 3 0 40 1 12 6 21
408 23 21 194 34 5 8 17 19
409 12 21 59 49 3 4 14 11
410 9 12 37 34 3 8 18 19
411 6 9 142 86 11 19 25 27
412 3 8 29 32 3 14 16 21
413 0 15 33 38 13 19 22 27
414 17 27 17 41 0 12 11 22
415 13 17 53 43 10 3 17 17
416 21 24 138 33 7 11 14 16
417 26 27 26 41 0 14 14 20
418 2 25 42 31 14 18 22 27
419 9 4 0 85 12 18 23 27
420 10 23 62 49 11 19 25 27
421 20 25 135 68 9 3 16 16
422 21 8 188 45 15 14 20 27
423 14 27 48 33 7 10 12 22
424 6 20 20 39 2 13 9 21
425 27 1 1 34 4 16 17 25
426 4 21 9 32 15 13 27 20
427 20 27 47 54 7 1 20 13
428 16 25 0 38 6 9 16 19
429 9 19 20 47 2 10 9 23
430 24 4 51 75 0 10 15 23
431 17 19 16 31 3 11 18 17
432 6 18 60 84 3 7 18 21
433 22 24 50 36 8 15 14 22
434 26 10 27 30 3 13 9 20
435 0 6 160 36 16 8 27 14
436 2 26 153 34 7 9 15 18
437 3 16 175 37 10 20 25 27
438 9 15 20 32 17 11 23 25
439 19 27 39 44 6 11 21 26
440 6 15 138 52 2 9 10 24
441 22 22 134 36 13 22 23 27
442 12 16 175 33 1 13 11 20
443 20 26 161 42 12 13 23 27
444 24 17 194 51 5 10 17 18
445 15 16 63 44 7 8 14 20
446 9 12 54 260 6 9 15 19
447 7 17 26 44 3 21 10 27
448 2 18 147 44 17 0 23 15
449 8 19 5 99 15 9 24 24
450 18 25 66 70 17 0 27 5
451 22 27 50 32 5 14 17 19
452 27 16 62 59 12 21 23 27
453 4 21 146 52 2 12 14 24
454 16 16 41 36 15 5 26 10
455 2 16 188 34 6 16 15 25
456 7 6 47 98 0 10 15 23
457 26 23 2 83 3 13 8 20
458 23 27 53 48 2 8 10 20
459 15 26 37 43 8 20 23 26
460 6 18 153 256 5 10 20 21
461 6 15 49 46 5 7 17 21
462 6 21 179 94 0 13 11 21
463 22 0 37 35 13 21 22 27
464 5 15 148 76 5 4 11 12
465 15 22 11 51 10 20 25 27
466 8 25 65 32 6 10 17 19
467 19 23 142 32 6 6 15 21
468 3 13 64 35 3 12 9 21
469 15 25 60 48 5 11 16 17
470 9 20 56 37 0 2 13 13
471 11 16 185 35 12 21 23 27
472 18 4 28 42 0 11 14 23
473 12 18 65 39 1 13 7 21
474 8 26 48 32 3 12 9 22
475 18 20 0 32 4 6 11 17
476 10 12 49 31 2 13 9 21
477 24 21 23 43 21 2 26 9
478 3 22 50 35 12 16 19 23
479 20 22 159 45 3 11 18 16
480 19 25 189 36 3 10 9 24
481 13 0 40 30 14 18 21 27
482 18 24 153 41 11 16 25 27
483 11 17 16 61 0 15 8 23
484 7 17 61 38 18 13 24 18
485 21 27 39 33 10 11 18 26
486 7 8 31 36 7 6 15 21
487 7 12 24 34 13 15 20 23
488 15 27 14 32 16 4 27 19
489 16 27 48 46 0 12 8 27
490 5 16 133 31 0 0 5 6
491 22 27 42 37 15 16 21 27
492 4 21 142 44 10 13 25 27
493 18 18 194 30 1 18 15 27
494 17 4 14 36 0 14 13 20
495 26 18 47 36 7 11 14 17
496 10 9 54 35 8 9 13 18
497 22 7 34 32 14 16 24 21
498 8 19 53 79 14 22 22 27
499 21 22 148 53 3 6 18 21
500 13 13 35 91 15 21 20 27
