20 20 300 180
0 0 95 8
1 0 108 9
2 0 316 0
3 0 171 1
4 0 210 3
5 0 268 9
6 0 70 8
7 0 112 8
8 0 167 3
9 0 169 9
10 0 123 0
11 0 91 6
12 0 138 4
13 0 89 3
14 0 136 1
15 0 73 6
16 0 74 5
17 0 138 9
18 0 117 0
19 0 167 8
0 1 91 6
1 1 88 8
2 1 188 9
3 1 284 9
4 1 148 1
5 1 76 3
6 1 140 1
7 1 136 1
8 1 165 4
9 1 176 5
10 1 94 5
11 1 142 3
12 1 119 1
13 1 93 8
14 1 112 2
15 1 168 6
16 1 119 8
17 1 106 5
18 1 64 3
19 1 58 5
0 2 162 4
1 2 74 3
2 2 244 5
3 2 156 7
4 2 189 7
5 2 97 4
6 2 106 3
7 2 290 8
8 2 146 9
9 2 179 9
10 2 162 5
11 2 109 2
12 2 183 7
13 2 74 0
14 2 78 2
15 2 90 6
16 2 66 6
17 2 147 9
18 2 169 8
19 2 114 8
0 3 54 1
1 3 199 4
2 3 154 1
3 3 156 6
4 3 101 7
5 3 62 4
6 3 267 2
7 3 358 1
8 3 189 8
9 3 125 2
10 3 163 2
11 3 200 8
12 3 52 9
13 3 134 7
14 3 54 1
15 3 143 4
16 3 111 0
17 3 111 9
18 3 70 1
19 3 174 1
0 4 189 2
1 4 85 7
2 4 202 2
3 4 132 8
4 4 198 3
5 4 282 3
6 4 258 6
7 4 435 7
8 4 364 7
9 4 120 3
10 4 134 1
11 4 153 0
12 4 212 8
13 4 111 9
14 4 108 0
15 4 69 0
16 4 108 1
17 4 58 5
18 4 68 8
19 4 110 4
0 5 175 3
1 5 191 2
2 5 202 9
3 5 182 3
4 5 192 6
5 5 122 1
6 5 111 6
7 5 280 6
8 5 232 7
9 5 79 1
10 5 73 6
11 5 144 1
12 5 117 3
13 5 100 8
14 5 165 2
15 5 159 2
16 5 121 7
17 5 113 1
18 5 163 8
19 5 75 0
0 6 189 0
1 6 74 3
2 6 93 6
3 6 179 7
4 6 110 6
5 6 73 2
6 6 184 0
7 6 224 4
8 6 332 4
9 6 237 8
10 6 218 2
11 6 110 4
12 6 112 0
13 6 204 8
14 6 66 5
15 6 64 0
16 6 200 7
17 6 178 8
18 6 90 0
19 6 180 1
0 7 98 1
1 7 68 3
2 7 158 1
3 7 207 3
4 7 223 9
5 7 75 9
6 7 105 6
7 7 398 9
8 7 549 5
9 7 232 3
10 7 195 3
11 7 146 6
12 7 93 4
13 7 177 5
14 7 70 0
15 7 170 9
16 7 196 1
17 7 68 8
18 7 104 8
19 7 117 2
0 8 140 1
1 8 113 5
2 8 124 2
3 8 167 8
4 8 135 9
5 8 208 0
6 8 239 4
7 8 114 2
8 8 234 1
9 8 116 8
10 8 111 4
11 8 137 9
12 8 109 5
13 8 105 4
14 8 182 7
15 8 115 0
16 8 73 6
17 8 120 0
18 8 50 5
19 8 83 4
0 9 91 7
1 9 192 6
2 9 195 0
3 9 79 1
4 9 91 8
5 9 63 5
6 9 224 8
7 9 109 6
8 9 123 0
9 9 160 5
10 9 68 5
11 9 109 3
12 9 78 5
13 9 196 6
14 9 90 3
15 9 91 2
16 9 155 0
17 9 95 5
18 9 155 3
19 9 118 2
0 10 77 6
1 10 59 7
2 10 106 3
3 10 168 5
4 10 130 3
5 10 110 0
6 10 105 6
7 10 151 4
8 10 84 4
9 10 156 8
10 10 162 8
11 10 138 0
12 10 80 4
13 10 96 9
14 10 117 0
15 10 77 9
16 10 161 5
17 10 130 6
18 10 180 1
19 10 148 9
0 11 98 4
1 11 61 6
2 11 50 8
3 11 188 3
4 11 144 6
5 11 68 5
6 11 134 1
7 11 134 8
8 11 145 6
9 11 141 6
10 11 129 8
11 11 83 3
12 11 158 6
13 11 94 9
14 11 195 4
15 11 153 8
16 11 50 4
17 11 123 3
18 11 160 9
19 11 132 7
0 12 163 7
1 12 104 8
2 12 171 2
3 12 71 4
4 12 182 9
5 12 136 1
6 12 112 4
7 12 110 3
8 12 92 0
9 12 63 3
10 12 174 9
11 12 69 7
12 12 157 9
13 12 99 6
14 12 176 6
15 12 112 2
16 12 51 1
17 12 158 3
18 12 95 8
19 12 168 0
0 13 192 3
1 13 81 7
2 13 84 7
3 13 185 8
4 13 131 7
5 13 180 6
6 13 191 7
7 13 91 7
8 13 170 4
9 13 115 4
10 13 184 7
11 13 111 4
12 13 162 1
13 13 123 3
14 13 119 5
15 13 131 8
16 13 70 2
17 13 88 3
18 13 148 2
19 13 104 1
0 14 156 6
1 14 134 8
2 14 169 6
3 14 65 3
4 14 157 6
5 14 199 0
6 14 198 6
7 14 173 0
8 14 142 4
9 14 150 6
10 14 188 8
11 14 106 7
12 14 106 4
13 14 161 7
14 14 57 6
15 14 136 6
16 14 92 7
17 14 82 9
18 14 186 0
19 14 150 9
0 15 194 0
1 15 71 6
2 15 84 7
3 15 96 0
4 15 116 6
5 15 133 3
6 15 166 5
7 15 137 6
8 15 122 6
9 15 114 1
10 15 170 0
11 15 188 0
12 15 139 3
13 15 67 0
14 15 57 3
15 15 101 0
16 15 89 3
17 15 82 7
18 15 79 9
19 15 105 7
0 16 115 5
1 16 92 9
2 16 79 2
3 16 129 1
4 16 198 0
5 16 129 9
6 16 146 6
7 16 100 1
8 16 112 1
9 16 127 9
10 16 80 9
11 16 60 5
12 16 186 6
13 16 144 1
14 16 179 5
15 16 53 6
16 16 175 1
17 16 160 5
18 16 167 2
19 16 161 2
0 17 183 4
1 17 187 7
2 17 169 6
3 17 118 5
4 17 112 1
5 17 121 7
6 17 112 7
7 17 195 9
8 17 147 5
9 17 57 7
10 17 133 2
11 17 174 3
12 17 140 4
13 17 137 4
14 17 120 8
15 17 52 8
16 17 98 1
17 17 111 6
18 17 175 8
19 17 111 7
0 18 175 7
1 18 54 1
2 18 125 3
3 18 153 3
4 18 128 9
5 18 144 7
6 18 191 8
7 18 138 6
8 18 190 5
9 18 140 7
10 18 119 4
11 18 114 3
12 18 80 3
13 18 130 1
14 18 187 2
15 18 99 3
16 18 173 4
17 18 200 8
18 18 122 1
19 18 99 4
0 19 108 5
1 19 95 4
2 19 53 8
3 19 82 4
4 19 61 0
5 19 191 4
6 19 82 7
7 19 76 0
8 19 196 4
9 19 170 7
10 19 162 5
11 19 97 0
12 19 114 7
13 19 79 1
14 19 152 7
15 19 68 9
16 19 63 2
17 19 88 9
18 19 127 1
19 19 113 1
1 7 11 97 260 4 9 10 17
2 4 3 54 165 0 0 5 4
3 0 2 115 270 0 0 6 6
4 14 2 59 165 1 8 6 16
5 3 0 18 60 5 2 11 11
6 7 6 69 286 6 6 9 8
7 10 19 64 43 6 1 8 7
8 6 4 113 172 3 0 11 9
9 15 11 104 200 1 0 5 7
10 8 9 140 48 5 3 11 10
11 12 3 138 266 0 0 7 9
12 2 0 140 97 1 0 10 9
13 19 7 40 189 3 2 11 5
14 6 0 39 285 6 13 12 19
15 7 10 37 226 5 2 9 5
16 9 11 68 31 3 5 12 9
17 9 8 139 223 5 4 10 9
18 5 0 81 272 10 10 18 18
19 15 1 32 287 7 3 14 6
20 4 5 104 109 4 3 11 11
21 12 9 81 279 7 9 9 12
22 2 13 25 81 4 3 10 5
23 3 1 95 250 3 2 11 6
24 5 0 127 103 4 0 10 9
25 6 0 139 110 5 3 11 11
26 8 6 98 277 4 4 11 10
27 9 0 101 170 6 0 8 9
28 9 7 90 142 4 2 10 6
29 3 4 112 47 5 2 9 5
30 10 13 44 132 3 1 10 7
31 8 15 75 203 2 7 11 10
32 12 17 93 76 17 1 19 7
33 7 6 95 85 7 3 9 10
34 7 2 118 184 1 0 5 2
35 9 15 29 79 5 0 9 8
36 11 6 39 242 4 4 12 10
37 7 10 113 150 11 0 14 7
38 0 3 23 138 6 3 8 5
39 7 4 52 65 13 13 18 18
40 0 0 37 96 1 0 4 2
41 7 8 4 119 0 0 8 3
42 15 14 92 292 5 6 10 8
43 16 9 117 45 4 3 12 11
44 11 4 20 194 1 0 5 6
45 11 5 97 180 3 2 11 5
46 3 17 55 250 0 0 8 7
47 12 13 24 190 4 0 10 7
48 15 2 23 73 0 0 7 4
49 11 8 84 92 3 3 11 5
50 19 9 90 83 1 0 5 9
51 4 4 94 88 13 8 18 16
52 19 19 6 166 5 3 11 10
53 1 2 17 102 16 6 18 9
54 9 5 94 189 4 5 7 7
55 1 2 69 256 3 3 12 11
56 4 5 110 86 2 1 11 7
57 4 3 52 184 9 5 13 11
58 10 5 33 224 0 0 7 3
59 3 6 4 265 9 6 16 14
60 13 9 29 237 6 2 10 11
61 11 2 111 84 3 2 11 5
62 9 6 85 116 5 1 8 6
63 11 11 37 150 5 5 10 9
64 4 2 126 267 10 5 19 12
65 6 3 77 170 6 4 9 10
66 0 1 73 69 0 0 8 9
67 3 7 48 194 5 3 9 5
68 5 11 44 50 3 5 12 9
69 10 9 86 56 5 3 12 6
70 8 7 38 200 5 0 9 7
71 9 2 21 188 3 2 10 6
72 11 1 108 290 5 5 11 9
73 10 15 49 145 9 3 13 6
74 11 0 86 97 1 0 5 4
75 19 5 112 52 4 0 9 9
76 10 3 136 152 5 3 10 10
77 10 7 72 225 6 4 10 9
78 4 8 13 276 9 2 12 5
79 8 14 131 105 14 14 17 19
80 5 0 101 287 6 3 9 10
81 5 8 37 100 6 2 10 11
82 0 0 65 140 4 7 12 10
83 2 2 117 62 7 4 9 9
84 9 13 0 210 6 5 10 8
85 5 11 139 289 15 0 17 8
86 8 3 91 64 5 0 8 7
87 12 8 44 267 2 2 11 6
88 14 1 75 133 2 0 4 7
89 16 12 139 272 4 1 9 7
90 4 0 31 218 3 3 12 11
91 6 3 94 295 0 0 8 3
92 7 0 82 82 4 1 10 7
93 9 2 113 209 3 0 10 8
94 0 2 93 292 4 14 8 16
95 2 1 92 226 14 11 16 15
96 1 4 93 233 5 5 10 8
97 6 4 99 90 3 4 12 9
98 9 15 51 92 0 0 9 4
99 14 2 81 207 13 2 19 8
100 5 11 130 144 1 0 5 5
101 0 11 94 269 2 9 6 12
102 10 8 105 239 10 2 13 6
103 11 5 32 123 1 1 5 9
104 6 5 82 145 4 2 10 5
105 11 4 32 185 1 0 5 4
106 8 0 7 71 4 1 10 6
107 13 19 7 284 7 3 13 9
108 12 9 116 67 0 0 9 8
109 4 0 80 193 2 5 9 13
110 4 0 119 92 1 0 5 3
111 10 6 40 197 12 2 19 7
112 10 7 78 284 3 4 12 9
113 4 3 72 283 2 1 11 7
114 5 0 67 217 6 1 13 3
115 4 4 73 67 5 5 11 8
116 5 1 86 217 8 0 13 8
117 4 3 132 263 5 0 9 7
118 10 5 100 183 2 1 11 7
119 4 1 28 243 6 0 8 9
120 6 0 122 117 3 2 11 6
121 7 1 28 127 4 5 12 9
122 5 4 120 61 10 7 15 14
123 6 10 136 205 4 0 10 9
124 3 4 76 145 11 3 17 9
125 9 10 89 170 3 0 11 8
126 4 9 10 177 14 10 17 17
127 7 6 137 168 1 7 7 11
128 11 3 59 56 3 5 12 8
129 0 4 40 238 3 4 12 9
130 9 10 73 60 1 14 4 19
131 13 5 9 233 1 0 5 6
132 4 5 72 262 8 14 17 18
133 4 0 117 161 9 9 11 16
134 1 2 109 293 6 5 9 9
135 15 10 63 33 0 0 9 6
136 9 18 2 163 4 3 9 5
137 8 5 103 287 10 9 16 12
138 2 0 122 108 3 0 10 8
139 15 17 55 156 5 0 8 9
140 5 4 15 288 5 2 9 6
141 10 1 52 280 2 3 11 5
142 9 7 14 266 7 3 9 11
143 2 0 11 246 2 0 4 3
144 15 1 73 239 0 0 8 7
145 12 14 96 222 5 0 9 7
146 9 8 32 144 14 10 16 16
147 13 17 97 147 6 4 10 10
148 4 0 107 38 1 0 4 2
149 3 3 11 235 4 3 9 5
150 7 8 82 151 0 0 5 8
151 7 0 109 283 4 3 12 10
152 6 7 96 124 3 4 12 9
153 4 14 14 241 7 4 11 12
154 4 7 94 77 2 0 4 6
155 3 1 48 141 5 6 11 8
156 0 3 62 134 0 0 7 6
157 8 4 66 214 3 5 12 8
158 15 10 52 219 0 0 5 4
159 9 4 39 130 5 2 10 11
160 8 4 125 281 3 2 10 6
161 10 2 138 60 2 0 4 2
162 6 1 38 34 4 6 11 8
163 10 7 4 33 7 6 9 8
164 12 7 4 287 1 3 9 7
165 2 4 64 211 6 3 9 10
166 14 18 62 145 2 0 4 3
167 12 10 14 34 13 10 16 19
168 18 3 135 51 2 1 11 7
169 3 4 8 121 3 4 10 6
170 12 2 76 113 3 0 11 7
171 5 1 128 207 5 5 10 8
172 9 5 7 169 3 5 12 14
173 10 5 97 73 11 1 17 6
174 5 0 99 192 2 0 4 6
175 5 5 22 125 3 2 11 5
176 12 4 83 227 4 5 12 8
177 17 7 133 116 1 0 5 6
178 6 4 42 252 3 5 12 8
179 6 0 117 84 0 0 8 7
180 12 10 112 201 5 1 9 7
181 6 7 80 120 11 11 18 17
182 6 5 96 173 1 9 9 16
183 5 8 6 266 12 4 17 13
184 2 13 127 101 0 0 6 4
185 12 2 114 275 3 3 11 5
186 11 17 21 85 10 1 17 5
187 9 5 110 84 5 4 10 9
188 11 11 38 206 4 13 13 16
189 2 3 36 208 5 2 10 11
190 6 3 81 64 5 3 8 5
191 3 5 62 294 0 0 7 8
192 7 12 47 125 4 6 12 8
193 6 14 109 229 0 0 5 6
194 2 18 26 125 0 0 9 3
195 12 8 99 230 4 2 11 11
196 7 1 34 190 6 5 9 9
197 7 2 107 100 6 2 10 11
198 5 8 42 280 0 0 7 9
199 4 10 34 129 10 7 19 15
200 11 5 21 45 0 4 5 10
201 6 10 126 291 0 0 6 7
202 6 4 55 247 4 1 9 7
203 1 14 67 208 3 3 6 12
204 8 6 42 101 9 11 14 13
205 11 2 82 179 6 5 9 9
206 13 1 70 94 4 11 8 16
207 5 3 36 167 3 5 12 8
208 5 4 71 218 4 6 11 8
209 2 14 91 62 6 13 14 18
210 9 7 86 96 4 6 11 8
211 10 0 31 110 0 0 8 5
212 4 9 40 170 5 5 11 8
213 5 0 101 186 10 1 15 9
214 0 6 122 69 0 0 9 2
215 5 9 33 274 6 5 9 8
216 8 5 97 98 5 2 9 5
217 1 3 89 139 0 0 8 9
218 2 3 35 93 4 3 11 11
219 2 0 21 157 4 3 10 5
220 9 6 132 290 5 6 11 8
221 7 15 98 87 5 3 8 5
222 10 4 99 245 5 0 9 9
223 2 0 17 37 2 0 4 8
224 11 6 108 235 5 1 9 7
225 7 0 39 197 5 1 8 7
226 6 0 62 74 1 4 4 13
227 5 1 3 100 11 8 15 17
228 7 2 95 94 12 0 18 3
229 8 11 16 164 14 8 17 17
230 6 8 40 160 16 0 19 5
231 2 0 120 216 1 0 5 2
232 9 3 82 157 3 1 10 7
233 18 11 30 287 1 0 5 5
234 1 12 17 268 1 8 7 15
235 7 7 77 154 2 1 11 6
236 17 7 38 33 17 5 19 10
237 3 5 0 222 3 16 9 19
238 13 15 15 102 7 16 10 18
239 11 4 24 288 6 6 9 8
240 2 0 66 191 5 7 13 14
241 2 0 27 109 3 3 12 10
242 8 3 115 187 1 0 4 4
243 9 19 10 140 1 7 8 11
244 12 16 12 183 2 0 4 8
245 17 17 63 78 1 0 4 2
246 1 0 102 220 5 1 8 7
247 2 0 16 131 1 10 10 14
248 4 5 110 232 4 5 12 9
249 3 0 114 106 4 1 9 7
250 10 0 22 173 5 4 10 9
251 3 6 91 275 4 3 11 10
252 0 1 56 45 12 15 18 17
253 6 2 25 156 7 4 9 9
254 9 5 45 151 3 3 10 5
255 11 18 36 126 2 7 11 13
256 2 0 5 299 5 5 10 9
257 4 0 5 105 1 0 4 7
258 11 12 25 202 1 0 5 8
259 15 10 44 212 5 0 9 8
260 7 2 45 30 2 10 10 12
261 19 7 26 284 5 1 8 6
262 6 4 85 258 0 0 5 3
263 0 0 98 254 15 6 19 14
264 5 10 57 113 0 0 6 2
265 0 1 43 222 1 0 4 7
266 10 0 110 114 6 6 10 8
267 2 2 138 165 5 5 10 8
268 11 7 39 57 6 4 9 10
269 19 15 51 79 0 0 6 3
270 3 2 120 280 10 12 16 15
271 9 5 114 52 5 4 11 9
272 18 1 38 79 4 4 12 9
273 12 9 137 273 0 0 9 6
274 3 8 132 105 6 5 10 9
275 6 4 10 246 3 1 11 6
276 4 19 66 193 12 12 15 15
277 12 10 3 297 4 2 7 10
278 4 1 25 176 4 6 11 14
279 10 0 44 171 3 3 11 5
280 7 3 121 167 9 4 11 11
281 5 6 34 183 4 11 13 18
282 4 3 113 138 8 5 16 14
283 16 5 16 189 8 0 16 4
284 0 0 8 263 5 4 10 10
285 12 9 31 45 3 5 12 9
286 15 18 89 206 6 4 9 10
287 1 0 56 145 4 6 12 8
288 0 15 33 118 0 0 5 6
289 8 9 96 208 0 0 9 6
290 9 1 1 291 4 10 11 16
291 4 0 83 171 4 1 10 6
292 0 2 81 101 4 6 13 12
293 3 3 87 143 2 0 11 7
294 7 0 75 79 4 2 10 6
295 10 2 56 211 4 3 12 10
296 7 7 30 270 5 0 8 9
297 16 3 97 182 1 0 5 5
298 10 2 80 122 10 2 19 9
299 0 3 70 137 15 2 19 6
300 10 9 109 274 0 0 5 7
