12 12 80 120
0 0 36 1
1 0 100 1
2 0 80 9
3 0 40 8
4 0 68 0
5 0 56 6
6 0 99 1
7 0 66 1
8 0 105 6
9 0 38 9
10 0 46 3
11 0 111 9
0 1 38 9
1 1 109 6
2 1 39 3
3 1 42 8
4 1 65 4
5 1 145 2
6 1 136 1
7 1 122 4
8 1 110 2
9 1 45 9
10 1 105 3
11 1 78 1
0 2 105 1
1 2 112 0
2 2 129 3
3 2 128 8
4 2 147 5
5 2 222 9
6 2 154 5
7 2 94 3
8 2 63 3
9 2 44 9
10 2 71 8
11 2 95 5
0 3 89 4
1 3 112 1
2 3 49 8
3 3 99 2
4 3 100 2
5 3 161 6
6 3 48 1
7 3 120 9
8 3 77 5
9 3 124 5
10 3 108 7
11 3 105 7
0 4 38 1
1 4 66 7
2 4 125 1
3 4 40 4
4 4 133 9
5 4 161 7
6 4 78 6
7 4 126 5
8 4 34 7
9 4 77 2
10 4 109 1
11 4 94 0
0 5 57 4
1 5 47 3
2 5 82 6
3 5 97 1
4 5 56 7
5 5 96 8
6 5 71 2
7 5 89 8
8 5 67 6
9 5 76 6
10 5 59 2
11 5 40 2
0 6 49 3
1 6 115 3
2 6 31 7
3 6 107 2
4 6 66 4
5 6 33 2
6 6 91 8
7 6 81 9
8 6 104 5
9 6 47 8
10 6 110 0
11 6 88 8
0 7 80 6
1 7 81 6
2 7 44 7
3 7 114 6
4 7 39 3
5 7 42 3
6 7 102 2
7 7 48 5
8 7 111 0
9 7 44 0
10 7 103 2
11 7 99 1
0 8 76 9
1 8 33 1
2 8 57 9
3 8 82 2
4 8 121 4
5 8 88 9
6 8 104 7
7 8 53 1
8 8 101 7
9 8 95 7
10 8 71 1
11 8 49 1
0 9 74 4
1 9 93 2
2 9 100 0
3 9 61 8
4 9 90 2
5 9 162 8
6 9 58 8
7 9 94 1
8 9 141 4
9 9 105 5
10 9 53 5
11 9 59 8
0 10 101 8
1 10 75 3
2 10 118 3
3 10 71 6
4 10 81 3
5 10 168 7
6 10 188 0
7 10 58 4
8 10 124 4
9 10 64 9
10 10 81 7
11 10 77 5
0 11 40 3
1 11 44 3
2 11 94 3
3 11 80 3
4 11 108 9
5 11 148 0
6 11 159 5
7 11 154 1
8 11 135 1
9 11 86 3
10 11 95 2
11 11 87 5
1 6 10 10 60 4 0 6 3
2 9 11 18 141 4 5 7 11
3 2 5 83 46 2 0 7 3
4 3 0 32 74 2 0 8 4
5 9 8 7 110 4 3 11 9
6 8 2 68 58 2 0 7 3
7 3 0 60 50 2 5 9 11
8 9 11 13 34 5 9 7 11
9 8 0 56 103 1 0 8 4
10 7 8 89 86 2 3 5 8
11 5 7 85 81 1 0 8 4
12 2 11 82 113 2 0 7 3
13 1 6 62 61 6 8 9 11
14 4 9 40 43 8 7 10 11
15 5 1 66 95 4 0 6 3
16 1 1 33 89 3 0 7 3
17 10 4 51 58 2 7 9 11
18 8 4 23 128 1 4 5 6
19 2 1 15 136 4 5 8 11
20 2 0 33 32 2 7 9 11
21 4 2 64 65 3 1 7 3
22 6 2 31 134 2 6 9 11
23 7 9 88 75 2 6 6 9
24 0 2 1 38 3 8 8 11
25 9 11 85 92 5 6 7 11
26 6 7 33 113 1 0 7 4
27 4 3 45 66 5 6 7 11
28 3 3 0 43 3 0 6 5
29 3 9 38 79 1 0 8 7
30 9 6 41 146 4 0 6 7
31 10 6 89 149 1 0 8 6
32 11 10 88 78 3 0 6 7
33 5 5 57 32 2 0 7 4
34 7 3 68 43 1 0 8 7
35 8 1 30 72 3 6 8 11
36 9 7 78 70 3 0 7 4
37 7 11 17 23 4 4 8 11
38 7 2 37 93 5 5 7 11
39 5 0 37 137 4 6 8 11
40 2 3 11 56 2 4 6 8
41 11 5 29 147 0 1 5 6
42 8 10 51 97 3 5 8 9
43 3 9 43 121 1 1 8 3
44 4 4 47 36 3 0 7 5
45 0 4 13 33 2 1 6 8
46 6 8 40 68 6 6 11 8
47 8 8 26 40 3 5 8 11
48 10 4 62 32 1 7 7 10
49 5 9 83 86 3 0 7 5
50 3 8 82 61 3 8 9 11
51 9 10 54 55 4 0 6 3
52 4 0 47 86 6 6 9 8
53 5 1 43 35 4 4 7 11
54 2 1 31 118 3 7 8 11
55 0 2 4 128 3 0 8 6
56 6 8 13 77 1 0 8 7
57 3 11 5 20 0 5 3 11
58 2 10 32 131 4 1 6 3
59 5 1 28 20 3 7 8 11
60 10 3 60 80 2 0 7 7
61 2 0 63 127 1 0 8 5
62 3 7 4 106 6 1 10 8
63 8 11 64 37 3 0 7 3
64 4 5 37 47 1 1 6 7
65 6 0 50 33 2 1 7 3
66 2 6 57 100 5 3 7 6
67 3 9 85 116 2 0 6 5
68 3 9 53 51 2 0 7 4
69 4 6 11 32 8 7 11 11
70 8 10 3 125 5 6 7 11
71 8 0 32 69 2 4 8 8
72 4 4 88 101 1 0 5 2
73 1 7 59 118 1 3 6 8
74 9 11 19 80 3 7 8 11
75 9 1 65 70 3 0 6 5
76 5 3 69 103 5 9 7 11
77 3 0 53 147 1 2 6 5
78 7 3 85 51 4 4 8 8
79 4 10 31 67 3 0 7 6
80 5 1 31 149 1 0 8 5
