60 30 900 300
0 0 87 0
1 0 130 1
2 0 160 2
3 0 140 3
4 0 122 4
5 0 151 5
6 0 50 6
7 0 50 7
8 0 171 8
9 0 186 9
10 0 97 0
11 0 99 1
12 0 149 2
13 0 92 3
14 0 118 4
15 0 42 5
16 0 145 6
17 0 132 7
18 0 101 8
19 0 82 9
20 0 181 0
21 0 93 1
22 0 73 2
23 0 146 3
24 0 189 4
25 0 67 5
26 0 60 6
27 0 106 7
28 0 109 8
29 0 193 9
30 0 155 0
31 0 57 1
32 0 180 2
33 0 111 3
34 0 183 4
35 0 191 5
36 0 110 6
37 0 100 7
38 0 130 8
39 0 122 9
40 0 183 0
41 0 1 1
42 0 91 2
43 0 160 3
44 0 175 4
45 0 165 5
46 0 103 6
47 0 93 7
48 0 128 8
49 0 1 9
50 0 52 0
51 0 192 1
52 0 86 2
53 0 145 3
54 0 148 4
55 0 92 5
56 0 47 6
57 0 96 7
58 0 184 8
59 0 92 9
0 1 46 2
1 1 109 3
2 1 131 4
3 1 141 5
4 1 125 6
5 1 76 7
6 1 47 8
7 1 178 9
8 1 109 0
9 1 1 1
10 1 181 2
11 1 178 3
12 1 45 4
13 1 1 5
14 1 149 6
15 1 43 7
16 1 168 8
17 1 97 9
18 1 74 0
19 1 197 1
20 1 178 2
21 1 168 3
22 1 178 4
23 1 141 5
24 1 45 6
25 1 71 7
26 1 193 8
27 1 1 9
28 1 117 0
29 1 84 1
30 1 63 2
31 1 154 3
32 1 60 4
33 1 137 5
34 1 180 6
35 1 164 7
36 1 125 8
37 1 69 9
38 1 56 0
39 1 189 1
40 1 66 2
41 1 114 3
42 1 199 4
43 1 47 5
44 1 76 6
45 1 163 7
46 1 1 8
47 1 73 9
48 1 160 0
49 1 125 1
50 1 65 2
51 1 184 3
52 1 123 4
53 1 156 5
54 1 190 6
55 1 162 7
56 1 129 8
57 1 99 9
58 1 197 0
59 1 1 1
0 2 137 4
1 2 83 5
2 2 68 6
3 2 107 7
4 2 65 8
5 2 47 9
6 2 1 0
7 2 193 1
8 2 55 2
9 2 101 3
10 2 91 4
11 2 180 5
12 2 124 6
13 2 1 7
14 2 140 8
15 2 198 9
16 2 119 0
17 2 116 1
18 2 142 2
19 2 198 3
20 2 200 4
21 2 76 5
22 2 128 6
23 2 76 7
24 2 45 8
25 2 173 9
26 2 118 0
27 2 74 1
28 2 154 2
29 2 147 3
30 2 138 4
31 2 107 5
32 2 1 6
33 2 143 7
34 2 171 8
35 2 116 9
36 2 64 0
37 2 124 1
38 2 129 2
39 2 82 3
40 2 114 4
41 2 127 5
42 2 119 6
43 2 174 7
44 2 180 8
45 2 94 9
46 2 104 0
47 2 189 1
48 2 122 2
49 2 147 3
50 2 158 4
51 2 148 5
52 2 114 6
53 2 195 7
54 2 120 8
55 2 173 9
56 2 1 0
57 2 114 1
58 2 162 2
59 2 52 3
0 3 71 6
1 3 66 7
2 3 60 8
3 3 98 9
4 3 132 0
5 3 199 1
6 3 206 2
7 3 109 3
8 3 94 4
9 3 129 5
10 3 112 6
11 3 103 7
12 3 184 8
13 3 101 9
14 3 189 0
15 3 83 1
16 3 200 2
17 3 43 3
18 3 128 4
19 3 86 5
20 3 145 6
21 3 125 7
22 3 140 8
23 3 80 9
24 3 67 0
25 3 195 1
26 3 48 2
27 3 154 3
28 3 176 4
29 3 180 5
30 3 122 6
31 3 117 7
32 3 105 8
33 3 84 9
34 3 93 0
35 3 110 1
36 3 69 2
37 3 171 3
38 3 49 4
39 3 102 5
40 3 200 6
41 3 50 7
42 3 95 8
43 3 194 9
44 3 161 0
45 3 62 1
46 3 68 2
47 3 152 3
48 3 65 4
49 3 82 5
50 3 61 6
51 3 1 7
52 3 190 8
53 3 110 9
54 3 1 0
55 3 119 1
56 3 196 2
57 3 86 3
58 3 156 4
59 3 43 5
0 4 119 8
1 4 152 9
2 4 82 0
3 4 165 1
4 4 1 2
5 4 222 3
6 4 110 4
7 4 174 5
8 4 101 6
9 4 153 7
10 4 137 8
11 4 56 9
12 4 1 0
13 4 161 1
14 4 66 2
15 4 96 3
16 4 67 4
17 4 137 5
18 4 115 6
19 4 140 7
20 4 98 8
21 4 130 9
22 4 91 0
23 4 81 1
24 4 123 2
25 4 66 3
26 4 77 4
27 4 91 5
28 4 158 6
29 4 187 7
30 4 160 8
31 4 131 9
32 4 105 0
33 4 1 1
34 4 1 2
35 4 157 3
36 4 145 4
37 4 132 5
38 4 92 6
39 4 176 7
40 4 47 8
41 4 101 9
42 4 55 0
43 4 160 1
44 4 190 2
45 4 150 3
46 4 174 4
47 4 67 5
48 4 123 6
49 4 53 7
50 4 186 8
51 4 42 9
52 4 91 0
53 4 105 1
54 4 161 2
55 4 147 3
56 4 94 4
57 4 156 5
58 4 170 6
59 4 80 7
0 5 128 0
1 5 197 1
2 5 113 2
3 5 47 3
4 5 105 4
5 5 141 5
6 5 171 6
7 5 80 7
8 5 116 8
9 5 86 9
10 5 1 0
11 5 132 1
12 5 97 2
13 5 83 3
14 5 152 4
15 5 61 5
16 5 57 6
17 5 170 7
18 5 92 8
19 5 123 9
20 5 164 0
21 5 198 1
22 5 186 2
23 5 96 3
24 5 107 4
25 5 144 5
26 5 51 6
27 5 105 7
28 5 61 8
29 5 185 9
30 5 194 0
31 5 54 1
32 5 123 2
33 5 160 3
34 5 187 4
35 5 93 5
36 5 90 6
37 5 146 7
38 5 174 8
39 5 100 9
40 5 138 0
41 5 85 1
42 5 1 2
43 5 132 3
44 5 180 4
45 5 154 5
46 5 194 6
47 5 108 7
48 5 198 8
49 5 171 9
50 5 98 0
51 5 148 1
52 5 177 2
53 5 105 3
54 5 195 4
55 5 69 5
56 5 86 6
57 5 145 7
58 5 167 8
59 5 126 9
0 6 154 2
1 6 166 3
2 6 72 4
3 6 118 5
4 6 292 6
5 6 150 7
6 6 250 8
7 6 189 9
8 6 61 0
9 6 91 1
10 6 73 2
11 6 141 3
12 6 169 4
13 6 100 5
14 6 166 6
15 6 80 7
16 6 142 8
17 6 109 9
18 6 195 0
19 6 58 1
20 6 196 2
21 6 134 3
22 6 160 4
23 6 143 5
24 6 113 6
25 6 70 7
26 6 116 8
27 6 163 9
28 6 1 0
29 6 179 1
30 6 116 2
31 6 147 3
32 6 133 4
33 6 64 5
34 6 1 6
35 6 1 7
36 6 87 8
37 6 157 9
38 6 59 0
39 6 121 1
40 6 159 2
41 6 168 3
42 6 64 4
43 6 174 5
44 6 48 6
45 6 101 7
46 6 69 8
47 6 50 9
48 6 95 0
49 6 1 1
50 6 97 2
51 6 146 3
52 6 92 4
53 6 135 5
54 6 154 6
55 6 145 7
56 6 154 8
57 6 57 9
58 6 95 0
59 6 113 1
0 7 132 4
1 7 147 5
2 7 178 6
3 7 87 7
4 7 144 8
5 7 60 9
6 7 230 0
7 7 54 1
8 7 56 2
9 7 1 3
10 7 104 4
11 7 139 5
12 7 172 6
13 7 183 7
14 7 1 8
15 7 70 9
16 7 149 0
17 7 95 1
18 7 96 2
19 7 68 3
20 7 117 4
21 7 113 5
22 7 182 6
23 7 136 7
24 7 198 8
25 7 125 9
26 7 163 0
27 7 118 1
28 7 51 2
29 7 89 3
30 7 103 4
31 7 184 5
32 7 172 6
33 7 125 7
34 7 162 8
35 7 142 9
36 7 137 0
37 7 101 1
38 7 66 2
39 7 110 3
40 7 1 4
41 7 173 5
42 7 75 6
43 7 85 7
44 7 109 8
45 7 94 9
46 7 198 0
47 7 169 1
48 7 41 2
49 7 103 3
50 7 138 4
51 7 167 5
52 7 167 6
53 7 100 7
54 7 199 8
55 7 59 9
56 7 164 0
57 7 149 1
58 7 156 2
59 7 153 3
0 8 92 6
1 8 190 7
2 8 97 8
3 8 45 9
4 8 120 0
5 8 209 1
6 8 47 2
7 8 99 3
8 8 117 4
9 8 186 5
10 8 154 6
11 8 99 7
12 8 56 8
13 8 140 9
14 8 1 0
15 8 197 1
16 8 44 2
17 8 77 3
18 8 118 4
19 8 163 5
20 8 54 6
21 8 110 7
22 8 110 8
23 8 81 9
24 8 56 0
25 8 138 1
26 8 1 2
27 8 192 3
28 8 156 4
29 8 173 5
30 8 87 6
31 8 120 7
32 8 184 8
33 8 139 9
34 8 57 0
35 8 183 1
36 8 85 2
37 8 116 3
38 8 87 4
39 8 95 5
40 8 56 6
41 8 62 7
42 8 131 8
43 8 168 9
44 8 127 0
45 8 1 1
46 8 142 2
47 8 53 3
48 8 55 4
49 8 82 5
50 8 134 6
51 8 131 7
52 8 107 8
53 8 105 9
54 8 47 0
55 8 60 1
56 8 152 2
57 8 109 3
58 8 134 4
59 8 138 5
0 9 87 8
1 9 158 9
2 9 117 0
3 9 111 1
4 9 182 2
5 9 120 3
6 9 209 4
7 9 180 5
8 9 194 6
9 9 116 7
10 9 79 8
11 9 113 9
12 9 156 0
13 9 168 1
14 9 72 2
15 9 173 3
16 9 154 4
17 9 197 5
18 9 65 6
19 9 175 7
20 9 142 8
21 9 51 9
22 9 53 0
23 9 1 1
24 9 80 2
25 9 189 3
26 9 172 4
27 9 124 5
28 9 132 6
29 9 173 7
30 9 151 8
31 9 131 9
32 9 96 0
33 9 53 1
34 9 1 2
35 9 145 3
36 9 98 4
37 9 156 5
38 9 149 6
39 9 1 7
40 9 169 8
41 9 169 9
42 9 41 0
43 9 74 1
44 9 81 2
45 9 136 3
46 9 159 4
47 9 41 5
48 9 44 6
49 9 127 7
50 9 48 8
51 9 43 9
52 9 130 0
53 9 1 1
54 9 84 2
55 9 57 3
56 9 67 4
57 9 191 5
58 9 163 6
59 9 87 7
0 10 109 0
1 10 149 1
2 10 94 2
3 10 198 3
4 10 96 4
5 10 135 5
6 10 82 6
7 10 124 7
8 10 199 8
9 10 90 9
10 10 145 0
11 10 186 1
12 10 81 2
13 10 153 3
14 10 72 4
15 10 87 5
16 10 115 6
17 10 121 7
18 10 100 8
19 10 143 9
20 10 194 0
21 10 68 1
22 10 59 2
23 10 52 3
24 10 192 4
25 10 56 5
26 10 164 6
27 10 171 7
28 10 96 8
29 10 161 9
30 10 45 0
31 10 117 1
32 10 189 2
33 10 148 3
34 10 134 4
35 10 186 5
36 10 103 6
37 10 110 7
38 10 63 8
39 10 153 9
40 10 118 0
41 10 164 1
42 10 175 2
43 10 56 3
44 10 141 4
45 10 61 5
46 10 49 6
47 10 119 7
48 10 174 8
49 10 190 9
50 10 1 0
51 10 191 1
52 10 171 2
53 10 165 3
54 10 146 4
55 10 100 5
56 10 154 6
57 10 149 7
58 10 155 8
59 10 83 9
0 11 130 2
1 11 124 3
2 11 107 4
3 11 175 5
4 11 201 6
5 11 203 7
6 11 90 8
7 11 110 9
8 11 70 0
9 11 157 1
10 11 174 2
11 11 163 3
12 11 197 4
13 11 195 5
14 11 189 6
15 11 186 7
16 11 142 8
17 11 125 9
18 11 189 0
19 11 53 1
20 11 163 2
21 11 98 3
22 11 146 4
23 11 106 5
24 11 43 6
25 11 96 7
26 11 84 8
27 11 44 9
28 11 185 0
29 11 66 1
30 11 176 2
31 11 95 3
32 11 183 4
33 11 72 5
34 11 147 6
35 11 110 7
36 11 1 8
37 11 70 9
38 11 167 0
39 11 123 1
40 11 176 2
41 11 165 3
42 11 152 4
43 11 121 5
44 11 137 6
45 11 44 7
46 11 66 8
47 11 163 9
48 11 188 0
49 11 104 1
50 11 156 2
51 11 115 3
52 11 182 4
53 11 184 5
54 11 156 6
55 11 122 7
56 11 180 8
57 11 112 9
58 11 156 0
59 11 106 1
0 12 72 4
1 12 176 5
2 12 113 6
3 12 156 7
4 12 1 8
5 12 42 9
6 12 101 0
7 12 162 1
8 12 77 2
9 12 136 3
10 12 196 4
11 12 147 5
12 12 106 6
13 12 137 7
14 12 148 8
15 12 42 9
16 12 138 0
17 12 200 1
18 12 1 2
19 12 97 3
20 12 189 4
21 12 60 5
22 12 196 6
23 12 120 7
24 12 115 8
25 12 55 9
26 12 69 0
27 12 114 1
28 12 109 2
29 12 141 3
30 12 85 4
31 12 40 5
32 12 95 6
33 12 97 7
34 12 185 8
35 12 198 9
36 12 45 0
37 12 78 1
38 12 115 2
39 12 126 3
40 12 87 4
41 12 132 5
42 12 67 6
43 12 47 7
44 12 136 8
45 12 53 9
46 12 124 0
47 12 144 1
48 12 65 2
49 12 180 3
50 12 1 4
51 12 166 5
52 12 63 6
53 12 61 7
54 12 105 8
55 12 161 9
56 12 59 0
57 12 98 1
58 12 193 2
59 12 136 3
0 13 141 6
1 13 65 7
2 13 101 8
3 13 56 9
4 13 76 0
5 13 171 1
6 13 115 2
7 13 160 3
8 13 132 4
9 13 168 5
10 13 86 6
11 13 73 7
12 13 157 8
13 13 123 9
14 13 137 0
15 13 147 1
16 13 193 2
17 13 65 3
18 13 153 4
19 13 162 5
20 13 53 6
21 13 179 7
22 13 195 8
23 13 124 9
24 13 102 0
25 13 175 1
26 13 110 2
27 13 137 3
28 13 138 4
29 13 50 5
30 13 85 6
31 13 97 7
32 13 142 8
33 13 154 9
34 13 179 0
35 13 67 1
36 13 182 2
37 13 131 3
38 13 78 4
39 13 108 5
40 13 87 6
41 13 62 7
42 13 176 8
43 13 64 9
44 13 148 0
45 13 69 1
46 13 191 2
47 13 118 3
48 13 60 4
49 13 91 5
50 13 1 6
51 13 100 7
52 13 72 8
53 13 146 9
54 13 128 0
55 13 193 1
56 13 182 2
57 13 195 3
58 13 148 4
59 13 128 5
0 14 166 8
1 14 50 9
2 14 70 0
3 14 121 1
4 14 165 2
5 14 197 3
6 14 196 4
7 14 48 5
8 14 173 6
9 14 87 7
10 14 197 8
11 14 46 9
12 14 91 0
13 14 42 1
14 14 52 2
15 14 111 3
16 14 74 4
17 14 88 5
18 14 69 6
19 14 193 7
20 14 132 8
21 14 95 9
22 14 85 0
23 14 66 1
24 14 150 2
25 14 110 3
26 14 1 4
27 14 130 5
28 14 51 6
29 14 119 7
30 14 159 8
31 14 108 9
32 14 158 0
33 14 142 1
34 14 55 2
35 14 151 3
36 14 117 4
37 14 86 5
38 14 77 6
39 14 90 7
40 14 59 8
41 14 169 9
42 14 125 0
43 14 171 1
44 14 127 2
45 14 56 3
46 14 86 4
47 14 97 5
48 14 132 6
49 14 162 7
50 14 160 8
51 14 166 9
52 14 182 0
53 14 193 1
54 14 1 2
55 14 189 3
56 14 155 4
57 14 156 5
58 14 140 6
59 14 1 7
0 15 173 0
1 15 160 1
2 15 82 2
3 15 83 3
4 15 145 4
5 15 1 5
6 15 94 6
7 15 66 7
8 15 167 8
9 15 126 9
10 15 123 0
11 15 173 1
12 15 81 2
13 15 92 3
14 15 179 4
15 15 192 5
16 15 95 6
17 15 187 7
18 15 98 8
19 15 134 9
20 15 187 0
21 15 135 1
22 15 159 2
23 15 191 3
24 15 137 4
25 15 66 5
26 15 1 6
27 15 156 7
28 15 82 8
29 15 1 9
30 15 78 0
31 15 181 1
32 15 135 2
33 15 91 3
34 15 116 4
35 15 43 5
36 15 1 6
37 15 63 7
38 15 62 8
39 15 71 9
40 15 46 0
41 15 136 1
42 15 186 2
43 15 92 3
44 15 1 4
45 15 170 5
46 15 191 6
47 15 44 7
48 15 130 8
49 15 195 9
50 15 1 0
51 15 185 1
52 15 128 2
53 15 117 3
54 15 192 4
55 15 112 5
56 15 61 6
57 15 52 7
58 15 111 8
59 15 102 9
0 16 127 2
1 16 139 3
2 16 103 4
3 16 175 5
4 16 46 6
5 16 50 7
6 16 58 8
7 16 195 9
8 16 128 0
9 16 70 1
10 16 152 2
11 16 148 3
12 16 162 4
13 16 159 5
14 16 100 6
15 16 84 7
16 16 80 8
17 16 165 9
18 16 194 0
19 16 69 1
20 16 186 2
21 16 70 3
22 16 105 4
23 16 1 5
24 16 137 6
25 16 183 7
26 16 122 8
27 16 87 9
28 16 109 0
29 16 158 1
30 16 141 2
31 16 48 3
32 16 145 4
33 16 126 5
34 16 171 6
35 16 98 7
36 16 129 8
37 16 190 9
38 16 188 0
39 16 49 1
40 16 127 2
41 16 1 3
42 16 80 4
43 16 1 5
44 16 87 6
45 16 179 7
46 16 152 8
47 16 49 9
48 16 59 0
49 16 56 1
50 16 109 2
51 16 117 3
52 16 1 4
53 16 97 5
54 16 149 6
55 16 179 7
56 16 126 8
57 16 190 9
58 16 164 0
59 16 133 1
0 17 199 4
1 17 44 5
2 17 177 6
3 17 187 7
4 17 57 8
5 17 79 9
6 17 183 0
7 17 184 1
8 17 69 2
9 17 1 3
10 17 154 4
11 17 164 5
12 17 104 6
13 17 159 7
14 17 125 8
15 17 185 9
16 17 1 0
17 17 156 1
18 17 193 2
19 17 164 3
20 17 88 4
21 17 151 5
22 17 193 6
23 17 107 7
24 17 48 8
25 17 58 9
26 17 41 0
27 17 181 1
28 17 1 2
29 17 56 3
30 17 132 4
31 17 98 5
32 17 99 6
33 17 189 7
34 17 134 8
35 17 188 9
36 17 173 0
37 17 88 1
38 17 148 2
39 17 103 3
40 17 43 4
41 17 77 5
42 17 138 6
43 17 79 7
44 17 188 8
45 17 174 9
46 17 97 0
47 17 179 1
48 17 109 2
49 17 51 3
50 17 141 4
51 17 91 5
52 17 163 6
53 17 100 7
54 17 61 8
55 17 1 9
56 17 142 0
57 17 175 1
58 17 87 2
59 17 81 3
0 18 177 6
1 18 115 7
2 18 98 8
3 18 70 9
4 18 84 0
5 18 195 1
6 18 142 2
7 18 141 3
8 18 133 4
9 18 194 5
10 18 134 6
11 18 72 7
12 18 154 8
13 18 133 9
14 18 178 0
15 18 147 1
16 18 70 2
17 18 137 3
18 18 174 4
19 18 102 5
20 18 118 6
21 18 116 7
22 18 92 8
23 18 198 9
24 18 50 0
25 18 110 1
26 18 147 2
27 18 162 3
28 18 103 4
29 18 138 5
30 18 177 6
31 18 112 7
32 18 92 8
33 18 168 9
34 18 139 0
35 18 161 1
36 18 97 2
37 18 139 3
38 18 68 4
39 18 190 5
40 18 112 6
41 18 197 7
42 18 192 8
43 18 170 9
44 18 95 0
45 18 81 1
46 18 94 2
47 18 47 3
48 18 43 4
49 18 170 5
50 18 169 6
51 18 87 7
52 18 184 8
53 18 119 9
54 18 77 0
55 18 181 1
56 18 192 2
57 18 106 3
58 18 126 4
59 18 47 5
0 19 57 8
1 19 80 9
2 19 171 0
3 19 183 1
4 19 199 2
5 19 78 3
6 19 169 4
7 19 132 5
8 19 73 6
9 19 86 7
10 19 62 8
11 19 64 9
12 19 78 0
13 19 46 1
14 19 83 2
15 19 157 3
16 19 163 4
17 19 1 5
18 19 59 6
19 19 171 7
20 19 45 8
21 19 172 9
22 19 72 0
23 19 154 1
24 19 93 2
25 19 65 3
26 19 173 4
27 19 166 5
28 19 188 6
29 19 92 7
30 19 93 8
31 19 162 9
32 19 1 0
33 19 62 1
34 19 88 2
35 19 117 3
36 19 169 4
37 19 107 5
38 19 110 6
39 19 156 7
40 19 149 8
41 19 49 9
42 19 176 0
43 19 102 1
44 19 1 2
45 19 139 3
46 19 155 4
47 19 174 5
48 19 132 6
49 19 1 7
50 19 57 8
51 19 112 9
52 19 162 0
53 19 99 1
54 19 199 2
55 19 194 3
56 19 141 4
57 19 47 5
58 19 117 6
59 19 164 7
0 20 47 0
1 20 141 1
2 20 145 2
3 20 124 3
4 20 197 4
5 20 66 5
6 20 181 6
7 20 55 7
8 20 136 8
9 20 120 9
10 20 119 0
11 20 154 1
12 20 98 2
13 20 152 3
14 20 181 4
15 20 178 5
16 20 53 6
17 20 138 7
18 20 131 8
19 20 188 9
20 20 89 0
21 20 85 1
22 20 129 2
23 20 66 3
24 20 191 4
25 20 193 5
26 20 47 6
27 20 105 7
28 20 182 8
29 20 177 9
30 20 59 0
31 20 163 1
32 20 143 2
33 20 63 3
34 20 185 4
35 20 43 5
36 20 163 6
37 20 191 7
38 20 139 8
39 20 112 9
40 20 93 0
41 20 119 1
42 20 42 2
43 20 96 3
44 20 53 4
45 20 114 5
46 20 189 6
47 20 151 7
48 20 95 8
49 20 183 9
50 20 92 0
51 20 86 1
52 20 109 2
53 20 178 3
54 20 153 4
55 20 61 5
56 20 170 6
57 20 175 7
58 20 132 8
59 20 142 9
0 21 162 2
1 21 123 3
2 21 132 4
3 21 188 5
4 21 91 6
5 21 210 7
6 21 215 8
7 21 198 9
8 21 153 0
9 21 115 1
10 21 124 2
11 21 136 3
12 21 133 4
13 21 81 5
14 21 1 6
15 21 43 7
16 21 117 8
17 21 109 9
18 21 193 0
19 21 104 1
20 21 189 2
21 21 113 3
22 21 169 4
23 21 102 5
24 21 149 6
25 21 144 7
26 21 150 8
27 21 129 9
28 21 1 0
29 21 185 1
30 21 183 2
31 21 163 3
32 21 46 4
33 21 156 5
34 21 113 6
35 21 96 7
36 21 126 8
37 21 81 9
38 21 58 0
39 21 193 1
40 21 189 2
41 21 185 3
42 21 68 4
43 21 78 5
44 21 116 6
45 21 59 7
46 21 196 8
47 21 60 9
48 21 130 0
49 21 125 1
50 21 141 2
51 21 161 3
52 21 185 4
53 21 55 5
54 21 117 6
55 21 112 7
56 21 129 8
57 21 110 9
58 21 151 0
59 21 125 1
0 22 128 4
1 22 163 5
2 22 106 6
3 22 88 7
4 22 232 8
5 22 220 9
6 22 1 0
7 22 216 1
8 22 154 2
9 22 300 3
10 22 196 4
11 22 82 5
12 22 182 6
13 22 88 7
14 22 53 8
15 22 1 9
16 22 158 0
17 22 65 1
18 22 158 2
19 22 1 3
20 22 75 4
21 22 131 5
22 22 149 6
23 22 160 7
24 22 1 8
25 22 158 9
26 22 67 0
27 22 66 1
28 22 53 2
29 22 173 3
30 22 197 4
31 22 131 5
32 22 149 6
33 22 188 7
34 22 69 8
35 22 54 9
36 22 1 0
37 22 67 1
38 22 79 2
39 22 1 3
40 22 58 4
41 22 56 5
42 22 114 6
43 22 118 7
44 22 72 8
45 22 140 9
46 22 61 0
47 22 93 1
48 22 64 2
49 22 126 3
50 22 48 4
51 22 186 5
52 22 108 6
53 22 155 7
54 22 75 8
55 22 192 9
56 22 194 0
57 22 145 1
58 22 79 2
59 22 75 3
0 23 1 6
1 23 184 7
2 23 84 8
3 23 110 9
4 23 147 0
5 23 146 1
6 23 63 2
7 23 181 3
8 23 296 4
9 23 262 5
10 23 300 6
11 23 94 7
12 23 169 8
13 23 139 9
14 23 120 0
15 23 94 1
16 23 1 2
17 23 75 3
18 23 54 4
19 23 122 5
20 23 167 6
21 23 130 7
22 23 177 8
23 23 174 9
24 23 165 0
25 23 52 1
26 23 179 2
27 23 74 3
28 23 69 4
29 23 69 5
30 23 40 6
31 23 141 7
32 23 76 8
33 23 102 9
34 23 176 0
35 23 87 1
36 23 105 2
37 23 193 3
38 23 137 4
39 23 1 5
40 23 107 6
41 23 174 7
42 23 83 8
43 23 69 9
44 23 62 0
45 23 62 1
46 23 158 2
47 23 177 3
48 23 76 4
49 23 141 5
50 23 112 6
51 23 178 7
52 23 67 8
53 23 170 9
54 23 110 0
55 23 1 1
56 23 155 2
57 23 152 3
58 23 101 4
59 23 86 5
0 24 75 8
1 24 182 9
2 24 172 0
3 24 53 1
4 24 191 2
5 24 243 3
6 24 132 4
7 24 184 5
8 24 1 6
9 24 184 7
10 24 185 8
11 24 1 9
12 24 98 0
13 24 123 1
14 24 63 2
15 24 101 3
16 24 103 4
17 24 170 5
18 24 141 6
19 24 150 7
20 24 205 8
21 24 47 9
22 24 96 0
23 24 157 1
24 24 195 2
25 24 117 3
26 24 163 4
27 24 124 5
28 24 1 6
29 24 1 7
30 24 200 8
31 24 171 9
32 24 156 0
33 24 143 1
34 24 166 2
35 24 93 3
36 24 1 4
37 24 125 5
38 24 161 6
39 24 43 7
40 24 1 8
41 24 143 9
42 24 186 0
43 24 50 1
44 24 135 2
45 24 133 3
46 24 145 4
47 24 149 5
48 24 49 6
49 24 150 7
50 24 57 8
51 24 137 9
52 24 132 0
53 24 61 1
54 24 141 2
55 24 1 3
56 24 85 4
57 24 197 5
58 24 117 6
59 24 178 7
0 25 181 0
1 25 51 1
2 25 1 2
3 25 177 3
4 25 212 4
5 25 140 5
6 25 111 6
7 25 73 7
8 25 163 8
9 25 161 9
10 25 71 0
11 25 126 1
12 25 82 2
13 25 136 3
14 25 180 4
15 25 66 5
16 25 143 6
17 25 63 7
18 25 1 8
19 25 147 9
20 25 174 0
21 25 115 1
22 25 60 2
23 25 167 3
24 25 73 4
25 25 140 5
26 25 45 6
27 25 65 7
28 25 124 8
29 25 175 9
30 25 53 0
31 25 143 1
32 25 49 2
33 25 133 3
34 25 58 4
35 25 48 5
36 25 183 6
37 25 60 7
38 25 159 8
39 25 120 9
40 25 47 0
41 25 121 1
42 25 95 2
43 25 152 3
44 25 164 4
45 25 70 5
46 25 1 6
47 25 89 7
48 25 188 8
49 25 100 9
50 25 54 0
51 25 40 1
52 25 124 2
53 25 141 3
54 25 167 4
55 25 59 5
56 25 136 6
57 25 153 7
58 25 99 8
59 25 127 9
0 26 88 2
1 26 137 3
2 26 98 4
3 26 1 5
4 26 139 6
5 26 48 7
6 26 1 8
7 26 1 9
8 26 130 0
9 26 151 1
10 26 129 2
11 26 133 3
12 26 89 4
13 26 51 5
14 26 1 6
15 26 48 7
16 26 189 8
17 26 176 9
18 26 1 0
19 26 254 1
20 26 291 2
21 26 69 3
22 26 124 4
23 26 181 5
24 26 82 6
25 26 74 7
26 26 102 8
27 26 131 9
28 26 83 0
29 26 90 1
30 26 163 2
31 26 119 3
32 26 78 4
33 26 185 5
34 26 43 6
35 26 61 7
36 26 66 8
37 26 44 9
38 26 124 0
39 26 163 1
40 26 185 2
41 26 95 3
42 26 195 4
43 26 46 5
44 26 149 6
45 26 57 7
46 26 61 8
47 26 140 9
48 26 105 0
49 26 156 1
50 26 137 2
51 26 162 3
52 26 1 4
53 26 181 5
54 26 63 6
55 26 148 7
56 26 1 8
57 26 116 9
58 26 187 0
59 26 1 1
0 27 1 4
1 27 99 5
2 27 202 6
3 27 192 7
4 27 106 8
5 27 126 9
6 27 187 0
7 27 161 1
8 27 145 2
9 27 118 3
10 27 66 4
11 27 102 5
12 27 73 6
13 27 71 7
14 27 195 8
15 27 91 9
16 27 188 0
17 27 150 1
18 27 178 2
19 27 118 3
20 27 244 4
21 27 104 5
22 27 151 6
23 27 68 7
24 27 115 8
25 27 167 9
26 27 79 0
27 27 144 1
28 27 151 2
29 27 100 3
30 27 156 4
31 27 125 5
32 27 145 6
33 27 108 7
34 27 130 8
35 27 127 9
36 27 167 0
37 27 109 1
38 27 124 2
39 27 168 3
40 27 62 4
41 27 66 5
42 27 168 6
43 27 182 7
44 27 91 8
45 27 146 9
46 27 197 0
47 27 193 1
48 27 194 2
49 27 51 3
50 27 44 4
51 27 137 5
52 27 151 6
53 27 192 7
54 27 58 8
55 27 85 9
56 27 185 0
57 27 197 1
58 27 129 2
59 27 113 3
0 28 165 6
1 28 114 7
2 28 136 8
3 28 142 9
4 28 71 0
5 28 85 1
6 28 108 2
7 28 114 3
8 28 103 4
9 28 112 5
10 28 50 6
11 28 70 7
12 28 111 8
13 28 103 9
14 28 184 0
15 28 132 1
16 28 105 2
17 28 120 3
18 28 96 4
19 28 116 5
20 28 142 6
21 28 134 7
22 28 99 8
23 28 173 9
24 28 1 0
25 28 69 1
26 28 142 2
27 28 166 3
28 28 71 4
29 28 181 5
30 28 196 6
31 28 158 7
32 28 74 8
33 28 79 9
34 28 126 0
35 28 158 1
36 28 196 2
37 28 156 3
38 28 107 4
39 28 136 5
40 28 199 6
41 28 159 7
42 28 164 8
43 28 103 9
44 28 198 0
45 28 121 1
46 28 66 2
47 28 83 3
48 28 58 4
49 28 111 5
50 28 107 6
51 28 92 7
52 28 197 8
53 28 75 9
54 28 93 0
55 28 1 1
56 28 150 2
57 28 70 3
58 28 83 4
59 28 179 5
0 29 178 8
1 29 51 9
2 29 95 0
3 29 112 1
4 29 75 2
5 29 102 3
6 29 124 4
7 29 192 5
8 29 88 6
9 29 125 7
10 29 119 8
11 29 75 9
12 29 115 0
13 29 143 1
14 29 1 2
15 29 42 3
16 29 96 4
17 29 89 5
18 29 74 6
19 29 1 7
20 29 120 8
21 29 53 9
22 29 123 0
23 29 156 1
24 29 197 2
25 29 121 3
26 29 178 4
27 29 50 5
28 29 172 6
29 29 95 7
30 29 97 8
31 29 51 9
32 29 127 0
33 29 107 1
34 29 1 2
35 29 58 3
36 29 48 4
37 29 174 5
38 29 87 6
39 29 87 7
40 29 1 8
41 29 134 9
42 29 65 0
43 29 63 1
44 29 133 2
45 29 177 3
46 29 111 4
47 29 158 5
48 29 41 6
49 29 108 7
50 29 166 8
51 29 1 9
52 29 160 0
53 29 190 1
54 29 81 2
55 29 150 3
56 29 135 4
57 29 1 5
58 29 1 6
59 29 153 7
1 55 19 11 39 33 5 38 11
2 47 29 45 32 40 13 57 28
3 47 6 77 52 14 15 24 29
4 9 17 241 31 3 19 14 27
5 54 2 48 31 4 7 17 26
6 32 27 54 62 18 20 37 29
7 52 10 59 32 12 2 20 17
8 17 19 3 74 46 8 58 22
9 35 25 38 30 30 18 38 29
10 4 28 81 32 47 15 53 23
11 6 17 56 35 15 10 23 29
12 22 19 14 43 6 12 12 29
13 52 25 8 43 2 4 8 20
14 22 29 63 251 0 20 17 26
15 1 29 66 32 16 14 22 29
16 1 15 28 45 46 6 54 25
17 54 20 18 52 23 15 39 29
18 5 22 10 33 40 9 59 21
19 30 27 33 34 0 8 11 20
20 4 1 85 64 40 7 53 24
21 6 20 49 34 0 3 19 9
22 25 29 248 38 33 8 47 23
23 2 5 48 30 16 9 32 22
24 0 19 2 184 47 23 56 29
25 2 2 221 37 0 17 10 28
26 27 0 26 33 2 2 7 10
27 10 0 10 38 0 19 10 27
28 18 29 66 233 11 19 27 29
29 5 11 81 37 0 0 10 14
30 13 14 195 33 0 11 18 29
31 8 21 71 44 4 17 14 29
32 38 8 77 32 36 3 46 8
33 30 27 68 42 36 6 54 23
34 33 2 14 120 1 17 17 28
35 13 12 57 83 7 6 19 23
36 5 3 55 39 20 0 36 15
37 8 24 41 40 6 20 12 25
38 31 20 25 36 20 14 39 27
39 20 22 187 35 0 14 9 29
40 5 14 84 49 20 6 30 23
41 6 8 55 35 30 13 43 20
42 12 1 247 34 35 5 40 16
43 33 4 245 32 0 0 13 13
44 2 4 39 32 0 0 14 18
45 24 3 243 47 0 19 19 26
46 11 23 178 36 15 13 23 29
47 13 2 80 38 18 5 33 11
48 4 7 81 32 13 13 25 29
49 10 26 9 33 2 19 16 26
50 30 15 83 47 1 1 9 11
51 32 21 251 46 8 4 25 20
52 0 11 83 54 6 12 12 29
53 39 23 0 49 1 0 13 8
54 57 17 52 46 14 21 24 29
55 16 12 19 44 0 18 18 28
56 59 21 26 36 42 10 56 28
57 8 27 61 32 26 5 44 18
58 7 24 33 39 26 3 42 14
59 5 17 51 74 4 19 13 27
60 2 9 40 36 12 17 26 29
61 45 21 66 54 31 1 37 7
62 6 20 199 54 25 0 33 13
63 38 9 30 280 0 10 11 29
64 32 23 185 49 31 2 47 15
65 54 12 2 30 6 3 17 22
66 3 12 54 138 16 1 23 15
67 3 16 46 77 0 10 11 29
68 51 13 35 143 13 23 25 28
69 10 27 40 45 0 19 19 26
70 4 25 209 44 39 5 54 16
71 21 28 175 44 12 21 26 29
72 20 29 25 39 2 6 19 25
73 1 20 21 31 40 11 49 28
74 24 4 14 87 46 3 58 19
75 5 11 58 91 16 21 22 29
76 14 21 25 80 21 0 35 17
77 54 19 67 92 0 0 18 16
78 45 14 2 43 0 2 14 10
79 11 28 258 44 16 10 30 26
80 12 4 8 35 0 0 18 13
81 7 15 8 40 50 8 59 19
82 9 20 50 32 31 2 39 20
83 9 25 49 32 13 21 24 29
84 10 28 32 68 14 18 23 29
85 38 20 54 39 0 14 19 29
86 19 9 35 34 8 1 23 15
87 3 22 4 39 3 16 15 29
88 20 18 10 32 15 15 23 29
89 24 27 77 36 34 3 46 18
90 5 3 4 55 37 7 48 18
91 59 22 195 147 1 20 8 25
92 8 18 58 32 40 6 57 22
93 0 17 228 31 21 7 38 16
94 45 28 12 66 11 12 27 29
95 23 4 9 66 9 11 28 29
96 2 0 47 72 6 8 17 22
97 1 29 42 65 1 1 9 11
98 11 18 26 89 1 0 8 18
99 12 25 27 31 9 6 28 18
100 20 20 49 39 3 11 20 24
101 12 22 43 60 34 2 51 8
102 4 20 71 39 0 14 16 29
103 15 27 184 56 1 1 18 14
104 23 28 47 39 1 0 9 19
105 3 26 208 83 10 23 28 29
106 15 28 51 31 44 6 52 18
107 7 28 53 88 13 0 26 17
108 59 16 1 31 35 2 44 17
109 16 24 244 38 0 0 12 16
110 45 19 31 35 22 2 30 16
111 57 8 52 37 12 21 25 29
112 6 27 5 39 43 19 51 25
113 7 29 43 35 43 9 54 28
114 13 24 54 33 30 10 39 18
115 57 6 260 34 1 11 17 29
116 7 22 67 35 34 9 40 21
117 7 29 54 44 12 23 25 28
118 48 8 224 43 34 8 51 21
119 0 21 234 35 14 17 23 29
120 7 11 5 40 21 15 29 24
121 19 1 31 38 10 1 27 14
122 15 18 242 54 17 6 34 24
123 4 24 63 34 0 14 19 29
124 27 14 11 37 0 0 11 15
125 4 14 217 38 3 17 15 28
126 11 7 72 34 1 20 9 26
127 9 17 58 33 11 23 27 28
128 7 12 67 57 4 10 18 29
129 13 20 3 46 20 21 39 28
130 3 4 78 35 28 1 47 16
131 6 4 54 48 14 3 21 22
132 6 20 24 31 5 1 17 8
133 9 11 50 63 1 10 9 29
134 6 17 5 31 29 4 40 16
135 21 16 85 42 14 15 24 29
136 39 9 257 37 29 6 46 21
137 14 27 34 33 2 18 15 28
138 43 27 14 35 5 13 12 29
139 4 10 256 51 17 13 36 19
140 11 26 259 49 2 18 8 27
141 29 16 36 35 14 13 23 29
142 38 12 79 145 12 15 26 29
143 15 19 15 38 0 19 15 27
144 13 29 39 52 0 20 19 25
145 16 28 49 84 14 13 24 29
146 5 20 10 63 12 16 26 29
147 43 26 224 108 5 14 20 27
148 34 10 39 58 0 0 19 12
149 52 18 44 35 3 15 14 29
150 3 22 255 157 21 2 35 19
151 7 2 35 69 29 17 41 29
152 34 0 12 35 5 11 24 29
153 8 28 223 45 0 0 13 17
154 59 11 235 70 24 2 40 9
155 10 5 0 48 0 0 11 17
156 24 5 18 38 10 11 27 23
157 15 22 260 91 28 13 34 27
158 13 21 200 87 0 11 18 29
159 14 20 45 57 3 2 11 20
160 11 23 194 157 2 15 15 29
161 7 19 184 50 6 14 11 29
162 9 1 43 62 0 0 18 13
163 4 18 15 34 0 3 19 9
164 45 22 218 34 39 8 57 21
165 48 24 197 67 4 16 13 29
166 3 15 253 49 44 18 55 25
167 5 25 1 76 6 10 23 29
168 7 29 240 47 4 11 13 29
169 22 1 19 36 41 1 54 16
170 15 12 0 31 10 5 22 16
171 12 27 217 38 40 21 59 28
172 33 7 25 101 1 10 14 28
173 23 22 74 96 45 4 56 18
174 13 21 25 35 27 21 39 26
175 4 21 13 42 0 10 10 29
176 24 18 73 38 2 0 7 13
177 0 1 44 41 29 1 41 20
178 31 10 6 41 16 23 21 28
179 22 29 23 86 11 9 25 16
180 3 28 36 76 11 17 26 29
181 26 27 28 32 0 18 10 27
182 25 22 7 38 0 0 11 18
183 7 8 54 120 2 0 8 11
184 2 15 249 35 21 19 31 24
185 8 18 202 126 51 5 59 12
186 5 24 231 31 12 20 26 29
187 12 21 37 30 0 2 15 10
188 11 3 15 40 0 18 11 27
189 0 24 39 46 32 9 38 17
190 17 28 70 50 10 4 17 13
191 55 20 79 32 17 5 22 10
192 3 24 4 88 2 20 7 25
193 49 5 71 72 6 7 21 15
194 7 29 48 267 3 13 15 29
195 57 28 76 126 11 10 27 29
196 34 9 23 118 13 13 25 29
197 24 27 40 33 1 7 7 26
198 5 7 198 34 51 7 56 14
199 15 5 34 35 0 17 14 29
200 20 20 187 77 0 0 11 17
201 55 15 224 71 0 0 11 18
202 7 5 204 33 4 12 14 29
203 0 12 63 91 0 2 11 9
204 0 26 23 86 36 16 51 29
205 56 10 6 36 0 2 16 9
206 29 29 51 36 45 3 55 18
207 0 1 196 33 13 21 24 29
208 13 25 1 31 0 17 16 28
209 6 12 182 50 40 3 50 18
210 34 9 33 34 0 10 13 29
211 9 20 65 46 31 4 50 17
212 6 25 202 50 26 11 45 20
213 24 25 18 35 34 8 43 25
214 6 9 36 45 43 4 58 14
215 27 15 38 33 28 10 46 17
216 44 9 45 39 45 7 59 22
217 15 22 24 35 33 15 48 28
218 20 26 43 31 47 8 58 18
219 14 5 211 33 11 4 30 22
220 14 26 58 31 33 8 45 25
221 22 29 46 87 31 7 38 18
222 2 6 240 39 9 19 28 29
223 4 25 78 33 10 18 28 29
224 19 27 72 103 0 17 17 29
225 29 5 242 79 8 3 27 18
226 9 23 67 40 40 15 46 25
227 50 4 217 35 1 13 8 29
228 11 7 2 60 14 23 23 29
229 7 18 174 38 16 1 30 12
230 21 29 27 33 53 9 58 26
231 4 29 251 51 44 11 57 24
232 13 20 75 31 29 10 41 19
233 6 23 214 30 46 7 55 19
234 58 7 30 71 38 12 46 17
235 47 10 232 31 35 0 41 19
236 4 2 4 36 14 15 23 29
237 53 11 215 32 10 16 27 29
238 10 22 12 45 0 13 19 29
239 32 8 188 34 1 15 17 29
240 58 15 81 31 5 12 12 29
241 25 16 41 35 16 8 35 19
242 37 8 19 36 1 12 9 29
243 41 15 78 49 31 5 46 24
244 20 21 81 31 0 18 15 27
245 20 14 245 41 14 23 24 29
246 13 21 7 94 2 3 13 16
247 3 24 222 32 11 21 26 29
248 24 1 19 36 2 2 8 10
249 19 27 40 34 15 10 22 29
250 30 15 212 33 0 18 19 27
251 10 17 57 41 19 5 37 13
252 37 21 17 43 12 6 18 17
253 28 27 238 31 38 13 56 28
254 11 27 51 32 0 20 13 26
255 12 23 49 35 1 0 8 18
256 40 25 188 33 19 22 34 27
257 22 13 219 53 1 10 16 29
258 16 9 73 86 0 0 18 15
259 23 26 239 64 13 16 27 28
260 4 21 184 47 39 15 52 20
261 20 25 82 43 1 17 8 28
262 17 28 34 36 11 1 17 8
263 23 29 35 48 35 16 54 23
264 22 22 73 32 17 17 27 28
265 15 5 78 31 34 20 44 26
266 4 6 57 41 5 7 22 25
267 11 17 43 30 4 1 16 18
268 11 29 226 34 0 7 17 24
269 43 0 25 36 6 7 20 24
270 48 25 242 31 4 7 11 18
271 4 17 83 34 34 0 42 13
272 5 29 61 33 16 21 21 29
273 5 8 76 81 23 8 34 21
274 39 20 79 37 20 4 34 12
275 17 20 47 44 5 6 23 23
276 46 27 193 57 6 19 11 26
277 2 23 77 149 19 20 32 27
278 0 17 31 51 0 11 13 27
279 5 6 14 35 11 23 27 29
280 47 28 81 31 42 9 59 21
281 1 12 231 32 16 11 22 29
282 0 24 49 30 2 14 20 29
283 2 0 44 33 14 8 33 17
284 24 9 245 67 7 5 17 18
285 6 7 48 43 45 14 55 25
286 47 18 78 33 15 23 22 29
287 14 25 25 63 50 9 58 22
288 1 25 196 32 0 0 18 14
289 3 29 54 47 5 17 12 25
290 14 21 190 56 38 3 54 11
291 7 5 51 33 0 0 17 19
292 2 1 44 33 43 11 56 27
293 18 25 45 55 16 15 21 29
294 6 15 8 44 10 21 27 29
295 10 23 24 38 0 2 16 9
296 51 21 57 100 10 22 28 29
297 30 5 55 44 1 0 9 12
298 11 21 36 77 0 1 14 10
299 10 21 61 52 0 17 17 28
300 8 3 253 36 25 23 36 28
301 10 27 33 68 16 20 21 29
302 0 26 257 40 30 9 37 22
303 46 17 16 65 37 7 55 17
304 2 23 43 31 0 0 13 12
305 29 11 52 42 12 19 24 28
306 15 12 14 126 26 9 35 15
307 34 14 85 39 6 12 12 29
308 6 26 48 38 1 13 17 29
309 15 19 177 31 18 6 37 16
310 10 17 241 31 3 13 14 29
311 23 7 195 44 2 0 8 11
312 0 18 37 48 6 13 12 29
313 15 20 50 44 0 0 13 15
314 17 29 245 36 15 15 23 29
315 15 28 196 35 10 6 21 19
316 23 27 21 46 2 0 8 19
317 25 28 176 38 0 12 18 29
318 10 6 50 51 15 0 33 15
319 9 18 246 37 47 8 59 27
320 9 4 19 32 12 11 18 23
321 40 8 53 32 9 10 22 27
322 38 25 33 53 0 0 9 15
323 1 27 198 114 0 1 17 10
324 13 28 85 109 16 14 28 28
325 9 28 42 41 31 24 46 29
326 12 22 246 36 27 13 39 23
327 10 2 83 31 5 13 12 29
328 13 23 1 31 23 5 34 18
329 14 27 59 31 24 12 32 19
330 55 25 18 63 14 12 31 20
331 9 24 31 40 31 0 40 17
332 0 26 24 39 35 5 53 22
333 24 9 25 36 20 6 29 25
334 36 16 46 47 31 11 47 28
335 56 10 188 58 28 0 45 13
336 1 5 28 34 32 0 38 12
337 4 26 7 44 4 8 12 27
338 7 7 19 51 3 4 19 9
339 9 26 44 59 0 0 18 19
340 1 19 216 43 8 22 20 27
341 32 6 52 31 0 5 16 19
342 18 18 63 35 6 14 13 23
343 21 23 81 48 3 6 22 15
344 0 10 223 30 37 3 54 15
345 23 29 24 115 0 0 11 13
346 7 27 197 45 44 7 58 14
347 12 25 27 145 0 12 9 29
348 25 8 80 30 11 11 26 29
349 18 13 6 93 43 8 51 24
350 45 3 43 145 2 17 16 29
351 8 23 43 40 2 0 7 18
352 10 15 181 30 2 15 15 29
353 15 20 81 157 0 1 16 10
354 45 8 6 32 26 10 41 24
355 8 28 26 36 0 16 19 29
356 7 7 56 48 0 12 18 29
357 11 26 249 82 0 2 13 10
358 13 28 10 30 1 0 8 13
359 2 17 211 114 1 19 9 27
360 3 20 45 31 0 15 19 26
361 15 28 182 30 3 19 14 26
362 15 27 71 30 24 20 34 26
363 24 20 32 36 4 8 18 16
364 23 9 255 35 50 3 57 13
365 57 20 255 34 6 17 11 28
366 0 7 255 59 2 14 15 29
367 16 9 253 52 0 17 13 28
368 30 9 73 40 0 18 17 28
369 8 25 61 36 0 10 14 29
370 15 23 33 38 0 0 18 12
371 28 14 72 30 22 17 31 26
372 25 29 175 32 40 2 48 20
373 9 17 224 33 0 0 15 18
374 18 7 2 38 2 11 16 29
375 55 3 209 32 1 0 8 16
376 49 27 35 57 0 20 13 26
377 15 28 23 43 20 9 35 14
378 29 21 48 32 37 15 45 20
379 32 12 13 42 0 3 18 11
380 32 26 40 30 9 23 28 29
381 25 22 39 31 0 0 17 19
382 16 18 53 31 1 18 17 28
383 7 8 260 35 25 10 39 20
384 15 24 212 40 4 10 13 29
385 2 8 226 54 2 0 20 16
386 6 1 23 41 0 1 9 10
387 24 8 75 43 0 0 13 13
388 59 12 54 33 2 1 8 16
389 3 28 71 31 3 18 15 28
390 58 19 82 108 13 2 22 15
391 32 23 1 37 0 19 16 27
392 4 24 77 34 0 13 17 29
393 3 27 62 130 0 13 16 29
394 9 27 24 32 0 17 17 29
395 5 21 24 41 13 23 24 28
396 4 28 220 58 46 3 52 21
397 7 18 45 65 0 2 19 10
398 46 24 246 94 28 4 44 21
399 36 8 51 36 0 18 12 25
400 4 25 188 55 6 19 11 27
401 22 28 246 43 1 19 16 27
402 29 9 72 95 10 9 15 28
403 6 7 43 51 24 9 34 24
404 21 26 48 162 3 19 14 26
405 3 7 53 36 0 0 10 16
406 1 9 10 45 44 8 49 23
407 21 29 50 62 20 16 39 22
408 4 18 80 37 10 23 28 29
409 29 3 1 199 12 12 28 19
410 14 23 195 45 45 5 52 19
411 46 1 224 43 15 13 34 27
412 17 23 22 33 11 15 27 29
413 24 24 57 78 15 12 22 29
414 23 0 84 61 5 17 13 29
415 59 13 23 32 0 15 11 29
416 40 11 260 43 3 2 15 17
417 8 3 76 54 28 5 41 12
418 0 11 246 67 0 2 11 10
419 18 9 249 39 13 4 24 20
420 32 23 242 66 0 0 15 19
421 5 18 222 147 14 19 23 29
422 51 6 1 57 23 8 32 22
423 18 28 213 38 0 10 15 29
424 46 17 72 66 3 14 20 23
425 0 6 54 38 40 8 45 16
426 7 22 56 52 1 11 16 17
427 38 8 40 30 40 19 57 28
428 11 29 59 49 8 14 17 22
429 17 27 77 110 23 4 28 21
430 15 23 194 49 11 10 26 29
431 20 29 174 79 3 20 14 25
432 14 29 28 34 38 14 54 21
433 23 26 18 45 0 16 15 29
434 21 28 221 33 1 0 9 12
435 11 25 41 35 16 19 22 29
436 25 17 41 31 6 14 11 29
437 5 23 37 36 9 10 28 29
438 4 10 225 30 0 19 19 27
439 20 27 27 35 2 0 8 13
440 9 25 235 36 10 23 27 29
441 1 3 62 105 0 1 14 11
442 1 25 19 66 29 13 42 26
443 22 29 182 47 35 13 40 25
444 56 0 63 59 24 10 30 20
445 6 19 51 72 0 18 18 28
446 8 4 12 42 33 11 46 29
447 41 26 51 37 14 13 24 29
448 2 13 15 33 41 13 48 28
449 9 15 17 30 1 20 8 25
450 2 5 234 31 1 20 16 25
451 42 5 235 54 0 1 17 10
452 10 24 29 32 0 0 11 19
453 7 28 47 204 19 21 25 26
454 11 5 174 60 5 17 13 28
455 42 15 62 39 50 17 57 24
456 49 3 84 32 13 20 24 29
457 7 25 250 86 0 20 18 26
458 47 9 241 35 34 10 53 23
459 13 15 213 31 32 7 42 26
460 0 20 73 79 0 19 19 26
461 50 20 79 31 0 0 16 16
462 21 23 76 42 6 17 12 29
463 10 11 205 35 29 0 38 15
464 49 25 7 36 5 12 12 29
465 5 29 240 31 50 14 56 20
466 41 22 36 44 16 12 21 29
467 36 27 242 122 2 0 8 17
468 20 27 215 31 37 12 44 21
469 3 22 84 161 34 9 47 23
470 13 18 205 40 36 9 55 24
471 4 6 77 65 27 20 35 29
472 15 29 46 44 12 6 30 24
473 4 3 52 50 1 2 8 9
474 5 0 221 34 15 12 23 29
475 10 11 29 33 14 11 24 29
476 7 4 245 56 3 20 14 25
477 2 24 85 43 11 13 24 23
478 27 17 82 35 2 0 7 11
479 20 20 207 64 1 0 9 13
480 51 18 42 37 9 16 28 29
481 15 29 9 33 33 15 39 26
482 3 11 234 34 13 23 25 29
483 3 19 29 32 16 13 22 29
484 10 11 57 32 12 15 25 29
485 54 19 30 63 33 2 46 21
486 29 10 85 33 4 18 13 28
487 31 15 59 33 21 15 32 22
488 4 5 39 42 0 0 11 14
489 7 21 36 32 16 23 21 29
490 55 7 18 51 0 11 7 28
491 15 28 247 46 18 2 25 18
492 46 24 256 31 2 0 7 17
493 9 20 6 185 16 0 21 17
494 10 3 219 58 19 5 34 14
495 57 5 77 44 48 17 55 29
496 18 25 212 34 0 13 14 29
497 31 25 59 56 21 9 36 23
498 11 25 7 47 2 20 9 29
499 4 24 0 75 1 0 8 19
500 39 3 204 32 27 10 45 25
501 20 27 41 51 24 8 39 26
502 11 6 79 33 26 6 36 24
503 1 1 76 41 39 2 52 15
504 15 27 6 32 0 0 13 16
505 6 5 57 40 16 0 35 17
506 22 23 38 38 4 12 14 29
507 21 19 237 94 2 15 16 24
508 7 20 236 35 30 13 42 21
509 24 29 21 45 12 14 25 29
510 4 4 8 31 0 20 12 26
511 10 21 84 47 0 0 11 19
512 23 11 230 31 0 13 17 29
513 3 15 188 107 0 0 18 19
514 3 26 246 49 8 11 19 26
515 16 24 19 40 32 1 42 20
516 43 25 197 32 33 13 52 26
517 22 24 9 50 43 21 49 29
518 22 18 26 33 6 20 12 26
519 8 28 58 37 12 11 18 22
520 13 18 84 102 2 16 8 29
521 5 22 79 48 27 9 45 24
522 2 1 14 60 0 17 18 29
523 3 26 178 33 37 3 54 20
524 23 29 230 31 17 10 26 20
525 24 13 9 43 5 3 20 18
526 48 29 9 42 0 20 17 25
527 32 25 41 42 24 6 41 15
528 7 25 42 76 0 0 19 14
529 31 15 11 41 3 10 14 29
530 35 11 32 36 15 23 23 29
531 2 0 70 34 21 9 26 19
532 28 24 204 34 11 20 18 26
533 22 28 230 41 39 5 54 22
534 6 10 46 30 13 8 24 27
535 3 27 227 49 3 18 15 28
536 15 24 190 121 0 20 15 26
537 5 28 231 30 24 8 34 14
538 22 28 43 48 2 5 20 15
539 2 20 6 42 2 1 8 10
540 50 6 78 37 0 19 18 26
541 19 29 245 89 0 12 14 24
542 15 9 32 87 0 20 17 26
543 7 17 14 33 0 16 17 29
544 0 10 78 56 16 17 22 29
545 26 14 0 32 5 18 16 26
546 56 27 18 45 36 2 43 7
547 9 11 32 47 44 5 49 19
548 3 3 196 85 0 0 17 17
549 10 23 11 32 41 4 50 19
550 6 17 216 154 0 0 17 11
551 5 20 46 58 33 12 42 23
552 11 0 60 32 0 3 16 8
553 3 18 65 31 35 7 51 18
554 7 28 203 34 20 1 32 13
555 11 7 31 58 0 3 18 13
556 21 29 3 33 4 13 18 26
557 6 28 22 280 0 20 14 26
558 25 24 223 30 0 20 10 26
559 6 4 0 83 1 20 8 25
560 39 16 176 41 49 2 59 13
561 22 24 205 31 37 9 49 16
562 8 23 51 60 3 12 14 29
563 8 19 43 40 10 8 17 21
564 8 10 65 41 0 18 9 27
565 47 23 3 64 29 7 41 20
566 17 29 9 46 16 18 32 29
567 12 21 204 34 0 19 9 27
568 3 26 27 31 5 4 10 14
569 0 10 30 80 0 18 15 27
570 38 1 178 36 0 18 18 27
571 37 10 211 47 1 3 10 21
572 53 11 15 40 0 19 10 27
573 42 13 243 31 0 19 19 27
574 34 27 16 30 15 13 26 24
575 5 23 50 52 5 5 13 15
576 25 11 56 42 1 18 17 27
577 0 4 74 35 6 15 17 27
578 23 9 220 31 3 13 15 29
579 1 12 184 113 16 10 32 16
580 41 9 234 44 0 0 19 19
581 15 24 207 46 3 4 13 18
582 48 28 226 31 40 10 58 25
583 14 26 44 47 20 13 36 21
584 28 25 11 98 22 16 35 22
585 12 5 252 76 2 17 7 29
586 20 26 245 42 0 18 14 27
587 21 22 59 46 22 12 34 27
588 5 20 79 61 13 13 25 29
589 4 9 59 105 49 5 57 21
590 13 21 60 37 0 17 15 28
591 33 18 65 36 9 7 16 26
592 7 10 71 78 13 17 24 29
593 19 24 39 35 30 4 38 21
594 1 16 4 45 14 17 29 25
595 10 22 236 46 0 12 12 29
596 0 18 21 40 16 15 30 29
597 8 26 197 39 38 16 57 24
598 9 29 245 33 2 4 14 17
599 20 9 46 42 4 18 13 28
600 47 22 40 46 17 2 30 9
601 5 8 13 47 39 3 57 16
602 15 18 7 34 1 11 8 29
603 22 29 4 38 10 14 27 29
604 36 5 75 42 39 1 44 20
605 22 9 68 31 12 3 24 13
606 21 24 182 44 2 2 19 15
607 4 29 218 81 16 10 22 29
608 41 11 11 53 0 20 18 25
609 1 8 212 78 19 2 37 9
610 13 23 208 54 25 6 41 19
611 59 22 48 48 0 11 16 29
612 16 26 55 84 35 0 45 18
613 21 22 14 34 18 1 37 11
614 10 18 230 35 0 19 16 27
615 1 1 64 41 4 17 13 29
616 15 28 78 32 5 10 13 29
617 1 17 70 36 25 20 40 26
618 3 24 26 162 13 4 25 9
619 4 6 6 85 0 0 17 18
620 5 8 14 32 37 2 53 14
621 22 12 214 33 15 21 22 29
622 6 7 8 81 9 21 28 29
623 25 28 72 173 38 4 54 23
624 5 8 47 32 41 4 49 23
625 42 29 54 42 6 6 14 19
626 10 17 29 38 13 16 25 29
627 27 0 248 42 0 14 13 29
628 24 26 42 73 34 8 48 23
629 4 9 204 54 14 8 23 26
630 25 29 69 37 13 11 25 29
631 57 16 68 123 53 15 58 20
632 15 19 181 36 24 4 32 12
633 15 18 75 37 22 9 41 24
634 22 20 208 41 36 5 44 17
635 10 25 23 32 10 12 27 20
636 52 18 2 261 4 20 13 26
637 9 25 50 46 2 0 7 12
638 46 5 259 70 6 16 12 29
639 22 24 211 33 11 6 21 25
640 8 18 23 53 20 5 29 14
641 15 29 190 61 36 0 49 11
642 9 2 23 62 6 19 12 27
643 10 12 77 34 14 23 23 29
644 16 22 5 69 3 18 14 28
645 21 22 70 111 5 0 17 17
646 2 4 240 103 2 10 8 29
647 6 9 234 57 12 9 23 14
648 13 25 199 42 4 14 14 29
649 6 4 70 50 43 6 59 18
650 19 26 0 31 20 7 29 19
651 12 28 8 30 0 0 14 17
652 11 6 193 81 0 17 19 29
653 41 16 32 43 0 1 15 10
654 38 29 223 32 0 15 15 29
655 0 21 21 39 29 2 42 10
656 9 19 27 64 1 10 15 27
657 20 21 211 36 18 20 24 25
658 52 12 72 123 46 11 53 16
659 13 23 19 42 9 14 28 29
660 12 25 63 38 0 10 18 29
661 21 29 75 43 2 20 15 26
662 4 25 223 62 35 7 47 24
663 7 29 13 33 32 1 43 9
664 17 28 22 32 15 10 23 29
665 42 25 53 77 0 0 13 16
666 52 22 180 102 0 3 17 8
667 7 26 71 32 1 19 9 27
668 0 1 66 39 0 12 13 29
669 3 24 72 41 27 14 38 23
670 8 17 53 70 3 10 15 29
671 11 29 254 89 8 2 13 19
672 27 26 68 93 6 19 12 27
673 35 19 32 150 30 19 45 24
674 20 21 37 34 19 12 27 26
675 21 29 37 37 35 13 44 24
676 7 1 26 97 19 8 24 15
677 6 21 192 49 30 11 39 20
678 25 29 75 64 0 10 16 29
679 9 17 6 40 1 18 17 27
680 34 3 38 90 0 1 15 11
681 41 3 237 37 23 11 36 28
682 11 18 229 97 0 12 9 29
683 57 19 54 50 0 12 16 29
684 28 7 251 39 1 18 8 28
685 19 26 13 57 33 12 50 22
686 1 28 251 33 0 18 11 27
687 38 11 22 61 3 6 10 18
688 17 24 85 40 0 13 15 29
689 5 26 37 81 19 6 27 20
690 16 26 214 86 0 0 17 19
691 21 22 47 134 30 1 35 18
692 2 8 51 36 0 0 10 16
693 8 6 213 30 7 16 12 25
694 4 17 251 34 14 3 24 13
695 5 7 83 32 35 20 41 27
696 17 26 14 53 0 0 14 14
697 21 24 65 60 29 9 41 25
698 27 25 196 34 0 20 15 26
699 35 22 12 66 0 20 18 25
700 10 9 9 48 1 2 8 10
701 11 8 50 31 23 7 30 22
702 1 26 54 67 9 4 20 22
703 6 9 75 35 2 0 7 19
704 10 17 82 50 23 0 37 15
705 14 29 195 33 15 12 30 18
706 4 12 38 53 1 14 17 29
707 0 11 30 32 12 23 26 29
708 0 5 181 32 42 3 57 19
709 9 25 2 31 25 1 30 14
710 3 21 227 39 15 12 23 29
711 12 20 11 36 47 7 53 22
712 45 17 63 32 36 13 47 29
713 8 29 42 32 27 4 39 21
714 22 22 7 47 0 20 9 26
715 54 3 219 31 3 17 19 26
716 15 11 256 182 28 12 35 28
717 49 11 249 49 0 12 12 23
718 10 5 49 34 0 19 12 26
719 15 24 245 159 0 19 16 26
720 1 29 181 48 0 0 15 17
721 58 19 252 62 13 12 25 29
722 13 26 253 37 1 13 8 29
723 23 25 15 60 0 0 11 11
724 11 7 22 46 46 18 51 24
725 8 0 39 32 5 20 12 26
726 4 29 248 47 30 3 45 18
727 25 22 178 34 0 17 19 28
728 40 9 223 41 6 11 11 29
729 18 14 1 45 1 15 17 29
730 3 25 60 48 0 0 17 13
731 1 1 200 54 4 12 14 29
732 47 13 25 96 2 16 15 29
733 6 19 66 68 16 14 21 29
734 45 20 181 41 1 19 16 27
735 6 20 8 34 0 15 19 29
736 8 5 217 41 22 13 40 18
737 24 15 258 74 28 19 37 24
738 43 14 0 32 1 0 9 19
739 13 27 70 62 18 7 24 25
740 57 18 7 37 1 17 17 28
741 2 21 233 48 33 8 52 20
742 18 21 9 163 0 11 15 29
743 18 12 33 54 35 13 47 27
744 8 6 26 68 6 17 11 28
745 21 25 4 35 38 5 48 15
746 15 21 55 32 14 15 24 23
747 8 15 67 34 0 19 17 27
748 34 14 11 41 1 0 8 11
749 3 10 18 37 29 8 43 18
750 4 10 189 270 13 21 24 29
751 1 23 247 44 3 14 14 29
752 14 6 46 37 1 14 10 26
753 2 1 66 36 13 5 25 21
754 11 21 47 92 14 16 23 29
755 9 21 54 37 0 19 19 27
756 7 26 46 280 27 17 40 29
757 25 29 181 264 0 10 9 29
758 4 3 205 41 37 9 55 25
759 0 26 6 33 0 10 15 22
760 4 15 23 35 54 3 59 18
761 3 4 42 36 1 0 8 16
762 47 10 66 31 30 16 46 23
763 15 19 65 128 25 21 42 26
764 19 29 82 53 0 0 10 14
765 17 29 62 51 0 3 9 8
766 9 0 237 39 2 10 7 29
767 6 4 27 45 16 18 21 29
768 20 25 14 34 13 11 24 29
769 1 16 22 80 50 19 55 26
770 34 21 10 93 13 16 25 24
771 0 0 7 39 12 18 26 29
772 3 23 31 78 28 7 36 23
773 48 23 182 36 1 1 9 10
774 5 7 60 70 29 22 36 28
775 37 16 19 53 25 12 37 26
776 11 20 76 40 5 10 12 29
777 21 24 44 32 22 12 40 26
778 0 24 228 50 1 15 16 29
779 9 21 192 35 0 1 13 11
780 29 26 209 59 2 15 8 29
781 12 16 228 39 0 13 14 29
782 14 18 9 51 47 9 52 15
783 8 27 9 47 5 18 11 28
784 24 29 15 42 4 9 16 26
785 6 15 23 32 16 18 22 29
786 14 18 28 33 0 0 10 16
787 1 23 57 103 0 0 19 19
788 0 6 240 31 42 13 55 20
789 16 20 31 31 0 0 17 18
790 0 7 41 36 19 6 24 21
791 21 27 37 50 3 14 21 25
792 6 1 61 44 0 18 9 28
793 24 22 206 36 1 18 16 27
794 15 29 43 31 26 5 32 16
795 1 7 230 31 46 1 53 19
796 14 29 28 37 33 16 49 21
797 0 5 212 32 2 16 16 29
798 6 28 49 56 8 18 18 29
799 25 27 49 64 12 18 19 28
800 10 24 78 60 7 13 12 19
801 1 7 176 36 3 1 15 18
802 5 26 42 35 9 11 28 29
803 1 28 22 48 0 3 19 8
804 5 26 21 35 0 2 12 10
805 11 21 15 36 0 17 14 28
806 37 2 53 59 2 2 8 10
807 9 11 18 57 0 1 9 11
808 14 29 219 63 0 13 14 29
809 1 29 25 32 35 4 40 18
810 58 2 2 31 20 13 38 24
811 9 9 244 30 0 18 18 27
812 4 0 80 31 23 0 39 19
813 18 21 27 43 38 15 45 20
814 8 29 185 38 0 16 16 29
815 12 7 55 30 46 3 55 11
816 8 17 185 31 26 22 37 29
817 23 10 185 45 11 10 26 29
818 1 1 181 32 19 4 34 20
819 19 15 255 32 12 8 29 26
820 20 20 52 36 13 7 24 22
821 3 25 56 34 18 15 25 27
822 22 14 178 43 13 20 27 28
823 8 18 228 49 1 15 8 29
824 39 2 244 34 13 18 25 29
825 42 5 20 33 7 10 15 19
826 10 22 79 162 4 18 13 27
827 9 6 251 139 0 2 10 10
828 4 20 11 79 38 7 57 17
829 29 20 80 187 34 1 47 10
830 15 28 70 34 25 0 37 16
831 13 29 79 89 0 17 19 25
832 34 14 63 46 0 17 12 28
833 23 26 51 32 6 4 25 13
834 2 28 218 42 14 14 23 29
835 9 21 211 32 9 18 27 27
836 19 27 232 37 0 19 11 27
837 4 10 2 39 1 19 17 26
838 6 21 83 84 31 5 41 23
839 30 0 240 31 0 0 13 16
840 15 14 39 41 0 3 14 8
841 37 22 258 52 2 15 15 29
842 18 29 195 276 1 16 17 29
843 7 10 79 30 0 17 15 29
844 3 18 29 36 11 22 27 29
845 19 29 75 52 39 18 52 27
846 5 11 205 44 0 0 10 14
847 7 0 204 32 39 12 47 21
848 9 22 250 264 27 14 43 28
849 10 28 9 31 9 7 28 26
850 50 15 9 44 4 19 13 26
851 47 6 217 34 0 11 16 29
852 21 29 2 74 16 4 29 14
853 33 8 0 80 38 3 47 13
854 16 26 82 30 1 14 13 29
855 41 7 57 32 0 15 16 29
856 9 12 68 48 46 11 53 25
857 3 28 56 31 2 13 7 29
858 42 4 73 33 33 14 38 21
859 41 29 41 37 10 14 28 29
860 16 24 8 280 41 2 50 20
861 30 20 187 46 12 11 24 21
862 17 25 69 32 25 2 36 21
863 23 20 71 50 0 0 18 18
864 51 15 0 42 15 12 23 29
865 18 12 20 31 13 18 25 29
866 13 11 27 31 4 17 12 27
867 54 24 178 43 13 21 25 29
868 0 29 49 35 13 3 21 15
869 6 20 35 42 1 18 8 27
870 39 8 2 44 37 16 51 25
871 53 2 59 36 1 1 10 18
872 6 27 178 67 22 18 35 23
873 20 12 13 30 19 4 33 15
874 22 20 80 34 20 9 34 14
875 23 26 74 35 35 4 44 15
876 51 16 15 45 13 6 21 25
877 40 23 41 37 0 11 9 29
878 9 10 32 151 0 2 13 9
879 0 19 73 34 0 9 12 22
880 23 21 182 34 1 12 13 26
881 8 1 190 39 2 20 7 26
882 7 12 85 49 5 13 13 29
883 5 17 207 52 0 2 13 10
884 15 0 224 58 27 1 45 18
885 6 20 14 57 0 17 12 29
886 0 27 16 47 21 5 37 12
887 12 26 60 32 17 13 22 21
888 53 27 78 44 0 0 11 15
889 7 10 70 37 15 12 23 29
890 11 2 23 35 28 8 44 18
891 14 29 181 41 5 19 12 27
892 8 4 194 47 36 7 47 15
893 1 0 246 76 0 0 14 14
894 22 26 256 91 36 12 46 24
895 0 25 187 56 35 14 42 29
896 11 8 79 41 0 11 15 29
897 33 27 36 105 21 19 39 27
898 51 15 190 36 13 10 28 17
899 0 19 60 37 0 0 5 10
900 46 1 69 49 11 14 27 29
