28 28 520 240
0 0 128 0
1 0 161 1
2 0 164 2
3 0 398 3
4 0 1 4
5 0 225 5
6 0 90 6
7 0 162 7
8 0 53 8
9 0 42 9
10 0 123 0
11 0 122 1
12 0 122 2
13 0 198 3
14 0 164 4
15 0 59 5
16 0 48 6
17 0 120 7
18 0 154 8
19 0 31 9
20 0 134 0
21 0 63 1
22 0 174 2
23 0 113 3
24 0 144 4
25 0 38 5
26 0 159 6
27 0 30 7
0 1 1 2
1 1 197 3
2 1 225 4
3 1 188 5
4 1 1 6
5 1 44 7
6 1 196 8
7 1 42 9
8 1 150 0
9 1 135 1
10 1 142 2
11 1 103 3
12 1 167 4
13 1 93 5
14 1 130 6
15 1 69 7
16 1 129 8
17 1 195 9
18 1 51 0
19 1 49 1
20 1 89 2
21 1 102 3
22 1 129 4
23 1 1 5
24 1 154 6
25 1 114 7
26 1 189 8
27 1 95 9
0 2 41 4
1 2 173 5
2 2 124 6
3 2 1 7
4 2 119 8
5 2 192 9
6 2 151 0
7 2 180 1
8 2 1 2
9 2 119 3
10 2 197 4
11 2 146 5
12 2 168 6
13 2 148 7
14 2 142 8
15 2 135 9
16 2 89 0
17 2 31 1
18 2 45 2
19 2 129 3
20 2 133 4
21 2 39 5
22 2 168 6
23 2 94 7
24 2 152 8
25 2 158 9
26 2 103 0
27 2 61 1
0 3 112 6
1 3 40 7
2 3 185 8
3 3 205 9
4 3 177 0
5 3 165 1
6 3 139 2
7 3 95 3
8 3 199 4
9 3 157 5
10 3 117 6
11 3 104 7
12 3 179 8
13 3 70 9
14 3 50 0
15 3 153 1
16 3 87 2
17 3 128 3
18 3 159 4
19 3 113 5
20 3 54 6
21 3 99 7
22 3 85 8
23 3 194 9
24 3 73 0
25 3 121 1
26 3 195 2
27 3 53 3
0 4 38 8
1 4 45 9
2 4 155 0
3 4 1 1
4 4 175 2
5 4 63 3
6 4 124 4
7 4 115 5
8 4 160 6
9 4 111 7
10 4 156 8
11 4 98 9
12 4 155 0
13 4 97 1
14 4 61 2
15 4 78 3
16 4 136 4
17 4 82 5
18 4 48 6
19 4 49 7
20 4 98 8
21 4 177 9
22 4 50 0
23 4 194 1
24 4 164 2
25 4 111 3
26 4 1 4
27 4 126 5
0 5 193 0
1 5 202 1
2 5 69 2
3 5 78 3
4 5 175 4
5 5 86 5
6 5 179 6
7 5 131 7
8 5 159 8
9 5 1 9
10 5 137 0
11 5 55 1
12 5 102 2
13 5 142 3
14 5 34 4
15 5 199 5
16 5 160 6
17 5 102 7
18 5 1 8
19 5 56 9
20 5 166 0
21 5 60 1
22 5 75 2
23 5 1 3
24 5 1 4
25 5 100 5
26 5 156 6
27 5 1 7
0 6 200 2
1 6 130 3
2 6 138 4
3 6 36 5
4 6 143 6
5 6 157 7
6 6 1 8
7 6 113 9
8 6 43 0
9 6 41 1
10 6 88 2
11 6 1 3
12 6 39 4
13 6 97 5
14 6 115 6
15 6 71 7
16 6 190 8
17 6 168 9
18 6 150 0
19 6 174 1
20 6 83 2
21 6 146 3
22 6 62 4
23 6 68 5
24 6 124 6
25 6 123 7
26 6 161 8
27 6 137 9
0 7 197 4
1 7 86 5
2 7 1 6
3 7 183 7
4 7 151 8
5 7 145 9
6 7 135 0
7 7 99 1
8 7 152 2
9 7 1 3
10 7 70 4
11 7 48 5
12 7 170 6
13 7 107 7
14 7 50 8
15 7 91 9
16 7 48 0
17 7 134 1
18 7 101 2
19 7 64 3
20 7 114 4
21 7 86 5
22 7 34 6
23 7 194 7
24 7 177 8
25 7 102 9
26 7 101 0
27 7 120 1
0 8 110 6
1 8 160 7
2 8 110 8
3 8 99 9
4 8 139 0
5 8 148 1
6 8 192 2
7 8 122 3
8 8 87 4
9 8 165 5
10 8 121 6
11 8 191 7
12 8 79 8
13 8 112 9
14 8 134 0
15 8 38 1
16 8 65 2
17 8 97 3
18 8 91 4
19 8 113 5
20 8 63 6
21 8 80 7
22 8 1 8
23 8 152 9
24 8 93 0
25 8 196 1
26 8 154 2
27 8 1 3
0 9 182 8
1 9 114 9
2 9 60 0
3 9 128 1
4 9 33 2
5 9 162 3
6 9 166 4
7 9 149 5
8 9 181 6
9 9 168 7
10 9 181 8
11 9 1 9
12 9 182 0
13 9 186 1
14 9 126 2
15 9 47 3
16 9 138 4
17 9 148 5
18 9 196 6
19 9 178 7
20 9 67 8
21 9 1 9
22 9 37 0
23 9 152 1
24 9 53 2
25 9 162 3
26 9 93 4
27 9 122 5
0 10 157 0
1 10 194 1
2 10 74 2
3 10 197 3
4 10 141 4
5 10 63 5
6 10 121 6
7 10 104 7
8 10 158 8
9 10 170 9
10 10 43 0
11 10 1 1
12 10 106 2
13 10 1 3
14 10 45 4
15 10 131 5
16 10 180 6
17 10 45 7
18 10 167 8
19 10 59 9
20 10 190 0
21 10 100 1
22 10 39 2
23 10 115 3
24 10 118 4
25 10 39 5
26 10 113 6
27 10 155 7
0 11 150 2
1 11 168 3
2 11 121 4
3 11 190 5
4 11 188 6
5 11 1 7
6 11 79 8
7 11 185 9
8 11 49 0
9 11 107 1
10 11 85 2
11 11 117 3
12 11 125 4
13 11 44 5
14 11 195 6
15 11 142 7
16 11 160 8
17 11 168 9
18 11 122 0
19 11 67 1
20 11 157 2
21 11 1 3
22 11 86 4
23 11 103 5
24 11 44 6
25 11 155 7
26 11 111 8
27 11 193 9
0 12 166 4
1 12 108 5
2 12 187 6
3 12 85 7
4 12 151 8
5 12 52 9
6 12 102 0
7 12 141 1
8 12 81 2
9 12 170 3
10 12 185 4
11 12 48 5
12 12 139 6
13 12 180 7
14 12 49 8
15 12 71 9
16 12 109 0
17 12 150 1
18 12 198 2
19 12 171 3
20 12 55 4
21 12 73 5
22 12 156 6
23 12 168 7
24 12 115 8
25 12 49 9
26 12 48 0
27 12 49 1
0 13 92 6
1 13 62 7
2 13 170 8
3 13 1 9
4 13 31 0
5 13 78 1
6 13 136 2
7 13 164 3
8 13 96 4
9 13 175 5
10 13 93 6
11 13 195 7
12 13 80 8
13 13 91 9
14 13 134 0
15 13 111 1
16 13 1 2
17 13 46 3
18 13 196 4
19 13 30 5
20 13 145 6
21 13 56 7
22 13 58 8
23 13 93 9
24 13 42 0
25 13 31 1
26 13 48 2
27 13 1 3
0 14 200 8
1 14 62 9
2 14 99 0
3 14 156 1
4 14 39 2
5 14 148 3
6 14 145 4
7 14 58 5
8 14 199 6
9 14 1 7
10 14 112 8
11 14 117 9
12 14 50 0
13 14 112 1
14 14 95 2
15 14 89 3
16 14 83 4
17 14 85 5
18 14 100 6
19 14 36 7
20 14 184 8
21 14 153 9
22 14 90 0
23 14 98 1
24 14 73 2
25 14 113 3
26 14 76 4
27 14 149 5
0 15 169 0
1 15 135 1
2 15 51 2
3 15 1 3
4 15 183 4
5 15 189 5
6 15 67 6
7 15 100 7
8 15 191 8
9 15 142 9
10 15 193 0
11 15 38 1
12 15 1 2
13 15 57 3
14 15 197 4
15 15 66 5
16 15 142 6
17 15 127 7
18 15 61 8
19 15 1 9
20 15 82 0
21 15 44 1
22 15 107 2
23 15 124 3
24 15 38 4
25 15 201 5
26 15 193 6
27 15 87 7
0 16 194 2
1 16 154 3
2 16 131 4
3 16 68 5
4 16 119 6
5 16 94 7
6 16 63 8
7 16 109 9
8 16 190 0
9 16 126 1
10 16 142 2
11 16 171 3
12 16 198 4
13 16 48 5
14 16 101 6
15 16 151 7
16 16 183 8
17 16 163 9
18 16 1 0
19 16 136 1
20 16 74 2
21 16 42 3
22 16 160 4
23 16 189 5
24 16 1 6
25 16 75 7
26 16 143 8
27 16 199 9
0 17 155 4
1 17 100 5
2 17 1 6
3 17 1 7
4 17 151 8
5 17 71 9
6 17 124 0
7 17 71 1
8 17 183 2
9 17 193 3
10 17 42 4
11 17 35 5
12 17 92 6
13 17 189 7
14 17 68 8
15 17 36 9
16 17 41 0
17 17 92 1
18 17 123 2
19 17 183 3
20 17 168 4
21 17 48 5
22 17 180 6
23 17 150 7
24 17 71 8
25 17 137 9
26 17 162 0
27 17 86 1
0 18 87 6
1 18 144 7
2 18 50 8
3 18 107 9
4 18 123 0
5 18 140 1
6 18 55 2
7 18 79 3
8 18 161 4
9 18 149 5
10 18 59 6
11 18 56 7
12 18 139 8
13 18 158 9
14 18 107 0
15 18 177 1
16 18 166 2
17 18 49 3
18 18 106 4
19 18 65 5
20 18 172 6
21 18 190 7
22 18 72 8
23 18 188 9
24 18 100 0
25 18 229 1
26 18 124 2
27 18 147 3
0 19 100 8
1 19 195 9
2 19 49 0
3 19 170 1
4 19 126 2
5 19 86 3
6 19 79 4
7 19 90 5
8 19 121 6
9 19 39 7
10 19 34 8
11 19 155 9
12 19 93 0
13 19 77 1
14 19 66 2
15 19 177 3
16 19 174 4
17 19 122 5
18 19 90 6
19 19 96 7
20 19 72 8
21 19 183 9
22 19 1 0
23 19 190 1
24 19 208 2
25 19 114 3
26 19 128 4
27 19 163 5
0 20 47 0
1 20 89 1
2 20 1 2
3 20 63 3
4 20 161 4
5 20 53 5
6 20 53 6
7 20 115 7
8 20 84 8
9 20 137 9
10 20 139 0
11 20 42 1
12 20 157 2
13 20 141 3
14 20 1 4
15 20 44 5
16 20 67 6
17 20 37 7
18 20 108 8
19 20 1 9
20 20 152 0
21 20 140 1
22 20 34 2
23 20 246 3
24 20 218 4
25 20 193 5
26 20 73 6
27 20 1 7
0 21 123 2
1 21 161 3
2 21 118 4
3 21 83 5
4 21 50 6
5 21 104 7
6 21 80 8
7 21 1 9
8 21 134 0
9 21 31 1
10 21 190 2
11 21 46 3
12 21 67 4
13 21 165 5
14 21 31 6
15 21 46 7
16 21 42 8
17 21 158 9
18 21 138 0
19 21 47 1
20 21 75 2
21 21 171 3
22 21 183 4
23 21 120 5
24 21 197 6
25 21 130 7
26 21 104 8
27 21 136 9
0 22 55 4
1 22 1 5
2 22 143 6
3 22 90 7
4 22 42 8
5 22 118 9
6 22 154 0
7 22 132 1
8 22 185 2
9 22 166 3
10 22 194 4
11 22 128 5
12 22 160 6
13 22 98 7
14 22 52 8
15 22 170 9
16 22 1 0
17 22 184 1
18 22 36 2
19 22 35 3
20 22 164 4
21 22 88 5
22 22 53 6
23 22 36 7
24 22 183 8
25 22 53 9
26 22 202 0
27 22 137 1
0 23 1 6
1 23 156 7
2 23 120 8
3 23 167 9
4 23 54 0
5 23 151 1
6 23 66 2
7 23 40 3
8 23 121 4
9 23 97 5
10 23 120 6
11 23 144 7
12 23 156 8
13 23 84 9
14 23 139 0
15 23 108 1
16 23 121 2
17 23 35 3
18 23 77 4
19 23 134 5
20 23 109 6
21 23 128 7
22 23 108 8
23 23 100 9
24 23 101 0
25 23 1 1
26 23 157 2
27 23 40 3
0 24 198 8
1 24 88 9
2 24 139 0
3 24 60 1
4 24 147 2
5 24 59 3
6 24 61 4
7 24 118 5
8 24 103 6
9 24 64 7
10 24 195 8
11 24 75 9
12 24 191 0
13 24 47 1
14 24 158 2
15 24 208 3
16 24 125 4
17 24 56 5
18 24 77 6
19 24 122 7
20 24 94 8
21 24 65 9
22 24 75 0
23 24 162 1
24 24 131 2
25 24 61 3
26 24 73 4
27 24 177 5
0 25 110 0
1 25 51 1
2 25 179 2
3 25 54 3
4 25 79 4
5 25 124 5
6 25 55 6
7 25 198 7
8 25 73 8
9 25 72 9
10 25 118 0
11 25 130 1
12 25 136 2
13 25 107 3
14 25 140 4
15 25 101 5
16 25 91 6
17 25 82 7
18 25 97 8
19 25 1 9
20 25 169 0
21 25 197 1
22 25 45 2
23 25 93 3
24 25 76 4
25 25 160 5
26 25 174 6
27 25 127 7
0 26 55 2
1 26 180 3
2 26 143 4
3 26 78 5
4 26 98 6
5 26 127 7
6 26 55 8
7 26 50 9
8 26 50 0
9 26 171 1
10 26 47 2
11 26 1 3
12 26 63 4
13 26 110 5
14 26 86 6
15 26 48 7
16 26 1 8
17 26 92 9
18 26 76 0
19 26 167 1
20 26 201 2
21 26 187 3
22 26 83 4
23 26 89 5
24 26 88 6
25 26 136 7
26 26 45 8
27 26 133 9
0 27 141 4
1 27 93 5
2 27 132 6
3 27 195 7
4 27 158 8
5 27 119 9
6 27 53 0
7 27 193 1
8 27 147 2
9 27 194 3
10 27 195 4
11 27 64 5
12 27 87 6
13 27 129 7
14 27 286 8
15 27 364 9
16 27 1 0
17 27 126 1
18 27 213 2
19 27 68 3
20 27 135 4
21 27 191 5
22 27 183 6
23 27 139 7
24 27 128 8
25 27 49 9
26 27 149 0
27 27 138 1
1 19 27 174 180 0 0 6 6
2 11 27 193 184 20 16 26 20
3 7 22 177 153 12 21 17 27
4 11 23 204 193 11 20 18 27
5 6 0 208 158 13 15 17 27
6 14 22 203 136 19 14 26 22
7 23 17 124 118 13 18 17 27
8 3 23 205 111 13 17 17 27
9 24 13 167 62 0 0 11 5
10 19 22 182 213 0 3 7 10
11 14 27 140 60 0 0 10 10
12 8 5 158 74 5 8 16 14
13 0 0 129 41 14 10 23 19
14 8 0 229 149 13 23 17 27
15 4 0 142 87 13 5 25 16
16 15 25 185 117 19 12 27 24
17 24 23 175 103 15 12 27 23
18 6 5 175 147 22 8 27 12
19 27 7 194 23 10 19 20 27
20 4 5 199 92 17 8 24 13
21 0 10 196 218 11 9 20 18
22 4 0 221 195 21 9 25 15
23 24 0 155 34 10 19 20 27
24 15 27 187 207 19 15 23 25
25 25 23 206 140 21 13 25 22
26 23 17 150 181 7 16 16 24
27 17 20 185 216 11 15 18 27
28 10 23 180 140 13 15 17 27
29 0 0 212 170 12 15 18 27
30 10 22 202 53 0 0 5 5
31 27 17 135 41 10 19 20 27
32 25 2 225 113 17 12 27 24
33 6 0 121 93 13 19 17 27
34 24 7 152 73 16 12 27 23
35 7 7 224 165 16 13 27 22
36 2 23 151 135 19 12 27 23
37 14 27 122 128 16 13 21 17
38 21 17 180 23 1 0 5 12
39 17 27 151 57 0 0 5 8
40 25 14 135 59 17 9 21 14
41 20 23 179 146 19 15 26 21
42 0 0 221 217 21 14 25 21
43 6 0 235 57 17 13 27 23
44 27 17 160 89 16 9 21 15
45 20 22 182 160 12 19 18 27
46 2 16 169 177 11 21 18 27
47 5 25 155 215 20 16 26 20
48 1 12 232 41 8 15 15 25
49 2 6 168 215 16 2 24 7
50 19 14 222 211 0 0 10 4
51 27 11 152 28 0 0 12 7
52 19 23 168 33 13 0 18 6
53 18 15 225 183 0 0 12 9
54 3 4 237 100 0 0 9 6
55 26 16 131 128 6 2 18 12
56 13 23 188 124 0 0 6 11
57 23 0 173 178 11 21 19 27
58 19 23 220 60 0 0 6 10
59 3 0 231 89 10 20 19 27
60 26 21 216 174 18 15 27 21
61 13 5 234 172 0 0 12 5
62 27 20 132 74 0 0 10 10
63 26 22 214 96 20 15 24 22
64 14 27 224 133 0 0 10 5
65 18 24 139 204 20 13 26 23
66 18 27 187 37 9 23 20 27
67 21 12 193 164 19 12 26 23
68 14 7 188 214 17 8 27 17
69 15 25 161 170 14 12 23 19
70 13 10 228 149 0 0 8 8
71 0 0 179 49 19 13 27 23
72 8 10 235 48 15 2 26 8
73 14 27 184 153 2 6 13 10
74 23 2 195 90 8 13 20 25
75 0 0 176 27 11 20 19 27
76 22 22 151 173 9 3 17 14
77 17 1 220 179 19 15 27 20
78 22 15 155 57 10 19 20 24
79 24 25 233 195 20 14 26 21
80 17 27 232 42 10 23 19 27
81 9 11 142 90 8 3 18 14
82 0 3 124 29 12 3 24 8
83 11 27 190 75 0 0 7 11
84 19 22 172 74 0 0 12 8
85 19 13 231 94 6 8 17 18
86 2 10 195 207 20 12 26 24
87 18 18 186 162 9 22 20 27
88 8 2 227 90 17 14 27 21
89 21 24 125 186 0 0 7 11
90 15 25 173 27 6 0 15 11
91 25 23 178 106 6 13 11 21
92 18 27 239 118 3 10 10 19
93 12 27 141 90 16 16 27 20
94 12 27 221 118 18 15 27 20
95 26 19 233 32 9 15 21 27
96 6 0 175 183 5 14 16 25
97 24 14 121 92 7 15 17 21
98 12 25 156 203 9 17 20 27
99 24 17 227 79 12 17 18 27
100 6 1 238 193 19 1 23 9
101 21 14 184 168 10 17 20 27
102 10 13 179 100 10 18 20 27
103 23 1 163 203 0 0 9 9
104 18 27 123 102 0 0 5 10
105 15 27 190 174 3 22 15 27
106 26 23 177 193 13 20 17 27
107 6 5 127 200 6 6 17 14
108 0 0 194 63 0 3 8 9
109 11 10 162 40 13 18 22 24
110 11 22 159 217 16 19 24 24
111 6 0 225 165 11 21 19 27
112 18 8 221 199 16 15 27 20
113 23 23 129 86 21 12 25 23
114 16 27 196 82 12 23 18 27
115 0 1 186 33 0 0 11 11
116 7 9 126 26 0 0 8 4
117 18 20 153 38 0 16 12 24
118 17 26 236 162 9 15 21 27
119 3 25 183 81 21 12 25 23
120 13 25 191 30 15 16 27 20
121 27 19 232 123 18 14 27 22
122 11 25 228 178 11 16 18 27
123 14 27 190 179 0 0 10 12
124 0 15 139 143 20 17 24 25
125 16 17 147 31 12 20 17 27
126 16 4 209 65 0 0 10 5
127 19 13 182 173 11 0 20 8
128 5 17 203 150 6 17 18 22
129 18 19 192 180 10 18 19 27
130 2 8 196 105 9 23 21 27
131 5 1 193 153 15 14 26 22
132 19 15 137 52 10 23 19 27
133 2 22 198 218 18 12 27 24
134 27 13 236 115 0 11 11 21
135 13 27 139 212 13 16 17 27
136 26 17 123 209 22 14 26 24
137 20 4 138 101 21 14 25 22
138 18 11 211 209 0 0 10 6
139 26 16 213 55 19 14 27 21
140 6 1 168 52 17 3 22 9
141 26 7 156 212 19 4 27 8
142 8 13 215 179 11 16 19 27
143 17 2 123 212 11 3 16 7
144 25 20 183 113 10 20 19 27
145 18 18 165 189 7 11 14 22
146 5 4 225 135 3 1 9 5
147 23 22 188 211 21 15 25 20
148 5 7 147 108 11 15 18 27
149 26 16 163 22 19 16 26 20
150 20 27 163 64 0 0 5 12
151 20 23 171 155 16 5 26 14
152 0 19 121 162 11 16 19 27
153 1 25 195 60 15 14 27 21
154 11 27 155 180 0 0 9 10
155 4 0 123 174 21 14 25 21
156 13 24 237 211 13 10 25 20
157 27 22 155 26 0 0 8 9
158 24 2 230 117 9 16 20 27
159 27 13 188 193 12 18 23 25
160 26 15 121 128 11 15 18 27
161 19 26 236 155 0 0 11 5
162 2 5 204 71 20 12 26 24
163 16 22 200 92 11 18 19 27
164 8 1 239 114 12 16 17 27
165 26 15 204 126 15 2 19 13
166 0 0 236 91 9 18 21 27
167 8 0 178 168 4 6 15 17
168 24 20 225 203 18 15 27 20
169 22 2 124 117 17 12 27 24
170 6 14 134 139 13 19 17 27
171 9 10 146 20 9 15 16 23
172 26 20 236 110 12 6 23 13
173 0 0 173 185 14 19 20 26
174 16 25 122 163 15 12 27 24
175 0 5 231 184 9 22 21 27
176 17 27 127 213 16 12 27 23
177 22 14 218 57 13 21 17 27
178 15 23 156 117 9 15 20 27
179 4 0 125 121 0 5 6 11
180 7 17 145 218 0 0 12 5
181 2 1 171 80 11 18 19 27
182 0 20 200 149 11 10 18 17
183 23 22 154 55 0 0 7 4
184 26 13 204 54 13 16 17 27
185 20 22 234 191 12 20 18 27
186 18 21 146 123 3 13 7 24
187 0 4 213 108 10 11 22 17
188 25 17 233 177 20 12 25 23
189 8 13 162 152 0 0 12 9
190 11 26 135 69 3 11 11 22
191 22 20 221 92 0 0 9 11
192 23 14 200 177 15 12 27 24
193 3 12 216 60 17 12 27 24
194 7 0 218 37 19 1 24 9
195 15 11 220 98 13 22 17 27
196 19 14 153 87 7 8 18 13
197 10 22 202 194 0 0 8 6
198 0 0 196 41 9 21 14 27
199 4 3 237 104 11 8 20 14
200 14 6 192 133 0 0 7 9
201 22 21 149 23 0 0 5 9
202 0 0 194 70 0 0 6 11
203 26 18 207 182 20 14 25 21
204 1 3 223 37 2 16 14 25
205 26 14 146 132 15 18 23 27
206 13 23 142 88 19 4 27 9
207 9 12 123 60 21 13 25 23
208 20 20 163 141 11 12 16 16
209 20 18 207 67 17 15 27 21
210 6 0 123 121 0 0 10 8
211 3 20 196 186 15 13 27 22
212 7 25 146 199 6 14 16 21
213 26 9 182 119 10 16 19 27
214 2 0 220 55 17 13 27 23
215 26 14 168 197 0 0 10 10
216 6 1 130 208 13 4 23 14
217 23 27 160 93 15 7 24 18
218 11 23 172 189 1 0 5 11
219 2 0 219 27 13 20 17 27
220 6 3 187 132 10 14 20 19
221 5 21 198 169 1 0 5 5
222 4 0 166 57 9 15 21 27
223 18 27 202 170 19 13 26 23
224 2 15 185 160 2 8 11 14
225 10 27 160 152 10 10 21 22
226 22 23 201 201 10 15 20 27
227 7 13 135 31 0 0 5 9
228 15 3 236 76 21 15 25 20
229 24 17 208 189 15 12 27 24
230 17 16 183 130 10 21 20 27
231 16 26 167 21 13 17 17 27
232 19 4 165 92 12 21 17 27
233 2 19 125 188 0 0 5 12
234 14 22 156 51 0 0 6 12
235 11 10 174 195 0 0 9 5
236 20 22 195 90 8 11 17 17
237 17 27 129 177 16 13 27 22
238 27 19 168 87 12 5 23 9
239 8 9 202 91 15 14 27 21
240 21 6 217 188 10 20 19 27
241 23 13 239 43 13 6 19 12
242 12 25 168 107 6 16 10 27
243 27 3 166 176 9 10 20 19
244 3 1 226 138 21 14 25 21
245 20 18 216 83 0 0 7 8
246 2 22 199 98 20 12 26 24
247 7 4 195 196 10 18 19 27
248 21 0 175 72 15 14 27 22
249 16 23 226 126 15 14 27 22
250 27 15 212 82 1 3 8 7
251 25 24 140 140 16 2 20 14
252 12 15 132 23 9 8 17 16
253 25 21 218 78 10 20 20 27
254 18 14 195 137 1 8 10 13
255 15 15 149 184 0 0 9 12
256 10 26 201 38 11 17 18 27
257 11 23 184 91 10 21 19 27
258 21 3 167 33 0 0 11 4
259 12 27 174 215 0 4 8 14
260 0 1 131 83 0 0 10 11
261 13 27 223 23 19 15 26 21
262 14 27 236 185 1 16 8 24
263 18 22 210 190 13 0 24 7
264 4 4 169 133 12 17 18 27
265 8 2 234 152 19 16 27 20
266 14 26 184 134 10 20 20 27
267 8 0 159 125 0 0 9 6
268 20 27 232 39 0 0 9 9
269 1 12 198 144 11 19 18 27
270 16 16 180 113 0 0 8 5
271 21 18 235 178 14 1 25 8
272 26 22 187 91 11 21 18 27
273 27 2 231 96 9 14 18 18
274 23 19 213 166 13 21 17 27
275 5 0 208 55 1 0 5 5
276 11 5 211 86 9 18 20 27
277 25 15 168 141 21 7 27 17
278 5 1 177 172 11 18 21 25
279 1 9 133 35 0 0 8 5
280 6 17 177 178 0 0 6 6
281 7 1 231 73 0 0 7 4
282 27 19 133 55 0 0 11 10
283 13 11 214 166 9 18 20 27
284 17 25 175 77 21 12 25 23
285 22 22 154 38 19 12 27 24
286 18 15 129 95 11 9 19 19
287 19 13 201 36 10 20 19 27
288 9 3 183 59 13 15 17 20
289 22 16 176 148 0 0 7 4
290 27 18 170 119 15 13 27 23
291 7 12 151 77 21 14 25 21
292 1 13 133 168 8 1 13 5
293 11 5 161 70 15 2 25 10
294 22 16 210 87 22 8 26 20
295 20 22 132 106 19 13 27 23
296 11 9 130 89 0 20 11 25
297 16 3 132 75 10 15 20 27
298 23 0 236 214 12 19 18 27
299 10 16 226 110 13 23 17 27
300 16 27 157 79 13 0 18 7
301 15 27 225 171 19 14 27 21
302 13 24 174 134 7 18 17 22
303 5 0 214 139 9 22 20 27
304 25 6 178 110 13 0 24 10
305 10 27 189 37 9 16 21 27
306 14 2 208 74 10 22 19 27
307 5 12 234 121 23 16 27 26
308 24 14 213 137 19 9 24 18
309 4 4 163 134 17 14 27 21
310 23 13 201 71 0 0 9 5
311 19 18 177 61 20 15 25 21
312 27 16 150 192 0 0 5 8
313 2 21 164 201 19 14 27 21
314 18 14 213 129 12 19 17 27
315 11 1 143 171 14 20 21 25
316 23 3 134 139 11 23 18 27
317 25 0 211 45 17 12 27 23
318 22 8 151 196 17 12 27 24
319 24 20 139 96 10 15 20 27
320 6 0 174 166 8 11 17 22
321 22 12 153 54 12 21 20 25
322 11 27 235 212 9 22 21 27
323 0 0 204 67 17 0 21 12
324 10 23 140 80 19 15 27 20
325 13 22 169 144 13 19 17 27
326 10 27 126 170 11 16 16 27
327 12 27 188 107 0 0 7 6
328 0 0 209 127 11 17 18 27
329 18 21 220 55 4 9 13 17
330 8 20 227 105 20 12 26 24
331 14 25 189 28 0 0 11 12
332 0 16 154 56 9 19 20 27
333 1 8 175 145 0 0 10 7
334 24 13 122 25 11 23 19 27
335 27 20 206 54 19 15 27 20
336 17 27 172 89 19 14 27 22
337 22 1 184 184 13 16 17 27
338 0 13 190 165 10 15 22 19
339 7 0 144 201 1 0 5 8
340 7 0 195 166 15 14 27 21
341 12 22 174 49 19 15 26 20
342 10 25 233 67 0 0 8 11
343 6 0 208 174 2 12 7 19
344 6 0 209 157 11 15 19 27
345 20 13 231 79 15 12 27 24
346 23 14 186 61 19 12 27 22
347 8 0 222 121 17 15 27 21
348 26 19 228 42 10 21 20 27
349 22 21 151 102 0 0 5 5
350 10 23 123 89 9 19 20 27
351 5 2 167 22 9 19 21 24
352 20 23 215 199 0 0 10 4
353 18 25 154 67 16 4 27 8
354 12 3 197 84 0 0 8 11
355 5 1 190 89 12 12 23 20
356 23 14 213 59 12 15 17 27
357 19 27 183 100 8 2 16 9
358 1 2 205 204 5 20 9 25
359 7 4 159 28 10 22 20 27
360 0 1 130 63 0 0 10 5
361 7 23 136 155 20 14 24 20
362 25 18 137 127 0 0 6 6
363 15 21 130 44 0 0 11 8
364 25 13 206 214 0 1 5 13
365 18 26 181 197 3 4 10 15
366 3 19 192 188 15 14 27 21
367 0 4 137 186 10 20 20 27
368 13 27 190 82 20 15 26 20
369 15 27 230 30 0 0 7 7
370 4 8 218 197 0 0 11 11
371 11 0 129 34 20 16 26 20
372 19 20 204 92 16 14 27 21
373 3 10 223 213 17 15 27 21
374 5 0 189 24 12 17 18 27
375 25 13 149 75 9 20 20 27
376 22 23 173 143 10 14 14 19
377 0 1 131 38 18 16 27 20
378 18 13 127 128 16 8 23 12
379 6 0 164 52 13 17 17 27
380 22 11 205 133 10 22 20 27
381 22 16 132 34 12 13 23 20
382 6 3 176 30 12 10 18 16
383 22 13 127 84 1 4 11 13
384 23 27 204 22 13 23 17 27
385 25 2 170 149 19 15 27 20
386 10 23 144 209 5 0 17 4
387 27 17 218 41 13 14 17 26
388 22 22 201 105 0 0 8 5
389 20 25 145 144 10 15 19 27
390 6 21 208 81 19 12 26 23
391 27 19 212 31 10 17 20 27
392 10 9 134 39 0 0 8 12
393 22 13 135 144 9 17 20 27
394 17 11 183 206 0 9 6 13
395 0 0 125 62 9 15 21 27
396 2 11 176 170 20 13 25 22
397 16 19 145 64 17 12 21 18
398 21 15 207 155 7 16 18 20
399 21 2 237 80 1 0 5 5
400 0 2 173 128 9 22 21 27
401 23 16 165 110 8 12 13 19
402 21 6 211 28 21 12 25 23
403 5 1 209 141 13 0 23 8
404 1 0 195 49 7 3 11 14
405 12 27 224 134 4 0 15 7
406 0 3 231 208 1 0 5 4
407 17 11 148 113 18 15 27 20
408 20 13 123 45 0 0 11 4
409 14 23 166 53 1 0 5 5
410 27 21 210 71 14 7 26 11
411 19 15 120 159 11 18 18 27
412 25 18 149 33 21 12 25 24
413 21 7 220 205 11 20 19 27
414 20 2 190 51 12 6 23 15
415 8 6 234 44 20 0 26 4
416 20 19 142 74 18 13 27 23
417 0 9 200 179 11 15 19 27
418 27 23 158 62 0 0 6 12
419 6 1 141 151 10 11 20 21
420 22 22 236 179 11 18 19 27
421 6 1 121 197 10 15 20 27
422 19 13 184 210 10 19 20 27
423 22 24 219 133 7 16 11 26
424 9 0 195 33 12 19 18 27
425 6 0 138 137 7 8 19 14
426 6 18 223 111 19 15 26 21
427 4 4 194 78 11 18 19 27
428 18 4 212 182 9 9 19 14
429 18 21 197 56 9 21 21 27
430 13 25 196 92 6 11 17 19
431 0 0 186 142 0 0 6 8
432 12 24 142 95 0 0 11 11
433 11 27 169 74 20 15 25 20
434 5 2 181 35 20 12 26 24
435 27 3 220 142 10 9 22 13
436 17 22 234 25 0 0 11 11
437 27 19 154 39 4 5 13 10
438 16 27 169 216 12 14 20 23
439 23 18 232 123 0 0 7 8
440 19 27 175 191 17 3 22 13
441 25 18 234 67 21 4 26 10
442 20 15 125 191 19 12 26 24
443 11 6 139 56 4 19 13 25
444 19 23 230 91 19 12 27 23
445 27 15 235 116 0 0 7 7
446 27 22 159 122 3 6 13 14
447 0 0 211 78 8 16 19 24
448 26 4 233 84 9 19 16 25
449 18 13 226 173 0 0 11 8
450 3 10 164 91 16 14 27 21
451 13 9 237 46 9 17 20 27
452 6 9 223 153 0 0 5 10
453 18 17 212 112 0 0 8 11
454 13 27 147 133 0 0 11 5
455 19 22 239 140 6 12 16 19
456 21 20 132 163 10 20 19 27
457 5 21 165 31 21 15 25 21
458 6 4 203 59 0 0 9 6
459 22 22 169 135 13 22 17 27
460 14 2 229 117 13 14 24 24
461 12 26 230 105 0 0 11 6
462 1 5 183 108 8 18 14 26
463 1 26 156 200 16 12 27 23
464 18 15 210 220 8 8 16 16
465 18 27 199 39 9 19 20 27
466 27 23 233 44 19 15 26 21
467 23 13 203 69 19 13 27 23
468 11 27 142 172 19 13 27 23
469 6 19 233 67 16 19 25 26
470 7 5 237 72 10 17 19 27
471 16 27 213 181 13 18 17 27
472 5 11 149 22 10 17 20 27
473 19 27 188 128 20 10 27 14
474 24 19 189 153 20 14 26 22
475 0 5 231 73 10 17 15 25
476 13 22 189 29 11 17 18 27
477 1 0 123 28 17 16 27 20
478 13 26 235 166 13 5 19 15
479 25 18 218 82 17 14 27 22
480 23 17 207 68 13 18 17 27
481 8 2 166 147 0 0 10 10
482 1 5 206 48 0 0 7 6
483 13 27 176 173 8 13 16 22
484 4 5 228 156 2 10 6 20
485 19 14 224 101 10 22 19 27
486 21 23 173 71 18 14 27 21
487 3 12 160 166 0 0 7 10
488 1 0 163 190 3 5 9 9
489 0 0 196 102 0 0 12 9
490 9 25 133 93 11 2 17 14
491 13 5 234 126 0 0 5 6
492 11 18 196 211 9 1 19 6
493 25 16 235 82 0 0 8 5
494 8 4 168 128 15 15 24 24
495 25 22 172 144 0 0 10 9
496 22 16 134 40 0 0 6 11
497 18 16 141 23 9 17 21 27
498 12 0 236 58 6 20 14 24
499 10 2 146 126 1 0 5 6
500 26 14 188 93 10 21 19 27
501 17 24 190 180 11 13 21 18
502 13 27 225 78 0 0 11 5
503 23 19 170 28 19 7 23 14
504 13 25 133 144 9 7 19 12
505 18 12 127 120 11 21 19 27
506 24 22 137 185 20 14 26 22
507 27 21 238 169 11 4 21 10
508 21 0 204 75 14 0 22 10
509 18 23 203 193 18 7 26 19
510 11 27 233 49 10 16 15 26
511 22 27 164 70 7 10 13 20
512 16 25 228 74 4 12 16 19
513 3 1 151 186 18 15 27 21
514 5 0 169 135 2 5 7 16
515 26 19 220 91 12 23 18 27
516 5 0 212 60 14 4 21 12
517 16 19 192 101 10 20 19 27
518 11 27 206 158 15 5 27 17
519 4 10 212 33 15 2 25 14
520 27 21 214 218 5 9 12 17
