28 28 500 240
0 0 198 0
1 0 1 1
2 0 132 2
3 0 274 3
4 0 208 4
5 0 65 5
6 0 122 6
7 0 218 7
8 0 1 8
9 0 222 9
10 0 1 0
11 0 172 1
12 0 82 2
13 0 86 3
14 0 67 4
15 0 162 5
16 0 120 6
17 0 76 7
18 0 1 8
19 0 167 9
20 0 98 0
21 0 136 1
22 0 161 2
23 0 161 3
24 0 161 4
25 0 139 5
26 0 117 6
27 0 134 7
0 1 136 0
1 1 166 1
2 1 169 2
3 1 232 3
4 1 105 4
5 1 202 5
6 1 159 6
7 1 99 7
8 1 116 8
9 1 99 9
10 1 123 0
11 1 115 1
12 1 41 2
13 1 102 3
14 1 125 4
15 1 132 5
16 1 121 6
17 1 150 7
18 1 44 8
19 1 151 9
20 1 180 0
21 1 168 1
22 1 95 2
23 1 117 3
24 1 70 4
25 1 1 5
26 1 143 6
27 1 42 7
0 2 1 0
1 2 187 1
2 2 90 2
3 2 172 3
4 2 198 4
5 2 169 5
6 2 1 6
7 2 81 7
8 2 105 8
9 2 144 9
10 2 187 0
11 2 78 1
12 2 1 2
13 2 62 3
14 2 61 4
15 2 138 5
16 2 102 6
17 2 51 7
18 2 46 8
19 2 143 9
20 2 132 0
21 2 1 1
22 2 135 2
23 2 131 3
24 2 139 4
25 2 156 5
26 2 158 6
27 2 135 7
0 3 81 0
1 3 1 1
2 3 103 2
3 3 192 3
4 3 1 4
5 3 133 5
6 3 87 6
7 3 113 7
8 3 130 8
9 3 74 9
10 3 69 0
11 3 88 1
12 3 1 2
13 3 161 3
14 3 131 4
15 3 137 5
16 3 76 6
17 3 52 7
18 3 65 8
19 3 150 9
20 3 135 0
21 3 145 1
22 3 104 2
23 3 50 3
24 3 121 4
25 3 117 5
26 3 135 6
27 3 145 7
0 4 118 0
1 4 155 1
2 4 88 2
3 4 188 3
4 4 165 4
5 4 1 5
6 4 165 6
7 4 1 7
8 4 73 8
9 4 112 9
10 4 92 0
11 4 131 1
12 4 1 2
13 4 107 3
14 4 114 4
15 4 83 5
16 4 91 6
17 4 172 7
18 4 145 8
19 4 1 9
20 4 67 0
21 4 149 1
22 4 1 2
23 4 52 3
24 4 159 4
25 4 172 5
26 4 1 6
27 4 156 7
0 5 91 0
1 5 162 1
2 5 135 2
3 5 86 3
4 5 143 4
5 5 156 5
6 5 1 6
7 5 47 7
8 5 1 8
9 5 152 9
10 5 92 0
11 5 50 1
12 5 1 2
13 5 81 3
14 5 125 4
15 5 63 5
16 5 171 6
17 5 1 7
18 5 54 8
19 5 114 9
20 5 60 0
21 5 72 1
22 5 74 2
23 5 102 3
24 5 175 4
25 5 96 5
26 5 1 6
27 5 42 7
0 6 1 0
1 6 173 1
2 6 89 2
3 6 46 3
4 6 63 4
5 6 137 5
6 6 110 6
7 6 68 7
8 6 107 8
9 6 146 9
10 6 158 0
11 6 175 1
12 6 1 2
13 6 59 3
14 6 115 4
15 6 157 5
16 6 120 6
17 6 106 7
18 6 156 8
19 6 44 9
20 6 142 0
21 6 173 1
22 6 1 2
23 6 74 3
24 6 172 4
25 6 163 5
26 6 174 6
27 6 109 7
0 7 160 0
1 7 79 1
2 7 84 2
3 7 92 3
4 7 68 4
5 7 113 5
6 7 74 6
7 7 176 7
8 7 173 8
9 7 173 9
10 7 128 0
11 7 84 1
12 7 41 2
13 7 55 3
14 7 58 4
15 7 73 5
16 7 51 6
17 7 156 7
18 7 154 8
19 7 1 9
20 7 1 0
21 7 53 1
22 7 116 2
23 7 166 3
24 7 128 4
25 7 137 5
26 7 117 6
27 7 120 7
0 8 173 0
1 8 116 1
2 8 103 2
3 8 77 3
4 8 89 4
5 8 1 5
6 8 149 6
7 8 1 7
8 8 130 8
9 8 48 9
10 8 112 0
11 8 145 1
12 8 64 2
13 8 140 3
14 8 150 4
15 8 138 5
16 8 104 6
17 8 149 7
18 8 50 8
19 8 155 9
20 8 84 0
21 8 72 1
22 8 177 2
23 8 60 3
24 8 124 4
25 8 49 5
26 8 90 6
27 8 1 7
0 9 147 0
1 9 129 1
2 9 132 2
3 9 173 3
4 9 80 4
5 9 83 5
6 9 120 6
7 9 86 7
8 9 71 8
9 9 117 9
10 9 88 0
11 9 159 1
12 9 164 2
13 9 62 3
14 9 119 4
15 9 59 5
16 9 172 6
17 9 65 7
18 9 100 8
19 9 1 9
20 9 168 0
21 9 1 1
22 9 79 2
23 9 84 3
24 9 55 4
25 9 166 5
26 9 56 6
27 9 130 7
0 10 1 0
1 10 114 1
2 10 94 2
3 10 147 3
4 10 113 4
5 10 72 5
6 10 156 6
7 10 84 7
8 10 1 8
9 10 40 9
10 10 141 0
11 10 1 1
12 10 96 2
13 10 178 3
14 10 171 4
15 10 54 5
16 10 98 6
17 10 105 7
18 10 55 8
19 10 1 9
20 10 80 0
21 10 82 1
22 10 56 2
23 10 97 3
24 10 84 4
25 10 160 5
26 10 69 6
27 10 132 7
0 11 79 0
1 11 104 1
2 11 115 2
3 11 73 3
4 11 162 4
5 11 108 5
6 11 1 6
7 11 173 7
8 11 163 8
9 11 172 9
10 11 51 0
11 11 58 1
12 11 91 2
13 11 93 3
14 11 159 4
15 11 113 5
16 11 177 6
17 11 1 7
18 11 67 8
19 11 149 9
20 11 55 0
21 11 134 1
22 11 105 2
23 11 1 3
24 11 77 4
25 11 119 5
26 11 1 6
27 11 97 7
0 12 105 0
1 12 166 1
2 12 51 2
3 12 176 3
4 12 151 4
5 12 46 5
6 12 106 6
7 12 116 7
8 12 122 8
9 12 110 9
10 12 89 0
11 12 60 1
12 12 1 2
13 12 134 3
14 12 80 4
15 12 151 5
16 12 113 6
17 12 51 7
18 12 122 8
19 12 53 9
20 12 1 0
21 12 1 1
22 12 1 2
23 12 98 3
24 12 86 4
25 12 145 5
26 12 172 6
27 12 175 7
0 13 90 0
1 13 127 1
2 13 44 2
3 13 127 3
4 13 1 4
5 13 165 5
6 13 74 6
7 13 1 7
8 13 42 8
9 13 142 9
10 13 105 0
11 13 84 1
12 13 1 2
13 13 134 3
14 13 54 4
15 13 168 5
16 13 134 6
17 13 1 7
18 13 144 8
19 13 1 9
20 13 51 0
21 13 1 1
22 13 40 2
23 13 63 3
24 13 162 4
25 13 122 5
26 13 152 6
27 13 85 7
0 14 72 0
1 14 103 1
2 14 145 2
3 14 152 3
4 14 84 4
5 14 112 5
6 14 164 6
7 14 1 7
8 14 138 8
9 14 80 9
10 14 174 0
11 14 1 1
12 14 178 2
13 14 179 3
14 14 46 4
15 14 1 5
16 14 58 6
17 14 42 7
18 14 125 8
19 14 179 9
20 14 107 0
21 14 149 1
22 14 121 2
23 14 107 3
24 14 70 4
25 14 156 5
26 14 76 6
27 14 107 7
0 15 169 0
1 15 156 1
2 15 115 2
3 15 131 3
4 15 54 4
5 15 130 5
6 15 49 6
7 15 138 7
8 15 83 8
9 15 1 9
10 15 108 0
11 15 1 1
12 15 1 2
13 15 124 3
14 15 79 4
15 15 106 5
16 15 168 6
17 15 167 7
18 15 1 8
19 15 69 9
20 15 85 0
21 15 53 1
22 15 167 2
23 15 42 3
24 15 133 4
25 15 147 5
26 15 162 6
27 15 59 7
0 16 166 0
1 16 84 1
2 16 178 2
3 16 1 3
4 16 63 4
5 16 87 5
6 16 40 6
7 16 110 7
8 16 100 8
9 16 49 9
10 16 104 0
11 16 1 1
12 16 148 2
13 16 1 3
14 16 78 4
15 16 130 5
16 16 48 6
17 16 83 7
18 16 142 8
19 16 59 9
20 16 66 0
21 16 104 1
22 16 56 2
23 16 129 3
24 16 47 4
25 16 51 5
26 16 154 6
27 16 1 7
0 17 101 0
1 17 105 1
2 17 134 2
3 17 77 3
4 17 158 4
5 17 100 5
6 17 42 6
7 17 144 7
8 17 47 8
9 17 107 9
10 17 134 0
11 17 62 1
12 17 138 2
13 17 154 3
14 17 1 4
15 17 62 5
16 17 168 6
17 17 112 7
18 17 121 8
19 17 119 9
20 17 1 0
21 17 52 1
22 17 1 2
23 17 163 3
24 17 174 4
25 17 148 5
26 17 1 6
27 17 65 7
0 18 66 0
1 18 1 1
2 18 1 2
3 18 119 3
4 18 159 4
5 18 177 5
6 18 1 6
7 18 111 7
8 18 1 8
9 18 79 9
10 18 92 0
11 18 114 1
12 18 47 2
13 18 1 3
14 18 128 4
15 18 126 5
16 18 1 6
17 18 1 7
18 18 169 8
19 18 113 9
20 18 92 0
21 18 141 1
22 18 157 2
23 18 1 3
24 18 57 4
25 18 123 5
26 18 91 6
27 18 105 7
0 19 152 0
1 19 77 1
2 19 1 2
3 19 1 3
4 19 109 4
5 19 64 5
6 19 89 6
7 19 166 7
8 19 68 8
9 19 74 9
10 19 179 0
11 19 100 1
12 19 167 2
13 19 68 3
14 19 126 4
15 19 56 5
16 19 87 6
17 19 74 7
18 19 50 8
19 19 95 9
20 19 130 0
21 19 144 1
22 19 125 2
23 19 154 3
24 19 161 4
25 19 178 5
26 19 66 6
27 19 162 7
0 20 140 0
1 20 129 1
2 20 75 2
3 20 161 3
4 20 68 4
5 20 101 5
6 20 174 6
7 20 73 7
8 20 130 8
9 20 81 9
10 20 135 0
11 20 71 1
12 20 152 2
13 20 1 3
14 20 177 4
15 20 66 5
16 20 115 6
17 20 124 7
18 20 149 8
19 20 136 9
20 20 106 0
21 20 123 1
22 20 78 2
23 20 139 3
24 20 87 4
25 20 1 5
26 20 95 6
27 20 124 7
0 21 1 0
1 21 111 1
2 21 147 2
3 21 90 3
4 21 162 4
5 21 171 5
6 21 178 6
7 21 112 7
8 21 148 8
9 21 88 9
10 21 134 0
11 21 1 1
12 21 74 2
13 21 88 3
14 21 116 4
15 21 164 5
16 21 172 6
17 21 44 7
18 21 60 8
19 21 95 9
20 21 135 0
21 21 54 1
22 21 100 2
23 21 128 3
24 21 170 4
25 21 132 5
26 21 102 6
27 21 64 7
0 22 109 0
1 22 1 1
2 22 131 2
3 22 57 3
4 22 85 4
5 22 129 5
6 22 1 6
7 22 170 7
8 22 154 8
9 22 120 9
10 22 76 0
11 22 160 1
12 22 165 2
13 22 120 3
14 22 40 4
15 22 1 5
16 22 124 6
17 22 1 7
18 22 154 8
19 22 49 9
20 22 45 0
21 22 119 1
22 22 181 2
23 22 159 3
24 22 64 4
25 22 51 5
26 22 150 6
27 22 152 7
0 23 153 0
1 23 1 1
2 23 162 2
3 23 1 3
4 23 133 4
5 23 1 5
6 23 130 6
7 23 1 7
8 23 1 8
9 23 89 9
10 23 1 0
11 23 1 1
12 23 108 2
13 23 48 3
14 23 136 4
15 23 168 5
16 23 101 6
17 23 85 7
18 23 43 8
19 23 70 9
20 23 148 0
21 23 54 1
22 23 122 2
23 23 43 3
24 23 1 4
25 23 122 5
26 23 121 6
27 23 152 7
0 24 68 0
1 24 153 1
2 24 175 2
3 24 47 3
4 24 85 4
5 24 132 5
6 24 87 6
7 24 1 7
8 24 49 8
9 24 163 9
10 24 41 0
11 24 176 1
12 24 153 2
13 24 166 3
14 24 71 4
15 24 65 5
16 24 90 6
17 24 1 7
18 24 136 8
19 24 126 9
20 24 133 0
21 24 160 1
22 24 64 2
23 24 132 3
24 24 125 4
25 24 85 5
26 24 74 6
27 24 55 7
0 25 86 0
1 25 171 1
2 25 111 2
3 25 145 3
4 25 152 4
5 25 1 5
6 25 82 6
7 25 165 7
8 25 127 8
9 25 46 9
10 25 93 0
11 25 117 1
12 25 65 2
13 25 53 3
14 25 115 4
15 25 147 5
16 25 1 6
17 25 1 7
18 25 1 8
19 25 164 9
20 25 146 0
21 25 120 1
22 25 165 2
23 25 1 3
24 25 86 4
25 25 65 5
26 25 136 6
27 25 1 7
0 26 80 0
1 26 84 1
2 26 70 2
3 26 79 3
4 26 174 4
5 26 100 5
6 26 48 6
7 26 1 7
8 26 90 8
9 26 1 9
10 26 99 0
11 26 71 1
12 26 72 2
13 26 126 3
14 26 60 4
15 26 179 5
16 26 133 6
17 26 156 7
18 26 122 8
19 26 125 9
20 26 100 0
21 26 101 1
22 26 61 2
23 26 195 3
24 26 200 4
25 26 225 5
26 26 102 6
27 26 152 7
0 27 84 0
1 27 147 1
2 27 179 2
3 27 75 3
4 27 138 4
5 27 1 5
6 27 84 6
7 27 1 7
8 27 157 8
9 27 117 9
10 27 131 0
11 27 179 1
12 27 134 2
13 27 65 3
14 27 119 4
15 27 73 5
16 27 132 6
17 27 60 7
18 27 1 8
19 27 1 9
20 27 140 0
21 27 170 1
22 27 159 2
23 27 110 3
24 27 294 4
25 27 230 5
26 27 210 6
27 27 57 7
1 4 0 216 38 7 20 15 26
2 6 1 211 39 3 16 12 22
3 27 22 157 42 12 14 23 19
4 18 17 232 32 0 0 10 5
5 4 0 155 53 5 11 14 16
6 6 0 190 135 0 0 10 10
7 5 0 218 35 21 17 27 27
8 2 1 170 41 1 22 10 26
9 25 27 230 36 0 0 5 8
10 7 15 210 38 1 14 9 20
11 7 1 185 74 21 19 27 27
12 22 27 204 30 2 0 13 8
13 20 5 171 33 14 10 21 15
14 12 12 168 32 0 19 7 24
15 19 3 165 60 21 18 26 27
16 0 9 196 39 14 12 23 17
17 8 0 177 50 5 0 11 6
18 8 1 204 34 12 16 22 20
19 7 16 239 44 5 0 10 5
20 7 0 234 35 7 11 16 15
21 5 10 175 33 0 0 11 4
22 0 6 170 44 0 0 11 6
23 5 0 181 31 2 0 13 8
24 24 24 213 32 21 20 26 27
25 24 26 213 136 1 0 5 9
26 6 4 214 32 16 20 27 27
27 19 27 171 41 0 11 10 16
28 5 0 214 33 0 0 6 10
29 3 4 189 34 5 2 13 6
30 26 22 151 39 0 0 6 10
31 20 27 174 47 19 16 27 27
32 27 27 230 66 16 7 26 12
33 21 10 216 33 4 5 13 9
34 13 1 166 44 2 21 13 25
35 11 27 209 76 5 0 10 5
36 6 20 183 32 15 13 22 17
37 20 2 184 56 6 0 10 6
38 3 19 224 59 0 0 11 7
39 18 14 214 32 6 0 10 4
40 19 15 170 38 21 20 27 27
41 5 13 191 70 4 9 11 13
42 26 1 208 43 12 9 22 14
43 27 12 166 34 5 0 11 6
44 22 26 201 30 2 0 13 7
45 3 20 191 55 6 0 10 6
46 21 23 193 34 5 0 10 7
47 16 15 212 67 3 0 13 5
48 13 0 214 43 20 17 27 27
49 19 27 165 51 10 2 17 7
50 8 0 215 33 0 0 10 11
51 22 25 186 260 16 21 27 27
52 5 0 195 33 14 20 23 26
53 9 2 166 52 3 0 12 8
54 0 0 174 42 8 18 19 23
55 1 1 168 32 2 12 9 16
56 9 0 185 30 19 21 27 27
57 6 0 183 50 10 11 19 17
58 8 0 173 32 6 0 10 7
59 4 26 195 37 0 0 11 4
60 21 24 176 36 8 8 18 13
61 7 0 211 37 6 7 13 13
62 18 22 213 31 0 3 8 7
63 7 1 173 44 0 0 6 5
64 3 5 173 100 0 0 5 10
65 22 23 175 33 4 0 11 6
66 27 25 168 32 11 22 18 27
67 4 0 189 32 2 3 11 9
68 1 12 210 31 16 20 27 27
69 16 19 152 32 16 19 27 27
70 3 0 175 36 0 0 7 7
71 0 0 232 75 21 16 27 27
72 10 0 194 75 21 17 26 27
73 26 27 191 34 0 10 9 15
74 23 10 226 45 14 3 21 7
75 23 27 154 59 0 0 5 9
76 12 0 203 31 16 17 27 27
77 0 3 195 66 6 21 13 27
78 9 3 172 52 9 1 19 5
79 27 27 201 62 6 4 13 8
80 12 23 210 32 4 5 11 10
81 6 9 202 32 7 21 17 26
82 19 22 175 59 5 0 10 11
83 4 0 230 39 18 21 27 27
84 3 4 169 36 6 12 16 16
85 10 0 170 30 16 17 27 27
86 14 1 220 34 4 19 13 25
87 0 4 213 37 0 0 10 5
88 5 4 229 39 14 7 21 12
89 12 25 158 45 8 20 18 26
90 21 16 162 32 0 0 6 7
91 8 0 200 39 19 23 27 27
92 9 0 199 32 11 16 21 21
93 6 3 173 35 1 0 5 11
94 5 0 229 38 6 15 17 21
95 27 27 233 38 18 17 27 27
96 13 13 151 40 8 12 19 17
97 4 0 216 30 0 0 5 4
98 0 20 176 37 6 0 10 8
99 27 23 171 35 3 14 12 20
100 20 22 172 40 0 0 11 6
101 21 20 208 45 0 0 11 7
102 0 1 151 31 4 0 12 10
103 23 27 176 44 4 0 11 9
104 26 2 173 36 22 23 26 27
105 0 0 235 37 4 0 11 9
106 11 15 210 33 4 0 12 11
107 8 0 151 65 22 21 26 27
108 2 0 204 196 11 12 22 16
109 11 0 222 33 22 18 26 27
110 23 27 227 52 3 0 13 4
111 13 0 205 45 10 8 17 14
112 23 27 163 79 11 6 19 10
113 13 0 218 31 1 0 5 5
114 21 10 152 31 4 0 12 4
115 14 17 219 34 18 21 27 27
116 10 1 178 33 21 16 27 27
117 5 0 221 36 13 22 22 26
118 11 0 205 35 13 9 22 15
119 23 27 167 75 17 21 27 27
120 23 27 167 32 0 0 6 9
121 2 0 180 34 10 17 19 23
122 4 0 175 38 5 0 10 6
123 3 0 216 40 0 0 11 5
124 12 0 172 32 6 17 15 21
125 5 1 188 35 6 0 10 5
126 4 4 187 63 15 18 25 22
127 12 26 204 43 17 22 27 27
128 0 0 214 35 14 15 22 20
129 8 0 214 32 0 0 7 4
130 0 0 196 101 8 15 17 20
131 27 22 218 33 20 23 27 27
132 0 0 195 39 5 0 10 5
133 23 26 224 58 21 21 27 27
134 11 0 203 32 17 21 27 27
135 24 24 174 32 20 21 27 27
136 9 0 160 34 4 0 11 4
137 7 0 187 30 11 14 20 18
138 15 16 218 213 12 4 21 8
139 8 0 219 49 5 0 10 10
140 7 0 239 112 17 20 27 27
141 8 5 194 213 9 7 17 13
142 5 0 154 62 17 19 27 27
143 1 1 198 32 20 6 27 11
144 10 3 187 49 1 0 5 6
145 5 0 184 105 22 18 26 27
146 1 3 155 55 21 20 26 27
147 23 26 215 40 13 12 23 18
148 6 0 150 44 3 9 10 13
149 21 26 213 32 6 0 10 6
150 25 27 158 31 4 0 12 7
151 0 18 184 34 20 20 27 27
152 4 0 156 40 6 9 16 15
153 6 0 193 33 4 0 11 8
154 26 24 199 34 0 0 5 10
155 0 5 209 51 17 16 27 27
156 5 0 214 37 19 7 27 11
157 21 27 229 41 21 21 26 27
158 1 0 190 39 0 0 10 7
159 23 5 170 260 8 16 15 20
160 26 27 153 38 18 21 27 27
161 4 27 200 33 17 17 27 27
162 3 1 206 43 14 20 25 25
163 16 25 224 87 0 0 6 10
164 10 6 164 47 21 16 26 27
165 19 24 155 34 12 21 20 25
166 4 8 185 36 3 0 12 6
167 8 2 155 36 6 21 17 26
168 12 2 221 34 1 4 11 9
169 25 24 155 34 6 17 14 21
170 10 0 191 78 3 0 13 5
171 12 16 211 37 8 15 17 19
172 10 5 194 33 4 0 12 8
173 0 0 201 40 4 0 12 7
174 11 4 159 37 6 3 17 9
175 0 0 184 64 0 0 9 8
176 8 0 213 47 5 0 11 9
177 5 13 196 32 13 3 23 8
178 0 15 163 49 0 0 11 8
179 7 19 166 46 21 21 26 27
180 26 13 191 33 19 21 27 27
181 1 4 150 46 11 4 21 8
182 9 2 172 42 16 16 27 27
183 12 23 172 96 10 0 21 6
184 4 21 168 30 17 2 27 8
185 0 2 198 50 21 17 26 27
186 26 23 213 44 0 0 8 7
187 3 5 159 42 3 10 12 15
188 3 0 168 34 3 0 13 6
189 19 24 237 33 0 0 6 7
190 3 0 205 35 1 4 10 9
191 17 19 191 37 9 7 20 13
192 3 0 157 34 1 3 8 7
193 15 13 179 32 20 23 27 27
194 13 23 157 56 0 0 8 11
195 23 27 182 57 1 0 5 4
196 3 19 214 30 21 23 26 27
197 19 22 200 32 0 0 10 10
198 13 1 222 50 3 0 12 7
199 8 0 213 61 3 0 13 11
200 8 6 177 44 2 9 12 14
201 27 23 186 32 19 20 27 27
202 0 5 155 32 2 0 13 10
203 0 3 169 38 21 22 27 27
204 7 0 156 34 5 8 12 14
205 5 0 152 30 7 19 16 25
206 26 24 225 84 13 1 21 5
207 3 16 232 34 15 1 23 5
208 2 14 176 31 8 18 16 22
209 25 15 181 70 1 6 12 10
210 15 8 220 43 3 1 13 5
211 7 0 183 34 5 0 10 6
212 5 13 224 49 3 0 13 8
213 13 0 153 147 20 18 27 27
214 26 23 173 63 18 20 27 27
215 8 0 155 30 16 20 27 27
216 15 4 195 222 16 20 27 25
217 26 15 221 54 16 21 27 27
218 9 1 180 33 0 21 11 26
219 10 0 191 66 0 0 6 9
220 4 5 208 51 16 16 27 27
221 1 13 184 71 3 0 13 10
222 2 0 200 43 13 3 20 8
223 0 2 226 59 21 20 26 27
224 10 16 156 145 0 0 5 4
225 4 2 214 36 6 0 10 6
226 12 0 224 84 19 20 27 27
227 0 0 150 34 0 0 6 8
228 1 0 159 41 0 4 11 8
229 19 26 169 36 17 1 24 7
230 23 5 187 31 7 21 18 25
231 2 0 187 55 13 6 23 12
232 4 20 159 36 4 19 14 23
233 4 1 156 43 7 10 15 14
234 25 23 223 30 15 7 24 11
235 0 0 150 31 6 0 10 9
236 4 2 216 260 16 4 27 10
237 4 3 174 44 0 0 10 6
238 0 0 193 38 0 0 9 11
239 19 27 180 36 3 0 12 7
240 20 27 224 41 21 23 27 27
241 18 8 161 35 3 0 13 7
242 12 4 166 30 18 21 27 27
243 26 27 156 33 2 0 13 8
244 27 27 215 41 3 0 13 5
245 0 4 207 31 5 0 10 7
246 27 27 169 32 0 0 10 5
247 24 23 214 32 0 0 6 5
248 26 6 198 34 6 0 10 9
249 6 0 235 133 2 0 13 7
250 5 3 184 31 3 0 13 11
251 23 27 232 38 3 0 12 8
252 2 0 206 34 16 16 27 27
253 13 26 185 32 7 18 14 23
254 19 27 154 37 0 0 5 8
255 2 3 239 60 3 0 12 7
256 18 2 150 65 22 22 26 27
257 22 27 170 42 2 3 12 8
258 27 0 167 38 12 20 20 24
259 8 3 226 93 5 0 10 10
260 19 8 187 31 4 0 11 4
261 11 3 173 34 5 21 14 27
262 11 0 186 42 3 0 12 9
263 23 23 198 30 16 1 23 6
264 3 5 207 31 18 2 25 6
265 10 27 158 33 18 21 27 27
266 21 6 212 37 6 11 17 15
267 22 25 160 41 19 16 27 27
268 21 24 233 30 0 0 5 9
269 3 26 176 60 2 0 13 5
270 24 27 156 97 0 0 11 6
271 21 23 196 44 5 0 10 7
272 4 1 213 33 0 0 5 4
273 2 23 183 33 16 5 24 11
274 1 20 184 32 3 8 14 14
275 8 24 237 60 3 22 10 26
276 13 1 172 35 18 10 26 16
277 19 23 222 32 0 0 7 4
278 26 27 227 31 22 17 26 27
279 4 0 162 31 0 0 5 8
280 12 4 153 36 16 16 27 27
281 15 23 215 34 21 19 27 27
282 7 0 222 31 3 4 13 10
283 6 23 200 33 21 22 27 27
284 2 17 195 30 3 12 11 18
285 8 0 222 62 0 0 9 10
286 8 2 159 35 0 21 9 26
287 23 25 173 33 2 0 13 7
288 6 1 233 44 4 10 13 14
289 8 0 210 38 0 0 10 5
290 27 27 236 53 3 5 10 11
291 2 0 184 94 3 0 13 5
292 19 8 238 30 12 15 23 20
293 27 27 203 32 16 20 25 26
294 6 5 199 39 6 13 17 19
295 3 4 175 67 0 0 5 11
296 14 24 185 39 2 8 10 12
297 12 14 177 45 0 0 8 9
298 23 25 197 77 13 14 24 19
299 26 24 160 31 0 3 7 9
300 19 27 205 32 6 0 10 9
301 21 6 191 38 0 0 7 6
302 21 25 172 40 5 8 14 12
303 0 0 170 48 0 0 11 4
304 20 27 153 35 11 12 20 16
305 24 27 184 32 2 0 13 9
306 0 14 157 237 4 0 12 11
307 24 25 202 31 16 16 27 27
308 27 27 150 98 0 20 11 24
309 8 4 209 40 13 3 21 9
310 24 11 192 98 18 6 26 12
311 5 26 183 99 0 0 11 9
312 7 0 150 57 0 0 9 4
313 3 0 229 95 20 22 27 27
314 0 5 207 30 6 14 14 19
315 27 25 213 43 16 18 27 27
316 7 0 150 36 0 0 11 6
317 9 2 196 82 11 1 22 5
318 4 0 154 37 21 20 26 27
319 12 23 230 33 20 11 27 15
320 23 22 239 59 5 0 11 6
321 2 0 206 111 10 5 19 10
322 9 25 177 117 16 6 26 12
323 10 0 216 44 0 0 6 7
324 25 27 163 48 4 21 12 26
325 7 7 187 32 20 20 27 27
326 3 24 211 54 3 8 14 12
327 12 0 184 49 13 8 23 12
328 12 5 209 31 8 20 19 26
329 3 1 225 78 0 0 10 5
330 1 15 192 41 14 7 23 13
331 6 0 239 65 9 20 20 26
332 0 0 195 50 8 2 16 6
333 24 25 201 39 17 22 27 27
334 13 0 221 34 20 17 27 27
335 0 3 194 106 9 11 18 15
336 11 21 189 42 4 0 11 10
337 25 24 155 32 0 0 9 4
338 3 1 226 37 20 18 27 27
339 27 22 233 36 2 0 13 7
340 21 16 206 32 15 0 25 5
341 0 0 221 55 17 20 27 27
342 20 19 192 57 1 0 5 6
343 8 1 173 34 6 0 10 6
344 24 22 187 43 11 18 19 23
345 11 0 151 38 7 3 15 7
346 4 2 172 47 17 20 27 27
347 8 1 228 33 17 23 27 27
348 12 24 220 32 19 16 27 27
349 7 7 172 47 21 18 26 27
350 2 16 155 179 3 0 12 11
351 10 2 160 37 4 0 12 6
352 27 27 237 47 7 19 15 24
353 1 0 202 32 11 2 20 8
354 1 13 160 31 4 0 11 5
355 11 2 165 45 8 11 17 15
356 18 9 174 35 0 6 10 11
357 22 3 212 72 1 0 5 6
358 13 0 226 36 12 8 19 12
359 0 26 156 181 4 0 11 11
360 19 4 179 44 2 0 13 5
361 21 24 165 39 16 13 24 17
362 27 24 182 170 2 5 12 9
363 4 0 154 43 4 0 12 11
364 27 27 228 50 10 20 17 26
365 21 27 227 63 4 7 12 13
366 6 5 158 82 18 22 27 27
367 5 3 222 35 19 17 27 27
368 20 26 153 35 11 17 18 21
369 21 26 155 35 2 20 9 24
370 10 13 187 37 0 0 11 11
371 0 17 174 30 18 10 25 15
372 27 26 236 34 5 0 10 6
373 27 22 178 78 13 1 20 5
374 25 27 180 50 16 12 26 18
375 4 5 229 41 19 18 27 27
376 8 4 233 44 9 8 18 13
377 6 0 168 52 20 20 27 27
378 0 0 211 32 0 0 11 4
379 10 0 160 57 22 22 26 27
380 26 15 175 30 6 13 13 17
381 0 4 239 31 6 0 10 4
382 24 11 219 33 2 0 13 9
383 6 14 175 30 5 19 15 25
384 10 0 213 43 3 10 13 16
385 20 4 216 66 5 0 11 4
386 7 4 228 31 0 15 8 21
387 26 7 164 43 0 0 11 7
388 4 5 212 43 1 2 10 6
389 6 0 182 35 17 17 27 27
390 7 10 178 44 19 18 27 27
391 3 0 237 55 0 7 7 12
392 5 19 186 63 4 0 11 8
393 8 19 162 34 13 9 22 15
394 20 14 151 41 1 0 5 6
395 16 19 193 38 5 0 10 6
396 11 0 202 57 0 22 10 27
397 4 0 159 31 1 0 5 11
398 0 2 171 45 2 8 10 14
399 2 17 163 80 18 20 27 27
400 5 8 192 45 6 0 10 10
401 26 14 206 40 0 0 5 9
402 22 27 206 68 18 23 26 27
403 9 5 188 34 0 0 5 10
404 2 9 161 32 6 21 17 27
405 12 2 177 45 19 22 27 27
406 12 8 161 53 11 7 22 12
407 24 1 203 58 0 22 10 27
408 27 25 220 31 0 0 8 10
409 20 21 208 31 4 0 11 5
410 5 0 151 33 8 7 17 13
411 26 22 176 31 12 4 23 8
412 5 0 207 55 4 0 12 5
413 21 27 213 45 11 16 21 21
414 17 24 183 37 0 0 5 4
415 12 8 186 36 15 12 23 16
416 4 0 198 34 16 22 25 26
417 9 0 177 35 3 0 12 11
418 27 27 228 130 5 6 14 12
419 27 26 228 189 13 22 22 27
420 7 4 187 59 0 0 8 7
421 0 0 162 34 6 0 10 8
422 25 27 153 65 15 20 23 24
423 19 24 211 36 19 20 27 27
424 21 0 195 260 16 21 27 27
425 6 11 226 35 5 19 13 25
426 24 27 178 79 21 21 26 27
427 3 4 175 48 2 0 9 6
428 3 3 151 33 0 0 9 11
429 18 6 206 73 3 0 13 8
430 27 27 223 36 4 14 13 19
431 1 2 224 32 6 2 14 8
432 13 0 219 31 3 0 13 8
433 6 10 153 41 0 0 8 6
434 6 3 158 33 0 0 8 8
435 1 25 152 40 6 10 14 14
436 4 19 193 51 0 0 11 5
437 21 18 180 40 0 0 7 7
438 5 0 195 173 18 6 26 11
439 7 2 221 51 7 19 15 25
440 22 13 150 69 19 15 26 21
441 5 17 227 33 5 3 16 9
442 4 14 211 37 2 5 9 11
443 26 5 228 33 10 21 19 25
444 1 1 166 40 0 0 10 8
445 21 26 154 64 17 19 27 27
446 8 18 150 92 5 0 11 10
447 3 0 223 31 19 18 27 27
448 6 2 169 31 4 0 12 9
449 22 27 185 36 18 8 26 13
450 7 0 169 33 12 14 19 19
451 0 0 205 35 17 20 26 24
452 13 21 183 40 18 19 25 25
453 7 0 208 37 22 20 26 27
454 15 3 177 46 15 4 25 8
455 27 27 219 36 0 0 8 9
456 0 5 203 54 12 13 19 17
457 8 0 157 31 3 0 12 8
458 23 26 223 40 0 0 11 7
459 14 19 154 36 21 21 26 27
460 3 17 167 46 20 10 27 16
461 24 0 189 49 12 17 21 22
462 9 0 189 33 7 18 16 23
463 3 0 197 36 21 21 26 27
464 23 2 174 33 15 0 26 6
465 19 9 214 35 4 0 11 10
466 6 5 234 31 20 23 27 27
467 2 5 177 40 5 5 14 11
468 25 27 168 87 12 19 23 25
469 27 23 152 34 0 0 6 6
470 5 0 175 52 20 17 27 27
471 19 11 204 30 0 0 6 10
472 13 14 193 99 19 23 27 27
473 6 0 230 64 10 5 20 11
474 6 1 180 115 2 6 12 11
475 20 18 180 43 6 0 10 8
476 0 3 220 32 20 3 27 8
477 6 5 231 46 0 0 9 11
478 6 0 193 33 2 0 13 4
479 6 0 230 38 1 13 8 19
480 9 0 159 37 5 0 11 9
481 24 27 188 32 19 22 26 27
482 27 26 196 71 0 0 10 4
483 6 0 233 98 0 0 5 7
484 26 27 152 35 22 19 26 27
485 0 0 188 35 16 21 27 27
486 7 21 226 31 9 8 19 13
487 27 27 166 37 0 0 10 9
488 6 4 236 35 0 0 6 7
489 23 26 215 31 15 1 24 5
490 10 3 216 109 19 18 27 27
491 7 0 203 30 2 0 10 6
492 7 8 211 45 0 0 11 7
493 9 5 166 53 20 16 27 27
494 2 13 229 51 14 12 22 17
495 4 13 196 42 3 0 12 10
496 22 23 158 47 10 15 19 20
497 9 3 239 34 20 19 27 27
498 5 0 201 36 6 0 10 10
499 13 20 213 260 17 16 27 27
500 27 26 156 31 19 21 27 27
