32 32 600 260
0 0 173 0
1 0 45 1
2 0 150 2
3 0 89 3
4 0 115 4
5 0 164 5
6 0 69 6
7 0 159 7
8 0 78 8
9 0 1 9
10 0 74 0
11 0 126 1
12 0 83 2
13 0 44 3
14 0 201 4
15 0 131 5
16 0 161 6
17 0 123 7
18 0 128 8
19 0 144 9
20 0 185 0
21 0 107 1
22 0 37 2
23 0 198 3
24 0 75 4
25 0 123 5
26 0 65 6
27 0 146 7
28 0 187 8
29 0 1 9
30 0 207 0
31 0 1 1
0 1 96 2
1 1 186 3
2 1 96 4
3 1 158 5
4 1 116 6
5 1 133 7
6 1 45 8
7 1 205 9
8 1 50 0
9 1 92 1
10 1 204 2
11 1 52 3
12 1 100 4
13 1 186 5
14 1 82 6
15 1 167 7
16 1 127 8
17 1 67 9
18 1 55 0
19 1 127 1
20 1 206 2
21 1 94 3
22 1 46 4
23 1 66 5
24 1 182 6
25 1 98 7
26 1 113 8
27 1 53 9
28 1 181 0
29 1 181 1
30 1 188 2
31 1 72 3
0 2 36 4
1 2 175 5
2 2 45 6
3 2 171 7
4 2 107 8
5 2 113 9
6 2 129 0
7 2 141 1
8 2 1 2
9 2 60 3
10 2 50 4
11 2 156 5
12 2 1 6
13 2 111 7
14 2 138 8
15 2 86 9
16 2 50 0
17 2 127 1
18 2 127 2
19 2 119 3
20 2 193 4
21 2 63 5
22 2 189 6
23 2 147 7
24 2 150 8
25 2 114 9
26 2 141 0
27 2 1 1
28 2 115 2
29 2 50 3
30 2 69 4
31 2 114 5
0 3 111 6
1 3 88 7
2 3 129 8
3 3 59 9
4 3 174 0
5 3 1 1
6 3 185 2
7 3 119 3
8 3 60 4
9 3 171 5
10 3 198 6
11 3 188 7
12 3 143 8
13 3 163 9
14 3 139 0
15 3 210 1
16 3 1 2
17 3 111 3
18 3 52 4
19 3 168 5
20 3 47 6
21 3 194 7
22 3 135 8
23 3 87 9
24 3 79 0
25 3 157 1
26 3 102 2
27 3 89 3
28 3 107 4
29 3 143 5
30 3 1 6
31 3 55 7
0 4 83 8
1 4 164 9
2 4 116 0
3 4 185 1
4 4 160 2
5 4 1 3
6 4 167 4
7 4 167 5
8 4 120 6
9 4 75 7
10 4 76 8
11 4 46 9
12 4 96 0
13 4 90 1
14 4 51 2
15 4 36 3
16 4 115 4
17 4 206 5
18 4 185 6
19 4 205 7
20 4 203 8
21 4 126 9
22 4 194 0
23 4 101 1
24 4 155 2
25 4 148 3
26 4 78 4
27 4 113 5
28 4 207 6
29 4 36 7
30 4 201 8
31 4 127 9
0 5 81 0
1 5 196 1
2 5 48 2
3 5 86 3
4 5 204 4
5 5 105 5
6 5 155 6
7 5 167 7
8 5 92 8
9 5 139 9
10 5 80 0
11 5 119 1
12 5 150 2
13 5 157 3
14 5 159 4
15 5 101 5
16 5 43 6
17 5 108 7
18 5 94 8
19 5 46 9
20 5 1 0
21 5 116 1
22 5 1 2
23 5 176 3
24 5 254 4
25 5 229 5
26 5 112 6
27 5 83 7
28 5 89 8
29 5 185 9
30 5 44 0
31 5 80 1
0 6 35 2
1 6 87 3
2 6 167 4
3 6 65 5
4 6 1 6
5 6 45 7
6 6 64 8
7 6 90 9
8 6 151 0
9 6 182 1
10 6 122 2
11 6 107 3
12 6 126 4
13 6 165 5
14 6 57 6
15 6 200 7
16 6 173 8
17 6 183 9
18 6 86 0
19 6 66 1
20 6 54 2
21 6 214 3
22 6 201 4
23 6 129 5
24 6 350 6
25 6 93 7
26 6 202 8
27 6 120 9
28 6 102 0
29 6 1 1
30 6 76 2
31 6 103 3
0 7 157 4
1 7 174 5
2 7 127 6
3 7 115 7
4 7 103 8
5 7 121 9
6 7 164 0
7 7 35 1
8 7 86 2
9 7 200 3
10 7 1 4
11 7 107 5
12 7 35 6
13 7 98 7
14 7 74 8
15 7 140 9
16 7 107 0
17 7 78 1
18 7 157 2
19 7 175 3
20 7 131 4
21 7 190 5
22 7 69 6
23 7 239 7
24 7 130 8
25 7 229 9
26 7 189 0
27 7 40 1
28 7 76 2
29 7 204 3
30 7 97 4
31 7 164 5
0 8 88 6
1 8 46 7
2 8 120 8
3 8 1 9
4 8 48 0
5 8 150 1
6 8 93 2
7 8 39 3
8 8 183 4
9 8 117 5
10 8 1 6
11 8 118 7
12 8 64 8
13 8 207 9
14 8 104 0
15 8 1 1
16 8 169 2
17 8 190 3
18 8 143 4
19 8 204 5
20 8 128 6
21 8 216 7
22 8 115 8
23 8 158 9
24 8 254 0
25 8 224 1
26 8 174 2
27 8 174 3
28 8 174 4
29 8 132 5
30 8 38 6
31 8 94 7
0 9 38 8
1 9 90 9
2 9 126 0
3 9 58 1
4 9 130 2
5 9 71 3
6 9 193 4
7 9 54 5
8 9 75 6
9 9 104 7
10 9 59 8
11 9 188 9
12 9 112 0
13 9 158 1
14 9 172 2
15 9 208 3
16 9 189 4
17 9 1 5
18 9 113 6
19 9 108 7
20 9 96 8
21 9 179 9
22 9 158 0
23 9 1 1
24 9 176 2
25 9 84 3
26 9 152 4
27 9 176 5
28 9 1 6
29 9 105 7
30 9 92 8
31 9 61 9
0 10 178 0
1 10 118 1
2 10 1 2
3 10 41 3
4 10 67 4
5 10 119 5
6 10 149 6
7 10 165 7
8 10 64 8
9 10 107 9
10 10 60 0
11 10 207 1
12 10 45 2
13 10 72 3
14 10 57 4
15 10 169 5
16 10 186 6
17 10 54 7
18 10 37 8
19 10 1 9
20 10 160 0
21 10 196 1
22 10 54 2
23 10 166 3
24 10 205 4
25 10 219 5
26 10 116 6
27 10 200 7
28 10 82 8
29 10 146 9
30 10 52 0
31 10 49 1
0 11 151 2
1 11 113 3
2 11 132 4
3 11 1 5
4 11 146 6
5 11 152 7
6 11 121 8
7 11 193 9
8 11 110 0
9 11 1 1
10 11 148 2
11 11 66 3
12 11 209 4
13 11 66 5
14 11 125 6
15 11 47 7
16 11 199 8
17 11 87 9
18 11 88 0
19 11 67 1
20 11 1 2
21 11 157 3
22 11 183 4
23 11 168 5
24 11 314 6
25 11 242 7
26 11 292 8
27 11 218 9
28 11 184 0
29 11 184 1
30 11 40 2
31 11 120 3
0 12 177 4
1 12 174 5
2 12 154 6
3 12 151 7
4 12 93 8
5 12 97 9
6 12 165 0
7 12 171 1
8 12 77 2
9 12 44 3
10 12 1 4
11 12 147 5
12 12 38 6
13 12 65 7
14 12 51 8
15 12 88 9
16 12 35 0
17 12 1 1
18 12 1 2
19 12 43 3
20 12 191 4
21 12 76 5
22 12 105 6
23 12 86 7
24 12 156 8
25 12 168 9
26 12 78 0
27 12 119 1
28 12 134 2
29 12 170 3
30 12 179 4
31 12 207 5
0 13 137 6
1 13 131 7
2 13 133 8
3 13 173 9
4 13 48 0
5 13 171 1
6 13 40 2
7 13 176 3
8 13 180 4
9 13 109 5
10 13 99 6
11 13 70 7
12 13 169 8
13 13 145 9
14 13 140 0
15 13 37 1
16 13 74 2
17 13 91 3
18 13 172 4
19 13 69 5
20 13 78 6
21 13 60 7
22 13 199 8
23 13 174 9
24 13 172 0
25 13 50 1
26 13 111 2
27 13 132 3
28 13 50 4
29 13 45 5
30 13 72 6
31 13 169 7
0 14 65 8
1 14 1 9
2 14 43 0
3 14 42 1
4 14 102 2
5 14 53 3
6 14 123 4
7 14 167 5
8 14 81 6
9 14 93 7
10 14 89 8
11 14 110 9
12 14 44 0
13 14 96 1
14 14 68 2
15 14 118 3
16 14 121 4
17 14 90 5
18 14 155 6
19 14 182 7
20 14 114 8
21 14 44 9
22 14 51 0
23 14 187 1
24 14 143 2
25 14 100 3
26 14 1 4
27 14 155 5
28 14 83 6
29 14 154 7
30 14 140 8
31 14 159 9
0 15 40 0
1 15 53 1
2 15 90 2
3 15 94 3
4 15 143 4
5 15 94 5
6 15 43 6
7 15 108 7
8 15 164 8
9 15 78 9
10 15 166 0
11 15 148 1
12 15 153 2
13 15 1 3
14 15 54 4
15 15 156 5
16 15 145 6
17 15 211 7
18 15 191 8
19 15 195 9
20 15 107 0
21 15 154 1
22 15 197 2
23 15 174 3
24 15 200 4
25 15 1 5
26 15 217 6
27 15 180 7
28 15 192 8
29 15 168 9
30 15 37 0
31 15 106 1
0 16 169 2
1 16 105 3
2 16 46 4
3 16 85 5
4 16 68 6
5 16 139 7
6 16 162 8
7 16 192 9
8 16 1 0
9 16 66 1
10 16 170 2
11 16 198 3
12 16 156 4
13 16 47 5
14 16 166 6
15 16 137 7
16 16 1 8
17 16 140 9
18 16 47 0
19 16 204 1
20 16 123 2
21 16 235 3
22 16 116 4
23 16 101 5
24 16 42 6
25 16 161 7
26 16 161 8
27 16 118 9
28 16 36 0
29 16 80 1
30 16 158 2
31 16 146 3
0 17 55 4
1 17 187 5
2 17 55 6
3 17 91 7
4 17 131 8
5 17 93 9
6 17 58 0
7 17 37 1
8 17 163 2
9 17 172 3
10 17 143 4
11 17 85 5
12 17 42 6
13 17 61 7
14 17 137 8
15 17 156 9
16 17 128 0
17 17 198 1
18 17 162 2
19 17 131 3
20 17 159 4
21 17 190 5
22 17 1 6
23 17 168 7
24 17 107 8
25 17 121 9
26 17 167 0
27 17 154 1
28 17 51 2
29 17 185 3
30 17 177 4
31 17 73 5
0 18 89 6
1 18 59 7
2 18 43 8
3 18 190 9
4 18 122 0
5 18 142 1
6 18 179 2
7 18 140 3
8 18 156 4
9 18 176 5
10 18 58 6
11 18 35 7
12 18 159 8
13 18 156 9
14 18 81 0
15 18 1 1
16 18 1 2
17 18 96 3
18 18 72 4
19 18 46 5
20 18 226 6
21 18 106 7
22 18 1 8
23 18 66 9
24 18 101 0
25 18 186 1
26 18 151 2
27 18 90 3
28 18 79 4
29 18 66 5
30 18 172 6
31 18 66 7
0 19 48 8
1 19 129 9
2 19 68 0
3 19 171 1
4 19 36 2
5 19 40 3
6 19 189 4
7 19 200 5
8 19 138 6
9 19 42 7
10 19 48 8
11 19 145 9
12 19 65 0
13 19 132 1
14 19 174 2
15 19 180 3
16 19 1 4
17 19 219 5
18 19 163 6
19 19 108 7
20 19 1 8
21 19 244 9
22 19 208 0
23 19 104 1
24 19 235 2
25 19 73 3
26 19 104 4
27 19 154 5
28 19 78 6
29 19 70 7
30 19 96 8
31 19 116 9
0 20 191 0
1 20 164 1
2 20 89 2
3 20 64 3
4 20 133 4
5 20 150 5
6 20 68 6
7 20 71 7
8 20 132 8
9 20 101 9
10 20 187 0
11 20 1 1
12 20 122 2
13 20 1 3
14 20 104 4
15 20 180 5
16 20 100 6
17 20 203 7
18 20 50 8
19 20 64 9
20 20 1 0
21 20 52 1
22 20 1 2
23 20 1 3
24 20 64 4
25 20 140 5
26 20 119 6
27 20 134 7
28 20 119 8
29 20 146 9
30 20 124 0
31 20 208 1
0 21 1 2
1 21 162 3
2 21 157 4
3 21 88 5
4 21 178 6
5 21 76 7
6 21 204 8
7 21 115 9
8 21 199 0
9 21 145 1
10 21 190 2
11 21 123 3
12 21 118 4
13 21 84 5
14 21 207 6
15 21 185 7
16 21 154 8
17 21 168 9
18 21 131 0
19 21 63 1
20 21 56 2
21 21 65 3
22 21 156 4
23 21 37 5
24 21 136 6
25 21 208 7
26 21 55 8
27 21 42 9
28 21 135 0
29 21 55 1
30 21 46 2
31 21 121 3
0 22 50 4
1 22 151 5
2 22 187 6
3 22 82 7
4 22 206 8
5 22 56 9
6 22 37 0
7 22 40 1
8 22 91 2
9 22 180 3
10 22 174 4
11 22 126 5
12 22 79 6
13 22 53 7
14 22 174 8
15 22 1 9
16 22 184 0
17 22 98 1
18 22 74 2
19 22 163 3
20 22 126 4
21 22 225 5
22 22 1 6
23 22 208 7
24 22 201 8
25 22 1 9
26 22 68 0
27 22 1 1
28 22 1 2
29 22 172 3
30 22 140 4
31 22 49 5
0 23 50 6
1 23 73 7
2 23 145 8
3 23 137 9
4 23 105 0
5 23 165 1
6 23 78 2
7 23 100 3
8 23 161 4
9 23 204 5
10 23 182 6
11 23 200 7
12 23 172 8
13 23 83 9
14 23 121 0
15 23 120 1
16 23 87 2
17 23 207 3
18 23 107 4
19 23 187 5
20 23 72 6
21 23 126 7
22 23 106 8
23 23 152 9
24 23 160 0
25 23 44 1
26 23 117 2
27 23 186 3
28 23 90 4
29 23 145 5
30 23 37 6
31 23 118 7
0 24 63 8
1 24 125 9
2 24 120 0
3 24 204 1
4 24 140 2
5 24 53 3
6 24 144 4
7 24 126 5
8 24 40 6
9 24 1 7
10 24 190 8
11 24 67 9
12 24 166 0
13 24 41 1
14 24 121 2
15 24 112 3
16 24 1 4
17 24 173 5
18 24 44 6
19 24 91 7
20 24 62 8
21 24 114 9
22 24 191 0
23 24 205 1
24 24 138 2
25 24 202 3
26 24 91 4
27 24 153 5
28 24 53 6
29 24 170 7
30 24 116 8
31 24 117 9
0 25 188 0
1 25 121 1
2 25 107 2
3 25 98 3
4 25 129 4
5 25 168 5
6 25 85 6
7 25 157 7
8 25 135 8
9 25 105 9
10 25 65 0
11 25 92 1
12 25 102 2
13 25 179 3
14 25 173 4
15 25 98 5
16 25 1 6
17 25 146 7
18 25 58 8
19 25 75 9
20 25 1 0
21 25 153 1
22 25 96 2
23 25 86 3
24 25 1 4
25 25 189 5
26 25 119 6
27 25 105 7
28 25 1 8
29 25 155 9
30 25 48 0
31 25 162 1
0 26 107 2
1 26 133 3
2 26 110 4
3 26 1 5
4 26 94 6
5 26 124 7
6 26 76 8
7 26 104 9
8 26 114 0
9 26 1 1
10 26 202 2
11 26 1 3
12 26 162 4
13 26 1 5
14 26 152 6
15 26 54 7
16 26 158 8
17 26 67 9
18 26 70 0
19 26 101 1
20 26 103 2
21 26 1 3
22 26 61 4
23 26 121 5
24 26 145 6
25 26 173 7
26 26 159 8
27 26 1 9
28 26 148 0
29 26 160 1
30 26 78 2
31 26 39 3
0 27 81 4
1 27 44 5
2 27 123 6
3 27 189 7
4 27 105 8
5 27 62 9
6 27 88 0
7 27 82 1
8 27 1 2
9 27 198 3
10 27 142 4
11 27 173 5
12 27 110 6
13 27 123 7
14 27 91 8
15 27 74 9
16 27 1 0
17 27 203 1
18 27 122 2
19 27 1 3
20 27 173 4
21 27 1 5
22 27 122 6
23 27 121 7
24 27 82 8
25 27 157 9
26 27 134 0
27 27 40 1
28 27 1 2
29 27 194 3
30 27 156 4
31 27 37 5
0 28 92 6
1 28 110 7
2 28 85 8
3 28 140 9
4 28 88 0
5 28 71 1
6 28 66 2
7 28 1 3
8 28 44 4
9 28 185 5
10 28 140 6
11 28 90 7
12 28 78 8
13 28 164 9
14 28 50 0
15 28 205 1
16 28 59 2
17 28 66 3
18 28 96 4
19 28 60 5
20 28 135 6
21 28 210 7
22 28 199 8
23 28 72 9
24 28 146 0
25 28 191 1
26 28 146 2
27 28 72 3
28 28 63 4
29 28 60 5
30 28 225 6
31 28 105 7
0 29 79 8
1 29 126 9
2 29 71 0
3 29 87 1
4 29 207 2
5 29 166 3
6 29 159 4
7 29 55 5
8 29 134 6
9 29 137 7
10 29 175 8
11 29 1 9
12 29 157 0
13 29 55 1
14 29 154 2
15 29 198 3
16 29 73 4
17 29 109 5
18 29 202 6
19 29 140 7
20 29 121 8
21 29 35 9
22 29 135 0
23 29 84 1
24 29 197 2
25 29 82 3
26 29 104 4
27 29 69 5
28 29 114 6
29 29 248 7
30 29 125 8
31 29 43 9
0 30 1 0
1 30 104 1
2 30 140 2
3 30 1 3
4 30 145 4
5 30 85 5
6 30 117 6
7 30 178 7
8 30 210 8
9 30 204 9
10 30 136 0
11 30 38 1
12 30 46 2
13 30 209 3
14 30 84 4
15 30 74 5
16 30 1 6
17 30 142 7
18 30 85 8
19 30 45 9
20 30 149 0
21 30 1 1
22 30 135 2
23 30 76 3
24 30 172 4
25 30 86 5
26 30 134 6
27 30 101 7
28 30 176 8
29 30 402 9
30 30 99 0
31 30 111 1
0 31 85 2
1 31 197 3
2 31 129 4
3 31 182 5
4 31 103 6
5 31 146 7
6 31 196 8
7 31 167 9
8 31 95 0
9 31 122 1
10 31 127 2
11 31 1 3
12 31 134 4
13 31 35 5
14 31 84 6
15 31 188 7
16 31 154 8
17 31 192 9
18 31 49 0
19 31 109 1
20 31 103 2
21 31 54 3
22 31 1 4
23 31 143 5
24 31 166 6
25 31 142 7
26 31 1 8
27 31 166 9
28 31 159 0
29 31 111 1
30 31 226 2
31 31 189 3
1 8 29 14 186 18 0 29 14
2 29 30 45 231 8 13 23 18
3 23 15 47 188 18 15 24 22
4 30 15 75 134 19 13 28 23
5 29 3 23 146 14 14 23 19
6 21 1 194 106 16 14 25 23
7 23 12 28 89 7 11 19 20
8 28 14 78 34 17 12 24 25
9 3 0 38 150 15 7 22 17
10 19 29 200 138 17 12 22 18
11 2 18 50 53 1 12 16 26
12 25 5 48 208 17 15 24 22
13 18 21 25 54 20 15 30 28
14 19 29 2 220 19 7 31 14
15 31 31 24 152 16 8 31 13
16 16 20 66 97 13 23 26 30
17 20 3 180 206 19 8 30 14
18 21 1 33 39 16 1 31 11
19 28 3 73 98 2 20 7 28
20 21 24 76 216 18 12 23 26
21 16 28 237 116 18 22 26 30
22 0 31 179 158 17 22 31 29
23 24 14 32 126 10 8 16 23
24 21 22 9 206 18 7 31 15
25 19 23 11 62 14 12 28 25
26 3 5 55 39 19 8 31 14
27 20 16 33 258 6 3 11 15
28 31 30 38 91 20 1 27 10
29 31 31 14 226 14 13 28 25
30 22 17 191 93 22 4 28 17
31 28 28 78 180 22 18 31 31
32 27 14 41 45 8 18 20 28
33 31 31 80 139 8 5 15 12
34 31 31 68 118 18 16 24 21
35 31 10 30 220 18 12 24 26
36 23 13 42 201 17 12 25 26
37 1 17 65 88 10 10 16 25
38 19 26 29 236 19 17 31 31
39 25 28 176 27 20 5 29 17
40 29 4 14 124 16 15 25 22
41 25 22 9 192 16 12 23 27
42 12 4 11 174 21 2 27 9
43 26 13 7 178 20 1 27 11
44 12 28 54 39 20 22 31 31
45 11 4 20 210 16 17 31 31
46 20 24 37 156 15 13 29 21
47 26 8 240 137 21 0 26 14
48 31 19 166 176 16 23 31 31
49 22 7 66 235 16 14 26 24
50 23 24 55 130 16 13 26 24
51 14 24 42 198 19 18 31 31
52 27 31 28 184 18 5 31 16
53 28 4 0 80 14 13 28 25
54 6 23 3 168 22 7 28 14
55 17 24 46 124 21 3 26 8
56 22 13 199 141 16 0 31 15
57 24 10 47 174 15 16 26 21
58 4 25 207 69 18 6 31 16
59 30 26 79 172 6 11 17 16
60 13 5 28 246 12 5 27 16
61 12 27 21 77 19 4 30 18
62 31 13 15 52 4 18 13 31
63 2 4 42 79 2 6 17 15
64 5 9 183 76 18 1 29 11
65 18 23 61 138 21 4 28 17
66 24 28 202 229 19 5 27 15
67 18 22 200 95 13 14 28 23
68 25 17 191 36 15 12 23 22
69 31 31 59 162 23 14 30 27
70 7 28 182 110 22 23 31 31
71 14 9 224 162 18 17 31 24
72 31 26 71 157 0 4 5 18
73 11 24 78 195 17 2 30 10
74 22 17 53 228 17 24 31 31
75 20 22 50 83 20 7 30 14
76 27 16 68 109 8 21 14 27
77 31 31 11 258 14 16 28 22
78 20 23 57 185 19 0 29 12
79 25 4 22 194 11 3 18 17
80 16 22 231 211 20 8 30 14
81 22 18 8 164 1 16 12 30
82 16 15 24 104 18 7 31 15
83 25 16 63 29 22 26 31 31
84 15 25 195 119 25 23 31 31
85 12 6 75 246 19 3 29 9
86 23 18 44 113 1 9 7 20
87 17 15 7 195 3 22 9 27
88 23 4 61 84 15 11 27 26
89 27 5 219 32 9 6 14 13
90 21 6 34 30 17 26 31 31
91 23 2 8 133 26 24 31 31
92 29 28 21 51 16 14 25 23
93 18 23 54 215 1 21 14 26
94 22 13 201 118 15 16 27 22
95 25 8 79 214 18 21 26 26
96 9 5 50 74 17 17 31 31
97 24 11 27 147 20 0 27 14
98 31 30 174 101 16 25 23 31
99 24 4 188 104 10 7 24 14
100 20 10 46 100 16 13 25 25
101 2 26 8 256 21 0 27 12
102 19 18 60 106 22 7 28 15
103 17 26 190 93 24 19 31 31
104 8 8 74 256 22 8 30 14
105 3 15 46 166 19 4 31 18
106 22 6 229 60 15 12 26 26
107 25 16 66 197 16 4 28 18
108 27 26 19 39 0 22 14 29
109 27 4 42 101 2 13 17 21
110 11 8 3 154 19 10 27 23
111 26 19 223 37 19 6 30 16
112 24 31 213 239 19 16 31 31
113 27 2 54 147 19 6 31 15
114 26 22 61 152 24 23 31 31
115 24 6 41 208 26 19 31 31
116 24 17 71 62 17 19 31 31
117 25 11 51 212 18 14 29 29
118 10 13 9 221 3 16 14 28
119 19 1 40 141 5 15 13 30
120 27 24 160 254 14 8 21 15
121 23 16 182 109 16 0 31 11
122 18 15 197 197 16 0 31 11
123 8 29 17 148 15 4 30 15
124 6 27 75 102 5 4 14 13
125 21 6 72 128 16 24 31 31
126 27 27 12 90 17 1 30 12
127 31 31 61 186 2 19 15 31
128 6 6 224 204 16 3 31 18
129 28 27 1 83 16 20 31 31
130 8 12 67 188 19 4 30 18
131 11 3 17 108 26 21 31 31
132 8 10 234 106 10 10 22 25
133 22 23 182 177 22 2 29 16
134 31 31 31 46 18 16 23 22
135 22 15 19 163 18 12 23 26
136 24 25 208 218 17 8 31 14
137 29 4 31 151 0 14 13 26
138 24 2 164 248 17 6 31 15
139 10 21 69 189 8 2 13 8
140 26 9 38 47 8 18 18 24
141 18 20 172 210 0 2 13 14
142 28 31 0 141 19 0 28 11
143 0 26 15 232 16 15 26 23
144 20 7 54 179 19 3 31 18
145 29 9 232 51 18 0 29 12
146 4 22 9 64 15 12 27 26
147 29 28 49 68 20 6 29 16
148 16 21 33 34 2 12 11 22
149 29 9 49 108 20 19 30 27
150 27 9 31 57 10 21 23 27
151 28 2 239 186 14 14 27 23
152 11 7 47 100 21 3 26 8
153 17 23 45 157 0 2 10 10
154 9 22 49 188 18 4 31 18
155 26 4 8 173 13 1 24 6
156 8 13 209 230 20 3 27 9
157 27 7 162 215 12 17 26 27
158 25 27 16 199 4 20 11 26
159 19 24 12 39 18 0 30 12
160 23 13 25 245 20 8 30 13
161 22 24 161 257 2 1 15 9
162 18 14 17 106 19 3 29 8
163 26 12 192 230 17 12 25 26
164 24 28 165 246 3 14 10 24
165 27 10 47 133 25 18 31 31
166 20 25 20 84 8 12 21 26
167 31 31 34 178 10 6 24 18
168 16 28 17 174 4 19 17 28
169 10 16 169 242 16 3 31 8
170 27 12 9 98 21 4 29 17
171 30 14 74 207 21 4 29 18
172 26 15 37 114 0 15 14 30
173 26 0 75 160 20 3 30 18
174 21 8 39 122 23 16 31 31
175 29 11 213 164 9 14 20 28
176 23 18 66 187 21 14 29 20
177 16 14 54 94 14 0 19 10
178 30 16 68 219 18 13 24 25
179 7 1 50 145 18 22 31 31
180 19 1 201 42 20 2 28 9
181 21 10 209 225 19 4 31 18
182 30 31 199 189 14 21 21 27
183 7 25 74 58 23 16 31 31
184 26 17 14 171 13 16 28 22
185 6 20 77 126 21 3 27 8
186 30 31 213 111 20 22 31 31
187 11 12 68 205 12 12 20 19
188 24 30 214 190 13 12 28 26
189 20 21 43 175 20 0 27 14
190 28 3 52 111 15 15 27 22
191 30 31 32 64 19 6 31 16
192 20 6 71 40 22 3 27 18
193 24 14 48 171 26 19 31 31
194 2 20 25 204 18 3 30 8
195 29 12 3 73 17 13 24 24
196 31 28 78 200 18 1 29 10
197 21 13 13 42 22 17 31 31
198 4 1 206 91 16 14 25 23
199 31 31 9 139 5 19 18 28
200 11 14 237 29 16 1 31 11
201 31 31 223 171 20 26 31 31
202 26 7 32 152 8 6 17 20
203 26 30 67 76 17 13 25 25
204 21 15 179 172 2 18 16 23
205 25 11 179 236 8 19 20 29
206 23 31 217 70 19 21 31 31
207 8 11 202 196 19 1 28 10
208 0 1 27 27 4 1 17 16
209 17 23 232 46 20 17 31 31
210 26 7 17 70 17 8 31 14
211 30 31 198 127 14 13 26 28
212 22 13 234 27 19 0 29 13
213 6 7 237 30 21 2 26 9
214 0 26 228 112 18 12 30 17
215 15 6 30 79 17 16 25 22
216 29 14 28 102 20 5 28 15
217 21 23 34 57 14 12 28 26
218 22 14 42 254 18 15 23 22
219 6 16 30 225 13 26 18 31
220 25 2 53 211 16 16 28 30
221 22 17 30 215 13 15 28 23
222 11 20 21 89 16 12 26 25
223 21 15 7 135 18 4 31 18
224 30 31 230 226 21 17 31 28
225 31 31 80 47 17 16 31 31
226 17 21 8 38 17 0 30 12
227 24 31 52 99 4 5 9 11
228 23 7 14 161 13 12 19 25
229 5 20 73 129 11 2 26 14
230 12 25 173 211 16 19 26 30
231 22 4 80 39 22 4 28 17
232 23 10 203 225 4 13 11 28
233 13 15 202 191 7 15 14 30
234 16 15 35 227 7 3 16 11
235 22 9 34 245 20 1 28 11
236 17 26 48 108 15 11 28 20
237 19 1 25 65 8 15 14 27
238 24 19 80 100 14 15 27 22
239 20 15 79 213 17 6 31 15
240 19 16 233 52 21 6 29 16
241 24 7 215 197 21 1 30 12
242 24 30 47 156 20 4 29 17
243 23 14 48 204 15 16 27 21
244 29 12 6 192 14 13 28 24
245 31 24 176 195 8 21 23 31
246 16 16 25 103 18 13 23 24
247 30 26 43 158 16 0 31 14
248 23 13 202 195 21 4 30 13
249 27 6 209 149 17 2 30 10
250 24 5 67 48 17 0 30 11
251 31 27 46 31 22 8 27 14
252 21 27 234 139 8 1 18 10
253 30 28 219 123 17 15 24 22
254 31 31 233 125 22 22 31 31
255 24 11 10 258 21 7 28 15
256 13 9 10 90 21 0 27 12
257 1 1 208 185 0 19 10 25
258 30 25 2 147 22 11 28 25
259 17 0 221 248 18 1 30 10
260 22 22 227 125 16 2 31 10
261 31 27 50 249 20 1 28 11
262 24 24 51 107 15 11 27 26
263 26 14 215 220 20 6 30 15
264 23 4 40 139 21 6 28 15
265 29 7 55 58 26 21 31 31
266 21 24 51 176 22 4 27 17
267 14 22 70 188 19 4 31 17
268 19 23 66 57 17 7 31 15
269 31 29 57 223 22 7 27 15
270 24 13 236 158 19 8 31 14
271 21 7 205 134 15 16 30 22
272 20 22 10 137 14 12 27 26
273 23 9 53 69 0 21 8 27
274 28 2 67 153 4 13 9 25
275 19 20 51 244 8 18 19 26
276 23 7 46 58 20 5 29 16
277 25 12 0 216 15 13 26 23
278 28 11 221 137 16 21 31 31
279 28 8 65 193 11 2 21 16
280 27 30 11 37 19 1 28 10
281 16 5 184 201 22 5 28 16
282 26 30 209 200 4 6 9 12
283 18 27 62 257 15 16 27 21
284 17 22 239 168 5 15 18 28
285 27 29 11 119 18 22 26 29
286 23 20 53 170 20 8 30 13
287 7 22 168 187 15 15 25 24
288 22 6 210 58 17 11 25 26
289 27 6 35 228 20 18 31 31
290 27 27 55 103 21 18 31 31
291 22 21 70 47 22 21 31 31
292 29 9 66 45 16 11 25 26
293 25 25 39 218 5 20 15 27
294 26 16 71 184 17 16 29 28
295 29 9 0 48 25 17 30 22
296 4 21 76 244 12 18 24 27
297 30 16 26 254 1 6 15 21
298 7 22 80 253 19 2 27 11
299 28 17 184 231 18 2 30 10
300 21 14 225 249 14 9 22 21
301 11 26 61 44 5 5 15 19
302 28 31 51 249 15 0 30 11
303 6 15 197 238 17 3 30 9
304 10 28 44 44 3 18 11 30
305 22 8 11 253 14 8 25 13
306 19 17 9 183 10 0 18 11
307 25 7 162 239 22 3 27 18
308 17 20 173 52 19 2 28 9
309 31 31 15 153 16 22 31 31
310 29 10 6 211 7 13 21 27
311 20 19 196 198 15 1 30 8
312 5 21 39 168 5 6 15 21
313 19 9 38 137 17 8 31 14
314 27 26 71 175 12 10 26 21
315 27 16 20 172 22 4 27 17
316 12 8 24 166 14 15 27 23
317 25 27 64 203 20 2 28 10
318 29 1 204 191 18 3 30 8
319 31 26 225 220 20 6 29 15
320 26 23 29 153 16 5 31 16
321 24 24 80 257 1 14 9 29
322 24 8 80 250 15 11 27 26
323 18 16 20 227 20 4 29 17
324 26 14 64 186 18 4 31 11
325 29 19 23 88 21 8 28 14
326 17 12 217 237 20 4 29 18
327 31 6 23 85 0 22 10 28
328 24 18 73 114 16 16 31 31
329 26 6 75 90 3 10 11 23
330 28 2 3 132 14 13 28 24
331 11 18 67 217 20 7 30 14
332 3 17 74 219 21 20 31 31
333 23 18 66 129 14 14 27 24
334 5 3 209 97 23 22 31 31
335 25 2 28 99 16 2 31 10
336 0 31 37 259 13 12 28 25
337 26 25 79 152 17 0 31 15
338 26 18 71 221 16 11 25 26
339 25 9 52 224 19 8 24 14
340 21 11 23 118 21 8 29 13
341 29 12 208 69 19 3 29 8
342 26 30 25 189 9 7 22 18
343 10 24 69 45 7 1 17 15
344 20 2 57 72 24 24 31 31
345 26 6 225 227 19 2 29 10
346 29 8 19 231 21 0 26 12
347 26 24 167 260 7 7 19 16
348 29 25 174 253 18 13 23 25
349 0 9 195 27 25 21 31 31
350 20 19 30 110 26 19 31 31
351 25 17 10 25 3 7 8 17
352 29 31 28 45 16 23 31 31
353 20 5 197 137 23 20 31 31
354 0 18 67 152 18 6 31 16
355 26 16 9 140 4 6 10 18
356 20 4 212 182 20 0 27 14
357 11 6 38 190 23 18 31 31
358 29 28 0 88 19 0 29 13
359 11 6 46 127 20 3 27 8
360 14 11 51 198 19 16 31 31
361 9 6 22 213 18 11 23 26
362 21 2 65 62 7 7 21 19
363 31 29 63 202 26 16 31 31
364 6 7 53 163 13 18 21 24
365 29 29 48 128 16 11 30 19
366 0 28 22 178 25 16 31 31
367 18 8 44 214 20 5 30 16
368 30 2 5 173 19 0 28 12
369 22 3 186 153 5 19 18 26
370 21 17 28 74 22 4 28 18
371 28 2 78 228 14 13 27 24
372 20 7 231 42 19 0 29 13
373 31 6 21 100 23 24 31 31
374 17 10 50 195 17 3 31 18
375 31 31 0 181 6 3 21 17
376 19 18 5 255 20 7 30 14
377 28 26 56 160 18 1 29 11
378 31 14 48 230 15 14 27 24
379 29 31 54 76 13 4 19 15
380 23 9 231 176 20 25 31 31
381 12 31 53 250 17 4 26 14
382 16 19 54 163 23 26 31 31
383 17 26 57 109 17 7 26 19
384 24 9 8 164 25 22 31 31
385 30 31 38 90 16 0 31 13
386 21 7 31 39 17 15 25 23
387 31 26 172 229 14 13 27 24
388 31 11 218 159 17 1 31 10
389 19 4 190 26 26 18 31 31
390 16 21 5 120 10 7 19 22
391 26 3 55 223 17 14 25 24
392 25 24 215 27 4 25 17 30
393 25 7 10 56 1 7 12 19
394 26 5 20 124 18 14 24 23
395 22 5 49 162 25 0 30 14
396 31 7 195 76 17 14 25 24
397 28 14 230 202 21 6 29 16
398 29 13 44 251 17 2 31 9
399 29 6 9 102 6 17 13 24
400 23 23 231 185 9 16 16 31
401 23 29 30 55 14 13 27 25
402 24 30 9 74 22 8 27 14
403 28 5 75 105 16 21 31 31
404 25 24 211 147 20 6 30 16
405 31 30 4 201 16 13 25 25
406 22 6 61 73 19 8 26 13
407 31 16 63 219 18 20 31 31
408 3 3 25 143 12 2 22 14
409 20 20 178 27 18 3 31 18
410 23 30 235 199 17 24 31 31
411 30 19 55 145 24 19 31 31
412 26 7 8 193 23 17 31 31
413 25 1 30 74 16 0 31 14
414 25 8 51 54 14 15 28 22
415 29 11 239 147 20 5 30 16
416 26 20 196 170 19 17 25 28
417 14 7 172 185 2 11 17 24
418 17 22 46 76 24 24 31 31
419 10 6 204 82 14 14 27 23
420 27 8 70 142 3 8 14 20
421 23 12 52 69 21 6 28 15
422 23 11 45 251 19 7 31 15
423 21 15 198 212 20 7 30 15
424 29 7 234 115 14 18 28 27
425 12 12 168 219 7 9 22 21
426 7 12 50 129 17 14 25 24
427 20 5 61 94 15 16 27 21
428 23 8 217 232 17 0 25 6
429 22 17 180 179 9 9 22 23
430 9 5 38 88 16 6 29 21
431 18 29 65 205 21 14 31 28
432 20 16 220 37 22 4 28 18
433 7 27 171 125 26 22 31 31
434 20 15 228 211 21 3 27 8
435 16 3 24 210 18 16 28 26
436 24 27 49 247 22 7 28 14
437 30 4 204 149 3 13 18 21
438 6 10 234 63 17 16 31 31
439 25 16 23 181 0 6 9 19
440 28 30 50 258 26 3 31 8
441 27 15 65 152 17 6 31 16
442 27 30 176 200 18 7 31 14
443 28 0 40 110 7 16 21 24
444 25 4 67 158 20 6 29 15
445 10 17 72 54 9 21 22 30
446 0 20 2 150 20 0 27 12
447 17 15 59 180 10 0 18 14
448 24 20 216 225 7 1 21 13
449 19 27 215 257 19 17 31 31
450 31 27 77 226 4 13 18 26
451 23 4 64 119 20 7 30 15
452 23 18 56 149 14 15 27 22
453 31 28 0 65 18 11 23 26
454 20 16 39 224 22 25 31 31
455 20 23 70 162 19 7 31 15
456 18 19 28 72 10 23 24 30
457 28 28 49 33 1 9 13 21
458 7 10 21 124 4 4 9 12
459 20 8 48 26 21 4 28 18
460 30 7 60 117 24 26 31 31
461 27 5 176 170 22 25 31 31
462 25 31 4 143 5 1 20 12
463 9 2 7 114 21 16 31 31
464 26 18 32 204 15 14 27 24
465 31 28 51 103 22 6 27 15
466 30 31 178 125 22 6 29 13
467 20 3 36 40 17 1 30 10
468 10 12 167 226 16 6 31 15
469 25 22 31 259 16 7 31 13
470 27 15 192 184 18 23 31 31
471 20 13 162 56 1 22 9 29
472 25 31 209 138 21 0 26 13
473 12 7 221 201 16 8 25 21
474 26 10 192 203 17 14 25 24
475 23 24 45 108 24 24 31 31
476 30 26 55 80 24 26 31 31
477 8 7 73 152 16 3 31 8
478 31 31 200 116 17 6 31 15
479 21 16 23 135 17 13 25 25
480 27 5 65 221 0 13 15 18
481 24 26 65 50 21 22 31 31
482 27 10 16 138 22 7 28 14
483 30 30 10 201 16 4 24 10
484 25 28 63 106 21 8 29 14
485 26 9 194 77 16 25 31 31
486 26 25 207 59 0 17 8 29
487 25 15 52 36 18 5 31 17
488 25 22 63 127 18 0 30 11
489 27 6 22 165 18 0 29 15
490 29 31 76 93 16 22 31 31
491 14 19 78 217 20 8 30 13
492 30 7 38 85 1 22 7 28
493 14 23 163 177 4 3 18 15
494 27 12 18 215 6 18 14 26
495 31 26 15 221 12 7 25 18
496 25 31 168 87 18 15 23 25
497 22 22 65 115 12 6 25 20
498 13 8 77 172 19 0 29 11
499 28 15 77 214 22 19 31 31
500 10 4 18 259 1 15 8 24
501 20 8 66 247 14 14 28 23
502 2 15 51 91 5 14 16 24
503 18 6 59 190 3 10 10 25
504 25 14 1 73 17 17 30 23
505 27 27 69 210 21 5 29 17
506 22 19 46 33 17 8 31 13
507 16 31 52 259 20 7 29 15
508 19 10 234 241 17 1 30 10
509 25 5 5 142 23 19 31 31
510 6 12 235 44 19 0 29 11
511 4 22 162 117 16 2 31 10
512 15 11 17 32 8 0 16 11
513 30 3 175 237 21 1 27 10
514 21 10 194 227 3 8 13 21
515 20 9 49 106 7 15 18 21
516 18 23 26 98 19 7 31 15
517 27 31 79 34 16 4 31 18
518 9 27 44 76 19 24 31 31
519 30 27 29 44 18 13 23 25
520 23 5 36 152 12 11 27 25
521 31 31 38 235 18 14 24 23
522 7 6 66 63 14 6 20 18
523 20 24 41 131 16 4 31 18
524 28 9 27 62 5 18 10 30
525 25 13 235 191 22 17 31 31
526 25 29 197 77 18 2 29 9
527 30 25 31 212 13 13 28 24
528 19 14 236 217 17 16 25 22
529 30 14 48 141 20 7 29 14
530 31 27 57 235 9 4 18 10
531 30 0 160 140 2 10 9 22
532 24 25 225 107 17 11 24 26
533 29 3 4 87 19 0 29 12
534 26 4 21 242 18 24 31 31
535 23 8 55 83 16 2 31 10
536 24 10 79 190 20 0 27 14
537 26 8 67 69 20 3 28 8
538 20 10 211 115 15 12 27 25
539 20 11 234 145 16 3 31 8
540 24 2 219 135 23 16 31 31
541 17 20 57 167 15 12 27 26
542 22 21 170 62 18 10 31 24
543 24 28 59 65 18 2 29 10
544 23 6 26 127 21 6 28 16
545 4 3 21 193 20 1 31 16
546 21 27 32 257 1 3 9 15
547 2 17 162 231 21 0 27 13
548 0 30 57 42 17 13 25 24
549 24 31 74 44 23 20 31 31
550 23 23 194 198 13 8 23 22
551 31 31 197 203 7 3 19 15
552 1 16 58 132 21 0 26 12
553 29 10 223 217 17 17 31 31
554 23 29 228 215 5 1 17 9
555 16 18 39 119 20 3 28 9
556 22 20 25 244 5 1 11 15
557 26 10 63 49 5 13 17 27
558 21 23 66 135 15 9 24 20
559 4 22 37 217 11 7 16 18
560 30 11 52 253 8 4 23 19
561 31 31 235 118 16 14 26 23
562 31 12 47 25 17 0 31 11
563 2 4 200 48 8 5 16 11
564 21 16 181 151 0 20 11 28
565 26 21 75 124 21 3 26 8
566 18 1 5 60 2 19 12 28
567 23 21 162 54 18 1 29 11
568 18 27 171 206 14 18 26 29
569 31 26 233 34 20 4 30 17
570 24 8 21 236 18 13 25 22
571 25 18 4 198 9 9 23 16
572 1 16 50 199 18 2 30 10
573 7 3 6 194 13 13 28 24
574 9 20 176 127 14 13 28 24
575 27 16 164 176 20 1 27 11
576 23 23 225 87 19 21 31 31
577 19 18 179 156 21 6 29 15
578 11 17 164 166 18 4 31 17
579 19 9 168 77 15 12 27 25
580 17 7 49 135 20 18 31 31
581 31 31 65 199 4 9 15 24
582 1 11 77 133 10 25 20 30
583 28 2 64 128 17 24 31 31
584 20 14 42 65 1 4 15 12
585 24 10 213 120 16 14 25 23
586 26 8 237 144 18 15 23 22
587 19 22 72 59 1 14 9 25
588 24 7 42 29 16 22 31 31
589 24 17 66 61 19 0 29 13
590 26 21 29 42 13 12 28 26
591 26 2 33 248 18 2 29 9
592 24 29 235 258 16 4 31 17
593 28 10 224 230 17 0 30 11
594 27 27 29 159 20 13 29 20
595 11 4 51 112 23 15 28 22
596 9 31 7 136 19 21 31 31
597 30 31 21 186 18 10 29 25
598 22 11 60 40 21 5 28 17
599 2 14 4 213 20 5 30 17
600 24 13 197 162 16 3 31 9
