30 30 700 260
0 0 193 2
1 0 57 0
2 0 91 0
3 0 85 5
4 0 111 9
5 0 86 6
6 0 169 7
7 0 67 7
8 0 188 3
9 0 112 0
10 0 53 6
11 0 186 1
12 0 218 4
13 0 180 6
14 0 195 9
15 0 160 4
16 0 1 3
17 0 84 9
18 0 146 3
19 0 116 6
20 0 46 7
21 0 97 1
22 0 133 3
23 0 38 7
24 0 110 0
25 0 170 2
26 0 34 6
27 0 128 0
28 0 51 5
29 0 79 9
0 1 59 0
1 1 116 3
2 1 138 8
3 1 86 8
4 1 37 3
5 1 154 5
6 1 190 3
7 1 76 2
8 1 46 8
9 1 121 1
10 1 138 5
11 1 186 0
12 1 186 3
13 1 224 3
14 1 283 9
15 1 157 7
16 1 199 5
17 1 202 5
18 1 126 0
19 1 136 2
20 1 191 8
21 1 124 2
22 1 147 5
23 1 52 9
24 1 87 0
25 1 38 8
26 1 99 7
27 1 148 8
28 1 49 4
29 1 69 0
0 2 100 3
1 2 49 9
2 2 155 7
3 2 41 8
4 2 198 6
5 2 154 0
6 2 36 3
7 2 191 3
8 2 47 2
9 2 164 2
10 2 148 0
11 2 148 3
12 2 74 6
13 2 176 0
14 2 274 3
15 2 234 8
16 2 178 6
17 2 47 8
18 2 104 1
19 2 152 6
20 2 130 2
21 2 123 6
22 2 37 4
23 2 74 4
24 2 1 2
25 2 39 6
26 2 188 3
27 2 179 4
28 2 48 9
29 2 55 2
0 3 198 0
1 3 181 0
2 3 147 5
3 3 67 0
4 3 42 1
5 3 173 9
6 3 80 6
7 3 176 6
8 3 1 6
9 3 123 2
10 3 135 4
11 3 188 2
12 3 156 6
13 3 43 9
14 3 137 0
15 3 143 7
16 3 181 5
17 3 88 4
18 3 106 2
19 3 108 1
20 3 53 5
21 3 177 7
22 3 145 4
23 3 171 6
24 3 87 0
25 3 64 2
26 3 134 5
27 3 187 9
28 3 35 6
29 3 179 3
0 4 101 4
1 4 75 4
2 4 190 7
3 4 81 4
4 4 118 4
5 4 43 2
6 4 191 4
7 4 58 2
8 4 195 3
9 4 173 0
10 4 32 3
11 4 159 1
12 4 74 5
13 4 72 8
14 4 141 1
15 4 143 6
16 4 202 2
17 4 1 1
18 4 103 1
19 4 40 0
20 4 46 9
21 4 86 3
22 4 103 3
23 4 30 3
24 4 32 8
25 4 1 1
26 4 100 6
27 4 192 9
28 4 37 4
29 4 121 3
0 5 1 1
1 5 200 6
2 5 210 0
3 5 95 0
4 5 45 4
5 5 169 4
6 5 106 5
7 5 142 1
8 5 50 6
9 5 86 5
10 5 152 3
11 5 90 0
12 5 118 8
13 5 122 0
14 5 45 2
15 5 67 1
16 5 36 0
17 5 91 3
18 5 195 3
19 5 130 7
20 5 59 3
21 5 57 9
22 5 61 6
23 5 173 4
24 5 166 8
25 5 81 7
26 5 190 8
27 5 126 8
28 5 76 2
29 5 194 3
0 6 170 2
1 6 73 3
2 6 44 6
3 6 274 4
4 6 133 3
5 6 80 9
6 6 207 9
7 6 126 5
8 6 62 2
9 6 83 7
10 6 198 3
11 6 171 7
12 6 109 6
13 6 148 5
14 6 73 8
15 6 39 3
16 6 184 4
17 6 131 0
18 6 154 8
19 6 32 0
20 6 143 6
21 6 196 5
22 6 34 3
23 6 35 7
24 6 50 0
25 6 112 5
26 6 97 4
27 6 67 0
28 6 195 0
29 6 117 7
0 7 199 4
1 7 51 9
2 7 164 3
3 7 109 0
4 7 217 0
5 7 97 8
6 7 146 8
7 7 96 8
8 7 1 5
9 7 164 6
10 7 190 5
11 7 86 0
12 7 174 2
13 7 114 7
14 7 114 4
15 7 112 2
16 7 65 6
17 7 123 0
18 7 101 8
19 7 1 4
20 7 142 7
21 7 79 7
22 7 79 1
23 7 51 6
24 7 53 2
25 7 187 8
26 7 78 7
27 7 35 9
28 7 150 3
29 7 88 5
0 8 92 1
1 8 142 4
2 8 66 5
3 8 75 9
4 8 197 0
5 8 36 2
6 8 64 7
7 8 181 7
8 8 111 7
9 8 56 6
10 8 37 3
11 8 121 2
12 8 169 5
13 8 146 5
14 8 108 0
15 8 77 5
16 8 108 2
17 8 72 5
18 8 193 2
19 8 163 9
20 8 74 5
21 8 37 7
22 8 97 2
23 8 55 5
24 8 102 4
25 8 1 2
26 8 44 2
27 8 44 1
28 8 96 8
29 8 127 4
0 9 187 8
1 9 48 5
2 9 97 7
3 9 124 3
4 9 141 6
5 9 85 3
6 9 1 9
7 9 44 5
8 9 1 9
9 9 155 9
10 9 57 9
11 9 76 5
12 9 188 3
13 9 171 0
14 9 38 9
15 9 67 4
16 9 143 4
17 9 140 2
18 9 1 3
19 9 147 7
20 9 133 9
21 9 230 3
22 9 53 6
23 9 197 7
24 9 119 0
25 9 66 6
26 9 152 0
27 9 33 2
28 9 38 9
29 9 90 7
0 10 108 7
1 10 141 7
2 10 167 8
3 10 174 5
4 10 40 9
5 10 219 1
6 10 90 9
7 10 133 4
8 10 113 9
9 10 61 8
10 10 34 7
11 10 186 5
12 10 120 5
13 10 66 4
14 10 196 6
15 10 117 1
16 10 109 4
17 10 93 2
18 10 174 0
19 10 161 3
20 10 126 3
21 10 176 7
22 10 163 1
23 10 198 1
24 10 148 0
25 10 88 9
26 10 114 7
27 10 75 5
28 10 39 9
29 10 73 0
0 11 59 5
1 11 115 5
2 11 199 9
3 11 173 0
4 11 131 1
5 11 77 6
6 11 150 5
7 11 59 6
8 11 1 3
9 11 36 9
10 11 114 4
11 11 141 9
12 11 179 6
13 11 111 2
14 11 48 1
15 11 102 0
16 11 87 2
17 11 46 5
18 11 74 6
19 11 102 7
20 11 103 7
21 11 54 3
22 11 174 8
23 11 86 8
24 11 38 7
25 11 47 5
26 11 193 0
27 11 58 7
28 11 53 6
29 11 191 7
0 12 39 1
1 12 133 7
2 12 103 8
3 12 50 7
4 12 176 2
5 12 85 5
6 12 243 3
7 12 331 7
8 12 186 0
9 12 202 4
10 12 173 3
11 12 164 1
12 12 177 3
13 12 155 5
14 12 140 0
15 12 106 9
16 12 186 9
17 12 107 9
18 12 73 8
19 12 80 2
20 12 84 2
21 12 118 7
22 12 172 9
23 12 79 2
24 12 1 8
25 12 158 0
26 12 183 4
27 12 154 0
28 12 179 1
29 12 169 8
0 13 152 9
1 13 75 4
2 13 121 2
3 13 81 2
4 13 97 9
5 13 59 0
6 13 162 3
7 13 50 6
8 13 59 2
9 13 37 2
10 13 41 3
11 13 50 3
12 13 85 2
13 13 164 4
14 13 97 8
15 13 65 9
16 13 88 1
17 13 119 0
18 13 40 3
19 13 1 3
20 13 142 4
21 13 59 7
22 13 37 5
23 13 85 5
24 13 199 4
25 13 83 3
26 13 103 9
27 13 48 0
28 13 161 4
29 13 72 7
0 14 192 6
1 14 137 9
2 14 164 9
3 14 204 5
4 14 1 0
5 14 49 5
6 14 126 7
7 14 274 5
8 14 1 2
9 14 69 5
10 14 161 3
11 14 51 6
12 14 202 0
13 14 187 3
14 14 70 3
15 14 130 9
16 14 184 4
17 14 116 0
18 14 132 9
19 14 53 5
20 14 126 9
21 14 154 1
22 14 136 5
23 14 111 4
24 14 172 1
25 14 109 6
26 14 40 7
27 14 153 9
28 14 133 1
29 14 1 6
0 15 204 6
1 15 184 3
2 15 32 2
3 15 138 4
4 15 131 8
5 15 163 0
6 15 178 8
7 15 85 2
8 15 145 5
9 15 145 1
10 15 74 7
11 15 81 7
12 15 61 4
13 15 162 5
14 15 98 8
15 15 51 4
16 15 150 5
17 15 200 4
18 15 138 6
19 15 187 6
20 15 149 4
21 15 74 3
22 15 129 3
23 15 134 7
24 15 200 2
25 15 100 6
26 15 55 0
27 15 73 5
28 15 105 7
29 15 138 7
0 16 148 7
1 16 71 9
2 16 75 9
3 16 159 4
4 16 181 4
5 16 72 1
6 16 137 6
7 16 85 7
8 16 35 7
9 16 96 1
10 16 186 1
11 16 138 7
12 16 192 6
13 16 65 2
14 16 118 9
15 16 144 4
16 16 1 9
17 16 122 1
18 16 108 2
19 16 173 0
20 16 112 1
21 16 87 4
22 16 105 5
23 16 156 2
24 16 113 3
25 16 196 0
26 16 1 3
27 16 185 0
28 16 131 0
29 16 61 1
0 17 107 9
1 17 158 9
2 17 53 1
3 17 130 2
4 17 50 0
5 17 102 8
6 17 109 6
7 17 76 9
8 17 74 1
9 17 166 4
10 17 86 5
11 17 144 4
12 17 45 5
13 17 133 9
14 17 146 0
15 17 196 6
16 17 191 0
17 17 106 2
18 17 181 0
19 17 111 2
20 17 113 4
21 17 96 1
22 17 145 6
23 17 154 0
24 17 89 1
25 17 31 4
26 17 163 8
27 17 107 5
28 17 49 5
29 17 135 7
0 18 41 4
1 18 129 8
2 18 101 7
3 18 49 2
4 18 120 3
5 18 75 2
6 18 65 8
7 18 126 2
8 18 89 3
9 18 187 6
10 18 59 0
11 18 40 8
12 18 147 8
13 18 187 7
14 18 42 4
15 18 87 3
16 18 56 2
17 18 167 0
18 18 179 3
19 18 163 3
20 18 158 2
21 18 189 6
22 18 97 9
23 18 179 6
24 18 57 7
25 18 132 3
26 18 142 7
27 18 36 9
28 18 37 1
29 18 101 3
0 19 273 8
1 19 232 4
2 19 220 4
3 19 189 4
4 19 148 6
5 19 82 4
6 19 1 4
7 19 103 8
8 19 151 1
9 19 196 2
10 19 69 4
11 19 184 0
12 19 118 4
13 19 172 1
14 19 123 8
15 19 1 7
16 19 146 9
17 19 43 5
18 19 194 4
19 19 140 7
20 19 173 0
21 19 195 1
22 19 103 8
23 19 58 2
24 19 45 4
25 19 155 6
26 19 35 0
27 19 118 7
28 19 129 6
29 19 108 3
0 20 356 2
1 20 217 6
2 20 127 2
3 20 1 3
4 20 94 9
5 20 170 4
6 20 113 5
7 20 1 9
8 20 103 3
9 20 167 9
10 20 186 0
11 20 138 1
12 20 166 4
13 20 30 7
14 20 153 1
15 20 68 9
16 20 75 3
17 20 168 1
18 20 42 4
19 20 168 6
20 20 86 2
21 20 171 1
22 20 175 5
23 20 185 3
24 20 90 4
25 20 94 6
26 20 36 2
27 20 175 2
28 20 118 1
29 20 129 9
0 21 186 8
1 21 59 9
2 21 112 5
3 21 210 5
4 21 56 6
5 21 37 3
6 21 92 7
7 21 198 5
8 21 53 8
9 21 82 9
10 21 161 1
11 21 141 1
12 21 65 4
13 21 147 8
14 21 87 6
15 21 200 9
16 21 37 8
17 21 64 2
18 21 118 7
19 21 121 8
20 21 183 5
21 21 51 9
22 21 97 6
23 21 34 9
24 21 162 0
25 21 82 0
26 21 106 0
27 21 72 9
28 21 119 6
29 21 89 2
0 22 130 7
1 22 166 7
2 22 71 8
3 22 76 3
4 22 68 1
5 22 165 3
6 22 174 1
7 22 143 6
8 22 164 0
9 22 199 5
10 22 161 3
11 22 79 2
12 22 33 8
13 22 160 4
14 22 174 4
15 22 181 2
16 22 48 0
17 22 109 2
18 22 196 1
19 22 81 2
20 22 128 1
21 22 92 8
22 22 174 5
23 22 132 7
24 22 78 9
25 22 143 9
26 22 128 2
27 22 69 6
28 22 92 3
29 22 177 1
0 23 187 3
1 23 194 2
2 23 180 1
3 23 74 2
4 23 1 7
5 23 186 4
6 23 47 5
7 23 57 4
8 23 82 9
9 23 87 2
10 23 123 1
11 23 106 6
12 23 185 8
13 23 103 8
14 23 99 3
15 23 159 0
16 23 177 6
17 23 76 2
18 23 97 2
19 23 64 1
20 23 58 8
21 23 93 4
22 23 170 5
23 23 83 7
24 23 114 1
25 23 91 6
26 23 184 1
27 23 31 0
28 23 1 4
29 23 131 7
0 24 195 5
1 24 203 0
2 24 161 2
3 24 63 9
4 24 133 4
5 24 79 1
6 24 51 8
7 24 82 6
8 24 180 9
9 24 100 0
10 24 1 5
11 24 122 5
12 24 67 8
13 24 44 4
14 24 122 5
15 24 147 3
16 24 162 2
17 24 37 0
18 24 174 4
19 24 36 6
20 24 148 0
21 24 190 6
22 24 45 5
23 24 151 8
24 24 139 4
25 24 97 2
26 24 113 6
27 24 70 9
28 24 156 4
29 24 121 7
0 25 54 1
1 25 102 7
2 25 115 6
3 25 115 5
4 25 124 0
5 25 57 3
6 25 30 3
7 25 83 0
8 25 193 8
9 25 72 6
10 25 73 9
11 25 42 5
12 25 63 9
13 25 37 9
14 25 191 8
15 25 169 8
16 25 46 2
17 25 111 9
18 25 76 1
19 25 114 4
20 25 131 1
21 25 158 8
22 25 153 7
23 25 88 5
24 25 55 8
25 25 85 1
26 25 104 9
27 25 77 1
28 25 52 7
29 25 47 8
0 26 192 8
1 26 80 1
2 26 32 4
3 26 109 7
4 26 150 5
5 26 146 9
6 26 78 3
7 26 57 1
8 26 190 4
9 26 1 0
10 26 44 7
11 26 124 9
12 26 79 4
13 26 124 8
14 26 65 6
15 26 187 3
16 26 154 3
17 26 170 0
18 26 55 8
19 26 64 6
20 26 118 9
21 26 53 0
22 26 143 0
23 26 174 8
24 26 65 7
25 26 119 0
26 26 150 0
27 26 87 3
28 26 140 5
29 26 39 4
0 27 32 5
1 27 67 0
2 27 81 1
3 27 160 2
4 27 48 1
5 27 51 0
6 27 196 3
7 27 54 0
8 27 134 5
9 27 178 5
10 27 1 7
11 27 119 2
12 27 124 0
13 27 37 4
14 27 57 5
15 27 46 4
16 27 104 5
17 27 241 1
18 27 169 1
19 27 40 9
20 27 39 5
21 27 193 2
22 27 173 0
23 27 122 6
24 27 89 2
25 27 57 1
26 27 195 6
27 27 49 9
28 27 134 5
29 27 143 1
0 28 121 5
1 28 173 9
2 28 183 6
3 28 167 5
4 28 1 9
5 28 171 5
6 28 121 9
7 28 99 5
8 28 65 7
9 28 57 0
10 28 150 2
11 28 95 5
12 28 47 8
13 28 142 7
14 28 199 6
15 28 137 4
16 28 85 7
17 28 202 9
18 28 90 9
19 28 174 1
20 28 62 7
21 28 145 7
22 28 186 4
23 28 152 3
24 28 112 0
25 28 114 7
26 28 114 5
27 28 97 1
28 28 118 9
29 28 53 2
0 29 1 3
1 29 100 1
2 29 179 3
3 29 173 0
4 29 115 4
5 29 184 9
6 29 161 5
7 29 51 0
8 29 181 7
9 29 99 4
10 29 54 8
11 29 51 6
12 29 128 2
13 29 60 2
14 29 202 9
15 29 175 1
16 29 109 9
17 29 225 4
18 29 202 2
19 29 82 9
20 29 198 2
21 29 165 5
22 29 178 6
23 29 198 5
24 29 150 6
25 29 175 4
26 29 34 9
27 29 77 7
28 29 185 2
29 29 121 7
1 2 20 55 37 7 0 21 12
2 11 16 189 52 7 0 20 5
3 24 14 64 43 4 10 8 14
4 15 4 48 30 13 15 20 29
5 17 4 3 43 1 10 11 14
6 10 21 149 131 1 5 11 19
7 3 16 44 128 14 1 24 12
8 21 9 63 31 17 6 22 12
9 22 14 164 91 9 15 21 28
10 5 18 147 33 0 2 7 8
11 11 1 208 61 15 11 26 16
12 12 17 6 58 5 6 19 10
13 1 13 212 51 13 18 23 28
14 0 16 39 38 11 18 18 28
15 6 1 65 108 7 18 18 26
16 19 23 189 72 5 14 18 24
17 16 3 56 38 22 8 26 16
18 17 4 151 84 4 20 18 26
19 3 7 186 117 1 5 11 18
20 0 6 44 31 23 16 27 27
21 14 2 21 41 13 23 20 29
22 0 16 72 32 1 0 10 9
23 5 6 63 300 17 4 23 13
24 8 25 18 56 11 25 22 29
25 14 23 179 33 18 7 25 21
26 4 24 59 54 20 1 28 15
27 0 19 6 81 3 11 8 16
28 18 0 73 40 17 20 24 24
29 17 17 33 45 7 22 18 27
30 0 20 71 42 16 13 29 20
31 2 4 215 72 12 0 16 12
32 0 22 14 30 15 6 25 17
33 9 15 215 33 0 0 13 9
34 6 16 6 33 9 0 18 11
35 22 27 62 59 17 6 23 11
36 19 15 192 30 0 8 12 16
37 23 2 7 106 7 12 18 25
38 23 1 10 278 14 8 23 16
39 21 28 58 45 0 6 7 17
40 6 2 65 66 0 0 5 10
41 12 4 171 43 24 5 28 19
42 25 9 45 56 14 1 18 11
43 8 29 8 45 6 4 10 16
44 17 29 71 119 16 7 24 13
45 19 1 41 32 0 10 13 17
46 16 27 67 30 0 0 10 9
47 17 10 7 45 2 0 15 14
48 12 7 161 300 0 0 11 11
49 24 9 41 33 1 8 13 16
50 3 9 54 36 3 8 15 20
51 10 21 0 31 13 5 27 13
52 11 1 159 61 0 10 14 18
53 28 28 54 41 22 14 28 25
54 0 20 8 81 4 17 14 29
55 11 9 30 33 0 0 5 10
56 3 9 28 61 14 18 20 29
57 20 25 5 71 18 2 22 16
58 4 12 182 43 8 3 20 14
59 15 0 31 44 15 7 25 11
60 4 2 42 38 14 4 25 14
61 9 2 13 47 13 1 27 14
62 12 8 178 31 12 0 16 7
63 5 14 14 37 15 18 27 27
64 3 22 64 75 10 0 17 12
65 13 14 204 72 9 13 15 23
66 22 24 19 51 3 14 10 24
67 12 25 23 30 9 0 18 14
68 14 8 50 40 1 2 8 8
69 4 17 157 48 21 8 28 21
70 17 8 0 278 2 9 9 15
71 17 19 28 98 0 13 12 27
72 18 25 16 43 11 7 25 13
73 13 27 14 32 15 2 28 14
74 25 14 38 46 11 2 21 8
75 14 3 163 33 9 0 19 9
76 4 15 38 35 18 4 22 14
77 17 2 6 46 0 8 14 15
78 16 0 35 35 12 1 26 13
79 20 26 208 70 18 2 28 13
80 28 21 155 32 15 7 25 11
81 8 8 215 31 4 19 18 25
82 7 22 64 47 4 5 9 19
83 4 9 71 42 1 7 12 16
84 12 11 4 39 4 8 8 19
85 11 8 3 211 3 11 13 21
86 0 25 210 37 13 2 27 16
87 15 13 15 42 0 11 13 16
88 25 1 50 48 2 7 12 17
89 3 25 49 30 7 10 14 24
90 23 0 14 41 10 23 24 29
91 2 10 65 31 8 12 19 18
92 4 3 4 31 17 3 22 14
93 21 29 161 32 11 15 22 29
94 28 7 23 38 11 19 22 29
95 11 4 164 300 0 1 9 9
96 1 17 195 50 2 11 16 22
97 2 17 69 54 7 0 21 4
98 19 5 188 68 2 9 9 15
99 6 11 181 57 6 7 20 15
100 2 16 27 35 0 8 14 19
101 8 17 190 40 11 20 23 29
102 19 26 51 42 0 13 11 26
103 24 19 38 38 2 5 13 17
104 29 19 212 103 4 9 10 14
105 7 8 61 67 0 15 14 24
106 23 7 59 57 8 0 20 5
107 11 16 47 99 0 15 14 24
108 11 0 65 36 0 1 6 9
109 23 6 29 126 2 9 10 18
110 14 27 73 33 10 17 23 29
111 1 15 182 31 3 15 9 21
112 0 14 162 76 0 2 14 8
113 23 6 21 31 3 6 8 18
114 0 27 3 49 11 22 22 29
115 9 0 48 40 18 0 28 14
116 21 11 165 34 2 16 14 22
117 0 17 45 33 0 17 10 23
118 1 25 18 66 0 10 14 14
119 18 14 196 39 13 9 26 22
120 17 26 3 43 0 13 10 27
121 20 24 16 44 0 0 12 11
122 3 10 159 34 1 2 5 7
123 1 4 66 43 8 7 15 15
124 4 10 30 38 23 11 27 21
125 3 12 71 123 5 13 14 20
126 0 0 203 36 0 12 14 16
127 11 8 163 43 18 0 25 12
128 13 10 50 38 2 16 13 28
129 11 12 213 36 15 3 25 15
130 20 8 30 204 0 2 11 8
131 26 15 159 53 4 5 13 9
132 4 5 43 78 0 0 10 12
133 10 13 40 40 0 1 11 9
134 14 26 183 74 0 0 7 13
135 1 18 217 89 12 0 19 11
136 24 22 63 35 14 3 26 14
137 10 16 26 37 1 7 13 17
138 20 9 2 67 7 8 19 21
139 11 2 179 82 0 22 6 28
140 5 10 39 36 2 11 9 17
141 0 23 167 67 11 24 22 29
142 23 8 184 34 11 15 23 29
143 0 15 13 47 2 10 11 14
144 8 3 34 38 18 11 29 25
145 1 20 37 47 0 14 13 26
146 13 27 13 31 8 0 19 5
147 28 5 216 32 22 17 26 27
148 29 11 65 37 9 11 17 23
149 8 14 18 41 16 14 24 25
150 24 12 219 44 16 5 24 13
151 1 7 42 38 6 14 14 18
152 16 6 199 300 0 15 10 24
153 4 12 37 66 3 6 8 17
154 6 8 42 35 14 5 25 12
155 8 11 214 61 0 0 13 12
156 6 8 219 47 3 7 8 21
157 12 15 155 31 2 7 12 17
158 0 18 216 46 14 17 20 29
159 12 1 161 39 12 25 22 29
160 4 11 5 37 0 0 8 13
161 0 18 47 67 0 3 13 7
162 21 5 151 64 0 9 14 15
163 23 5 1 104 16 5 24 12
164 21 16 195 30 4 9 10 15
165 9 12 35 31 1 0 12 6
166 8 15 181 58 2 8 10 12
167 9 7 51 74 2 8 10 19
168 27 18 68 39 17 4 23 13
169 11 13 42 47 0 14 14 25
170 10 19 11 42 17 8 26 15
171 7 19 175 36 6 16 20 25
172 18 7 2 34 4 0 13 11
173 6 3 30 41 0 11 12 16
174 17 0 14 37 10 0 18 12
175 5 18 36 34 7 0 20 7
176 6 13 187 32 13 6 26 12
177 6 17 23 290 2 9 10 14
178 6 19 0 33 15 2 25 15
179 2 15 1 31 12 11 20 25
180 18 10 6 49 9 4 21 16
181 3 15 3 37 3 6 9 17
182 12 14 51 38 9 10 22 19
183 18 6 17 39 0 17 6 23
184 0 25 26 54 10 22 24 29
185 7 10 35 31 14 3 26 15
186 8 9 153 32 5 0 16 5
187 7 13 51 51 0 17 4 22
188 22 14 216 56 0 13 5 27
189 10 0 3 239 2 10 10 14
190 15 29 34 53 10 24 23 29
191 11 10 71 67 7 2 20 9
192 29 2 162 69 8 0 20 4
193 4 21 60 47 17 4 23 14
194 25 5 51 79 1 3 5 7
195 10 1 211 60 13 22 21 29
196 29 16 209 36 16 3 24 14
197 5 15 50 46 20 10 25 16
198 5 27 54 81 14 11 22 25
199 2 13 50 31 0 15 12 24
200 2 10 148 81 3 11 8 16
201 20 6 18 31 2 6 10 17
202 4 7 61 83 0 0 11 12
203 15 6 197 37 1 9 11 18
204 5 16 209 35 3 16 10 21
205 3 14 19 42 5 12 11 25
206 12 29 18 39 3 22 11 27
207 0 3 195 30 13 6 26 12
208 7 15 66 39 2 6 15 17
209 9 2 72 40 10 22 24 29
210 12 28 69 40 10 0 18 7
211 1 11 46 38 4 14 15 24
212 20 27 186 38 0 16 8 23
213 0 19 170 32 13 5 27 12
214 2 7 202 53 13 8 26 20
215 7 13 19 30 16 3 24 15
216 22 26 1 33 12 10 25 18
217 21 15 23 36 0 2 7 8
218 24 19 57 31 14 16 20 29
219 28 25 5 300 7 0 21 12
220 12 29 8 33 7 19 20 29
221 8 12 47 32 18 3 22 14
222 11 15 199 36 12 0 21 12
223 4 21 51 34 17 2 23 15
224 3 8 71 42 11 4 23 18
225 25 5 36 44 0 0 11 14
226 16 16 68 43 0 14 9 25
227 1 25 41 31 3 5 10 19
228 15 23 53 31 18 21 28 28
229 0 26 156 37 1 5 11 18
230 24 8 36 60 3 3 16 16
231 7 12 70 62 0 13 8 26
232 23 29 208 42 0 7 13 16
233 16 13 65 44 0 1 12 8
234 23 4 182 35 17 5 25 18
235 0 23 62 31 3 8 9 16
236 18 29 23 38 14 1 27 14
237 12 29 29 41 1 8 11 20
238 3 19 0 300 15 3 25 14
239 1 15 4 49 11 13 15 27
240 0 17 155 39 0 18 10 22
241 5 13 49 40 0 9 13 22
242 5 17 30 88 1 8 10 19
243 8 21 207 49 14 11 18 25
244 28 12 35 36 9 5 22 13
245 7 12 168 46 0 9 14 18
246 1 24 7 54 12 9 17 21
247 18 2 33 45 13 22 21 29
248 3 7 184 37 11 0 16 4
249 26 12 12 52 0 2 8 7
250 2 23 51 39 10 18 23 29
251 8 7 67 63 7 5 15 12
252 20 27 204 47 4 3 11 15
253 6 11 26 38 0 0 14 12
254 11 1 164 46 11 12 23 26
255 8 12 61 34 1 10 14 21
256 9 8 42 52 15 9 22 16
257 6 8 21 41 2 8 10 15
258 9 10 168 39 14 18 20 29
259 14 15 183 300 16 23 28 27
260 10 2 189 40 8 11 15 24
261 11 14 55 32 0 13 6 27
262 0 14 40 36 0 16 10 22
263 8 7 15 93 17 14 26 20
264 6 7 27 38 13 16 21 29
265 28 1 189 74 3 10 8 14
266 1 13 160 96 16 3 24 14
267 8 4 198 142 0 7 13 17
268 25 29 179 90 11 0 16 9
269 15 11 17 35 0 17 14 23
270 22 29 64 100 11 6 23 10
271 29 28 12 122 0 16 8 23
272 23 24 61 32 0 3 8 7
273 1 18 3 31 1 0 5 11
274 12 15 15 51 17 2 21 14
275 12 3 2 68 9 17 15 29
276 13 18 22 33 13 8 24 22
277 7 11 69 41 13 16 21 29
278 10 10 48 40 9 2 21 12
279 1 16 36 120 15 6 29 15
280 10 12 33 300 3 8 11 20
281 10 11 33 38 0 9 11 14
282 15 9 73 42 0 0 10 9
283 6 9 58 74 13 9 22 17
284 5 15 73 176 17 7 29 20
285 5 17 14 35 10 15 23 29
286 3 19 23 131 14 2 26 16
287 18 11 201 31 9 9 21 20
288 0 18 66 59 0 6 13 17
289 1 10 57 31 1 20 14 28
290 15 23 68 43 1 17 12 27
291 5 10 28 95 24 12 28 21
292 6 9 43 56 0 6 12 18
293 3 17 204 30 15 6 25 11
294 18 20 170 36 2 8 9 16
295 0 20 42 40 0 8 13 19
296 4 15 68 31 17 6 23 11
297 3 6 14 32 3 20 16 26
298 12 0 1 46 0 8 13 19
299 12 28 51 34 4 6 8 18
300 20 7 197 300 14 4 26 14
301 19 6 181 96 15 19 19 26
302 10 1 22 300 12 17 22 29
303 24 4 202 57 12 19 22 23
304 26 29 2 36 11 7 17 19
305 5 15 15 32 0 11 12 17
306 11 6 71 63 4 6 17 17
307 7 13 201 34 5 8 9 15
308 3 9 160 34 2 9 10 15
309 11 23 27 95 0 8 14 16
310 19 14 196 48 0 3 10 7
311 10 27 202 167 10 0 18 10
312 22 13 5 38 6 1 19 9
313 18 8 195 32 14 10 21 22
314 0 8 42 38 0 13 11 27
315 18 0 19 49 0 9 14 20
316 18 4 167 44 2 8 12 15
317 11 16 168 33 12 17 18 25
318 21 9 42 32 14 24 20 29
319 3 10 4 34 0 16 9 24
320 29 13 16 93 0 15 12 25
321 20 28 25 40 11 0 16 4
322 20 20 201 37 15 9 25 17
323 4 26 199 42 15 5 24 12
324 1 19 17 33 13 13 25 24
325 5 17 62 54 11 15 24 20
326 6 5 63 35 14 23 20 29
327 29 24 160 44 9 0 19 9
328 0 16 210 34 4 7 10 17
329 7 17 72 66 15 6 24 12
330 9 7 33 69 8 0 20 5
331 22 24 43 123 9 0 18 7
332 19 6 5 34 0 14 10 26
333 0 17 21 99 2 9 12 19
334 23 14 8 46 0 18 6 22
335 7 16 178 32 0 13 8 27
336 9 25 189 32 12 9 24 17
337 19 6 21 37 4 16 9 20
338 19 14 2 101 19 4 28 18
339 5 12 198 33 17 2 23 15
340 24 10 33 64 0 7 12 20
341 22 15 15 59 3 5 9 18
342 15 13 17 124 0 15 11 25
343 3 11 212 37 17 0 29 8
344 0 1 37 33 11 0 16 11
345 28 15 47 60 16 19 24 25
346 12 29 196 39 1 11 11 17
347 6 9 31 81 9 0 19 9
348 8 6 0 56 1 9 10 15
349 2 10 51 38 7 12 20 23
350 2 16 169 67 9 0 18 13
351 13 4 66 43 14 18 22 29
352 5 21 157 79 3 12 8 16
353 2 15 58 31 14 14 26 24
354 11 17 11 31 13 5 26 13
355 4 29 36 112 0 14 11 25
356 6 5 44 33 0 5 13 18
357 18 8 191 54 15 10 26 20
358 29 0 26 31 8 5 20 16
359 8 8 24 40 1 13 13 18
360 18 29 63 132 4 2 13 16
361 1 0 167 108 3 9 10 15
362 19 0 216 34 15 11 19 20
363 20 12 7 33 4 9 8 18
364 15 0 184 48 14 6 25 11
365 0 3 35 42 1 10 11 16
366 8 9 1 33 0 5 14 19
367 0 0 11 49 7 0 20 9
368 0 20 197 44 0 7 14 16
369 8 14 36 60 13 21 21 29
370 12 29 14 59 0 0 8 13
371 15 7 152 32 3 9 8 18
372 22 29 184 40 0 8 13 16
373 11 11 18 32 10 0 17 6
374 5 26 11 79 16 20 29 24
375 2 28 25 36 3 9 8 18
376 1 15 21 83 0 8 11 16
377 1 0 40 34 1 8 13 16
378 1 5 6 51 16 8 23 16
379 4 25 70 300 2 2 14 6
380 20 20 174 48 4 20 18 25
381 0 19 185 58 2 12 9 16
382 16 4 162 32 3 8 11 16
383 6 15 33 48 3 15 12 21
384 0 5 57 68 3 12 8 16
385 17 20 1 45 0 0 13 10
386 0 15 17 178 15 23 19 29
387 10 9 56 64 18 16 23 24
388 10 15 26 31 1 0 5 13
389 6 16 7 33 9 6 14 13
390 8 15 27 163 7 2 13 6
391 2 1 174 33 15 15 25 21
392 29 16 42 32 11 0 16 11
393 17 18 25 68 9 2 16 8
394 16 9 42 159 7 0 21 9
395 16 19 42 61 13 20 24 24
396 15 7 7 34 21 7 29 21
397 5 7 190 36 2 14 8 25
398 0 25 197 40 6 9 10 14
399 11 7 70 32 9 0 18 10
400 21 22 29 30 2 15 16 23
401 19 1 38 63 14 20 28 26
402 24 17 203 36 10 0 17 9
403 4 0 10 95 3 8 11 15
404 0 21 31 36 11 15 22 29
405 29 3 27 152 0 15 8 24
406 10 11 0 34 1 6 10 18
407 3 8 36 166 10 0 17 9
408 0 24 179 67 18 3 22 14
409 8 25 59 41 1 21 15 29
410 11 10 180 54 4 8 9 16
411 3 28 160 40 2 8 13 20
412 9 17 3 50 0 7 14 16
413 14 6 184 49 0 18 6 22
414 11 7 177 182 0 6 13 18
415 13 27 69 38 12 17 22 29
416 9 14 67 33 10 11 17 22
417 0 25 56 68 15 10 26 16
418 5 9 169 37 0 1 4 13
419 29 3 30 32 3 18 15 28
420 5 15 171 56 0 15 10 25
421 3 17 19 32 0 0 14 13
422 4 17 19 45 13 10 24 17
423 28 25 69 44 0 5 6 9
424 1 16 174 31 9 2 15 14
425 0 20 57 47 0 7 12 20
426 9 13 40 35 7 0 21 6
427 25 7 166 32 10 17 23 29
428 2 12 206 80 10 24 24 29
429 7 0 6 40 12 15 21 29
430 16 20 187 40 1 9 10 15
431 13 22 1 141 0 8 13 16
432 0 23 201 31 0 13 5 27
433 22 5 199 57 0 13 7 27
434 4 0 73 43 13 15 21 29
435 21 25 44 39 1 12 10 16
436 16 29 73 53 15 2 24 15
437 6 9 31 53 15 5 25 13
438 9 12 209 36 0 15 5 25
439 12 28 36 32 7 0 21 10
440 20 4 15 93 10 19 23 23
441 14 13 53 53 9 0 19 5
442 1 1 198 50 12 20 21 29
443 5 17 25 31 3 12 8 16
444 15 26 20 58 0 10 5 16
445 13 27 56 40 3 0 13 7
446 23 8 176 37 13 24 21 29
447 23 12 26 40 13 24 20 29
448 2 9 60 36 2 7 11 17
449 15 0 192 85 11 25 22 29
450 2 4 173 32 7 6 17 19
451 6 17 47 39 0 17 11 22
452 17 12 160 237 11 21 23 29
453 21 29 42 39 0 14 12 26
454 10 16 201 31 1 8 12 16
455 0 16 5 32 0 14 13 26
456 6 4 9 75 15 2 28 15
457 19 29 46 32 21 11 26 18
458 7 13 61 77 1 8 12 16
459 10 17 69 32 7 0 21 7
460 3 14 70 87 15 25 23 29
461 0 22 7 36 10 2 22 7
462 4 13 69 53 2 12 10 16
463 10 20 217 35 9 0 18 7
464 23 2 64 43 2 6 16 11
465 10 29 179 36 0 7 14 16
466 0 22 34 48 0 17 14 22
467 23 1 33 35 5 3 13 8
468 10 11 14 91 9 14 13 24
469 2 4 54 62 4 5 8 18
470 2 9 159 108 24 7 29 18
471 9 13 48 209 12 0 26 12
472 10 17 42 116 16 6 23 12
473 5 13 160 300 11 0 17 5
474 11 0 212 57 12 22 22 29
475 21 29 173 39 14 15 19 29
476 10 22 31 93 10 0 18 10
477 11 1 71 57 0 7 14 16
478 21 12 71 46 1 7 11 16
479 0 20 35 93 18 7 24 18
480 20 20 210 151 1 6 12 19
481 10 17 65 32 15 12 26 23
482 3 25 155 32 10 19 24 29
483 18 10 177 34 3 5 10 18
484 7 8 37 165 0 8 13 15
485 15 16 184 36 0 16 14 23
486 16 0 47 31 19 10 27 24
487 25 10 11 224 12 9 19 20
488 17 7 29 61 0 15 12 24
489 6 7 25 84 1 9 11 15
490 13 0 197 35 0 18 9 22
491 0 16 172 34 0 13 6 22
492 9 7 6 32 4 9 8 19
493 1 12 204 50 16 7 29 14
494 28 25 21 70 2 8 11 16
495 4 12 16 35 13 4 27 13
496 0 16 172 38 0 13 10 27
497 17 11 182 33 11 24 23 29
498 0 25 19 30 14 15 25 25
499 26 22 27 93 0 0 10 13
500 6 11 60 32 5 12 14 26
501 25 9 0 88 9 0 19 10
502 20 9 176 97 1 11 10 17
503 20 18 22 43 0 13 10 27
504 6 0 13 34 16 3 29 16
505 18 0 29 38 4 17 12 23
506 7 23 41 140 5 16 15 25
507 18 8 13 32 0 14 9 25
508 3 17 169 32 0 13 14 27
509 8 10 62 57 11 19 23 29
510 23 4 70 37 19 4 26 13
511 22 16 9 114 0 0 14 13
512 7 12 70 48 11 0 16 8
513 4 3 27 40 10 20 24 29
514 17 7 61 36 17 14 23 21
515 25 14 40 55 8 10 20 23
516 19 0 174 52 1 0 5 14
517 18 6 46 43 3 12 9 16
518 19 29 151 60 5 11 17 20
519 0 0 154 40 14 19 26 29
520 0 20 55 33 10 17 24 29
521 10 18 180 30 0 6 6 15
522 5 15 175 57 7 16 17 25
523 3 17 61 34 2 8 9 16
524 10 17 213 33 0 17 13 23
525 24 17 57 51 3 12 9 16
526 3 18 33 37 1 3 12 16
527 7 2 168 169 22 10 28 23
528 6 14 59 80 4 7 8 21
529 0 2 150 39 1 2 15 9
530 9 12 4 34 0 2 11 8
531 16 15 14 65 0 14 11 25
532 3 22 33 41 15 22 19 29
533 0 25 14 60 0 1 14 9
534 9 17 70 46 5 4 14 8
535 1 10 204 63 0 9 13 14
536 13 27 48 81 3 10 9 18
537 18 9 32 40 0 10 14 14
538 5 23 17 62 0 13 14 26
539 10 16 35 41 4 5 10 18
540 2 17 208 39 6 11 15 22
541 9 10 48 38 0 1 12 9
542 4 18 39 33 17 6 23 12
543 15 1 60 47 11 15 22 29
544 3 13 67 42 1 6 11 17
545 16 10 152 106 9 0 22 14
546 18 11 11 34 21 9 29 23
547 19 27 163 37 6 5 16 12
548 23 7 183 32 13 6 19 16
549 11 8 64 112 6 6 10 12
550 15 5 11 151 0 8 14 16
551 6 9 183 38 15 22 19 29
552 2 11 54 70 18 3 22 14
553 21 28 2 38 15 4 25 13
554 2 9 36 73 8 7 21 19
555 10 11 64 100 0 16 4 24
556 24 9 23 32 7 13 15 23
557 2 7 216 35 0 17 10 23
558 4 7 214 34 0 10 11 14
559 3 11 33 39 21 4 26 10
560 0 22 6 61 4 18 18 25
561 5 11 156 90 7 16 11 24
562 9 17 34 33 8 4 20 16
563 11 8 167 39 1 9 10 15
564 6 9 153 39 4 7 16 21
565 4 15 62 55 1 10 11 17
566 10 5 215 32 2 5 12 13
567 5 17 63 41 7 0 21 4
568 18 26 173 174 2 11 7 22
569 6 12 8 45 17 20 21 25
570 24 16 147 45 1 10 7 17
571 19 4 15 54 3 5 8 18
572 18 29 37 35 0 15 4 24
573 23 20 202 71 0 0 11 13
574 9 2 58 86 0 1 14 9
575 21 6 211 48 0 23 11 28
576 1 6 70 53 0 13 14 27
577 15 29 183 41 16 2 26 10
578 12 29 5 43 0 16 13 24
579 21 4 185 51 1 7 13 16
580 6 3 150 34 14 24 20 29
581 12 4 166 47 1 6 9 12
582 29 14 6 33 7 0 21 14
583 0 10 25 69 17 4 23 14
584 7 19 54 108 4 24 14 29
585 16 2 171 101 14 2 26 16
586 27 14 187 56 7 12 17 16
587 20 28 197 81 22 14 29 26
588 11 17 34 48 0 15 12 25
589 11 0 19 31 7 8 19 13
590 6 15 72 30 16 7 23 11
591 19 26 2 43 12 20 21 29
592 16 5 153 40 9 7 23 21
593 6 8 35 73 4 7 8 16
594 15 23 201 44 3 1 11 14
595 25 13 30 32 0 6 13 18
596 12 7 54 31 10 9 22 14
597 3 29 69 156 0 15 11 25
598 3 8 51 103 0 9 13 15
599 0 13 199 43 10 0 18 14
600 6 14 19 30 2 23 16 29
601 7 5 22 40 0 13 12 26
602 18 19 57 77 5 7 18 18
603 28 11 46 57 0 15 5 25
604 15 1 56 43 0 18 12 22
605 15 3 36 30 1 10 9 14
606 29 9 34 31 0 0 5 14
607 5 1 30 38 12 1 22 6
608 12 29 47 43 0 7 11 20
609 2 8 10 33 15 4 24 13
610 15 17 52 40 11 0 16 11
611 25 14 183 88 0 1 10 8
612 0 16 154 55 15 16 19 29
613 23 26 27 51 4 16 18 25
614 2 5 64 74 14 25 20 29
615 16 26 15 32 17 9 21 17
616 6 16 66 39 8 0 22 11
617 11 29 193 68 10 3 22 17
618 14 0 47 49 5 7 9 17
619 1 15 66 40 14 19 19 27
620 3 9 7 40 14 6 23 10
621 22 21 63 77 16 4 23 13
622 10 22 151 38 7 17 14 26
623 17 13 1 108 1 6 11 17
624 20 27 152 39 4 6 8 18
625 0 18 25 41 23 14 29 20
626 5 8 177 104 14 23 19 29
627 18 2 1 32 5 4 11 18
628 7 6 1 32 1 16 15 29
629 9 7 73 44 11 0 17 6
630 20 5 47 41 0 18 6 22
631 0 25 200 31 0 17 4 22
632 19 26 17 51 9 14 16 20
633 0 18 202 101 18 4 22 13
634 6 3 45 46 6 11 16 25
635 2 9 215 41 0 7 11 20
636 4 16 22 32 13 12 27 24
637 20 18 3 70 0 7 14 20
638 0 4 21 179 0 0 11 9
639 3 1 51 37 12 16 21 29
640 4 7 163 45 10 0 18 12
641 23 10 63 92 7 0 11 8
642 12 0 59 36 1 2 12 14
643 20 29 219 36 4 5 10 18
644 11 26 39 36 4 4 17 13
645 21 29 70 41 11 0 17 6
646 1 23 209 69 0 0 12 10
647 11 0 33 33 0 11 14 17
648 11 9 192 35 14 4 26 13
649 6 20 33 45 11 2 17 9
650 18 1 11 38 2 8 10 21
651 9 17 179 30 18 5 22 13
652 17 29 30 37 10 0 17 14
653 16 25 68 32 15 16 19 29
654 15 27 3 53 7 5 20 13
655 15 26 62 33 0 0 14 12
656 3 3 16 104 4 9 9 14
657 21 25 18 31 8 16 13 24
658 0 7 13 61 0 16 14 24
659 16 5 20 33 0 10 12 18
660 22 27 61 54 4 9 10 14
661 0 24 41 42 1 5 12 19
662 22 18 38 32 0 12 12 16
663 4 22 191 38 1 14 12 18
664 1 15 61 43 5 7 16 19
665 20 27 44 104 1 17 11 27
666 11 3 152 33 0 0 11 12
667 14 4 31 33 3 18 7 27
668 23 6 168 45 2 14 16 27
669 8 8 73 94 12 12 22 23
670 2 3 8 31 15 6 24 12
671 0 18 162 53 0 1 5 9
672 18 6 23 43 0 18 5 22
673 13 13 11 30 14 6 26 11
674 0 5 39 102 13 3 26 15
675 4 28 65 78 8 2 16 9
676 3 13 67 35 1 5 11 18
677 13 2 24 66 14 7 25 11
678 28 16 65 198 13 3 27 15
679 6 9 6 33 2 6 11 18
680 12 22 32 35 14 20 19 29
681 21 4 156 40 17 11 27 25
682 6 12 220 33 8 9 20 13
683 10 1 34 40 0 0 5 9
684 19 8 56 32 0 17 9 22
685 1 12 65 41 1 9 10 14
686 25 7 19 38 19 12 26 19
687 1 19 50 53 0 17 11 23
688 0 16 48 49 3 7 10 17
689 3 23 9 44 17 13 27 19
690 7 16 39 60 21 3 25 14
691 16 10 64 36 0 13 14 27
692 23 12 22 33 15 0 23 9
693 3 10 43 36 14 21 20 29
694 12 4 206 34 3 7 8 17
695 18 13 181 77 0 13 8 26
696 23 5 157 158 5 2 18 14
697 3 14 202 36 4 5 15 11
698 8 9 217 35 8 10 20 19
699 13 26 52 32 15 1 19 6
700 4 0 27 54 0 5 11 18
