20 20 200 150
0 0 61 2
1 0 127 1
2 0 62 6
3 0 97 8
4 0 41 9
5 0 93 3
6 0 83 9
7 0 105 3
8 0 131 5
9 0 135 6
10 0 140 3
11 0 49 7
12 0 114 2
13 0 138 9
14 0 73 1
15 0 121 8
16 0 116 1
17 0 90 5
18 0 81 0
19 0 64 8
0 1 30 6
1 1 56 5
2 1 98 1
3 1 89 8
4 1 55 9
5 1 90 0
6 1 76 2
7 1 57 2
8 1 125 7
9 1 106 2
10 1 94 2
11 1 34 1
12 1 32 2
13 1 90 6
14 1 40 6
15 1 110 1
16 1 48 4
17 1 109 0
18 1 78 5
19 1 47 8
0 2 81 3
1 2 130 0
2 2 111 3
3 2 87 4
4 2 101 6
5 2 139 2
6 2 76 7
7 2 37 2
8 2 124 9
9 2 129 2
10 2 107 6
11 2 45 1
12 2 45 2
13 2 67 2
14 2 52 6
15 2 48 3
16 2 101 5
17 2 128 7
18 2 132 3
19 2 138 4
0 3 45 5
1 3 53 1
2 3 95 4
3 3 31 9
4 3 140 0
5 3 78 3
6 3 80 6
7 3 74 6
8 3 80 6
9 3 135 5
10 3 98 1
11 3 53 0
12 3 77 6
13 3 128 7
14 3 59 4
15 3 139 3
16 3 113 4
17 3 43 5
18 3 57 3
19 3 79 4
0 4 86 1
1 4 87 6
2 4 63 1
3 4 97 4
4 4 124 5
5 4 146 7
6 4 104 2
7 4 64 6
8 4 68 6
9 4 115 9
10 4 50 4
11 4 78 9
12 4 141 9
13 4 115 7
14 4 54 6
15 4 73 3
16 4 74 0
17 4 115 5
18 4 118 4
19 4 138 3
0 5 116 2
1 5 133 4
2 5 118 6
3 5 133 3
4 5 92 5
5 5 142 6
6 5 34 1
7 5 100 8
8 5 57 0
9 5 98 4
10 5 117 2
11 5 95 7
12 5 56 4
13 5 125 6
14 5 89 8
15 5 97 9
16 5 128 9
17 5 128 4
18 5 55 0
19 5 43 4
0 6 40 9
1 6 35 0
2 6 88 4
3 6 87 8
4 6 138 9
5 6 154 4
6 6 68 1
7 6 158 6
8 6 86 2
9 6 65 7
10 6 73 2
11 6 46 7
12 6 140 6
13 6 84 8
14 6 121 2
15 6 76 4
16 6 56 4
17 6 89 9
18 6 138 6
19 6 53 7
0 7 106 7
1 7 122 2
2 7 44 8
3 7 75 7
4 7 144 0
5 7 88 5
6 7 196 7
7 7 49 5
8 7 127 0
9 7 108 8
10 7 67 0
11 7 106 5
12 7 85 4
13 7 52 2
14 7 106 0
15 7 80 0
16 7 36 5
17 7 95 3
18 7 101 4
19 7 50 7
0 8 38 6
1 8 61 3
2 8 47 7
3 8 57 4
4 8 81 5
5 8 58 8
6 8 69 8
7 8 58 5
8 8 120 8
9 8 41 1
10 8 124 2
11 8 139 2
12 8 52 8
13 8 42 0
14 8 129 8
15 8 113 6
16 8 51 5
17 8 130 3
18 8 108 9
19 8 127 9
0 9 50 5
1 9 130 0
2 9 75 6
3 9 57 4
4 9 58 1
5 9 60 7
6 9 126 8
7 9 131 0
8 9 61 6
9 9 119 1
10 9 134 3
11 9 108 7
12 9 138 9
13 9 42 2
14 9 141 2
15 9 131 7
16 9 78 4
17 9 70 9
18 9 35 9
19 9 80 0
0 10 68 2
1 10 46 0
2 10 67 8
3 10 69 4
4 10 48 7
5 10 94 1
6 10 37 5
7 10 52 9
8 10 119 5
9 10 142 5
10 10 121 5
11 10 150 0
12 10 98 4
13 10 122 3
14 10 106 2
15 10 122 0
16 10 129 4
17 10 125 6
18 10 83 8
19 10 121 3
0 11 52 8
1 11 82 0
2 11 57 3
3 11 114 4
4 11 52 9
5 11 45 6
6 11 31 9
7 11 34 3
8 11 47 2
9 11 117 4
10 11 42 4
11 11 66 9
12 11 190 6
13 11 61 0
14 11 126 0
15 11 100 6
16 11 90 1
17 11 52 9
18 11 59 5
19 11 85 2
0 12 91 9
1 12 41 5
2 12 94 2
3 12 59 9
4 12 93 3
5 12 125 1
6 12 86 9
7 12 57 2
8 12 50 7
9 12 140 3
10 12 65 4
11 12 76 8
12 12 232 8
13 12 207 8
14 12 49 3
15 12 68 8
16 12 63 6
17 12 82 8
18 12 103 1
19 12 60 4
0 13 71 9
1 13 72 7
2 13 54 1
3 13 132 0
4 13 34 6
5 13 38 5
6 13 55 0
7 13 116 4
8 13 55 4
9 13 122 4
10 13 35 9
11 13 121 4
12 13 82 5
13 13 55 2
14 13 83 6
15 13 51 4
16 13 100 4
17 13 56 7
18 13 37 0
19 13 75 3
0 14 48 9
1 14 40 6
2 14 32 5
3 14 70 6
4 14 61 8
5 14 50 1
6 14 33 0
7 14 53 3
8 14 59 5
9 14 112 4
10 14 135 1
11 14 126 0
12 14 106 1
13 14 128 6
14 14 42 5
15 14 96 6
16 14 103 6
17 14 129 8
18 14 112 4
19 14 71 5
0 15 133 1
1 15 64 8
2 15 61 1
3 15 34 3
4 15 65 5
5 15 112 1
6 15 68 4
7 15 112 9
8 15 62 3
9 15 87 7
10 15 99 0
11 15 114 4
12 15 44 6
13 15 48 0
14 15 68 7
15 15 129 7
16 15 85 5
17 15 95 3
18 15 107 8
19 15 140 1
0 16 66 6
1 16 130 3
2 16 38 9
3 16 66 7
4 16 129 7
5 16 78 9
6 16 45 0
7 16 38 9
8 16 41 2
9 16 142 6
10 16 55 6
11 16 118 9
12 16 110 0
13 16 33 1
14 16 134 5
15 16 57 3
16 16 115 1
17 16 31 6
18 16 136 4
19 16 53 2
0 17 135 4
1 17 52 6
2 17 44 4
3 17 141 2
4 17 134 6
5 17 89 1
6 17 49 4
7 17 109 4
8 17 66 2
9 17 130 4
10 17 125 1
11 17 35 9
12 17 140 1
13 17 63 7
14 17 81 2
15 17 67 9
16 17 91 3
17 17 138 8
18 17 69 7
19 17 62 8
0 18 62 2
1 18 89 4
2 18 51 3
3 18 76 8
4 18 52 8
5 18 74 9
6 18 112 9
7 18 120 1
8 18 66 8
9 18 90 2
10 18 106 0
11 18 74 6
12 18 106 1
13 18 31 6
14 18 41 6
15 18 88 1
16 18 40 0
17 18 54 1
18 18 129 3
19 18 68 3
0 19 45 2
1 19 127 4
2 19 128 4
3 19 58 8
4 19 145 3
5 19 62 9
6 19 88 5
7 19 50 3
8 19 85 6
9 19 81 8
10 19 37 7
11 19 117 4
12 19 92 8
13 19 109 5
14 19 57 5
15 19 46 0
16 19 119 5
17 19 119 8
18 19 116 3
19 19 138 3
1 16 19 54 151 5 16 8 18
2 17 9 2 34 4 13 6 14
3 4 9 71 104 10 3 11 6
4 9 1 85 117 4 6 5 7
5 12 12 54 169 12 8 14 11
6 15 11 17 46 11 11 12 13
7 3 8 15 184 13 4 15 6
8 11 14 84 36 4 7 7 9
9 3 6 38 141 0 15 1 17
10 2 7 112 107 4 6 5 7
11 11 13 16 194 17 1 19 4
12 14 14 119 33 3 6 6 8
13 2 5 93 41 13 5 14 8
14 17 14 36 185 4 6 5 8
15 14 10 72 130 9 18 11 19
16 14 9 100 114 6 13 8 16
17 8 5 65 95 11 10 13 13
18 7 18 61 30 8 7 9 10
19 7 10 2 70 8 10 9 12
20 4 18 47 72 4 6 6 8
21 8 18 93 191 4 5 5 8
22 16 12 71 180 5 16 6 19
23 5 6 98 138 2 2 4 3
24 8 5 101 128 10 11 13 13
25 7 10 10 77 11 10 12 13
26 14 11 56 116 17 13 18 16
27 13 10 35 73 18 11 19 13
28 4 15 56 148 3 6 6 8
29 9 17 57 187 11 11 13 12
30 14 6 15 118 5 17 7 19
31 6 4 112 61 0 3 3 5
32 3 5 28 94 4 6 5 7
33 1 6 28 184 0 5 1 8
34 5 19 46 118 9 0 11 1
35 3 5 74 40 9 11 10 13
36 7 7 42 197 4 5 6 8
37 3 18 68 184 11 11 12 13
38 11 0 22 125 4 5 6 8
39 8 18 49 72 9 2 10 5
40 3 19 10 81 5 18 7 19
41 1 4 70 94 0 10 2 11
42 5 19 94 75 3 5 6 8
43 10 9 39 120 11 11 12 13
44 18 8 31 110 8 13 9 14
45 19 2 103 173 3 5 6 8
46 6 18 17 187 13 16 14 17
47 9 17 57 88 1 6 3 9
48 14 6 12 171 1 6 2 7
49 3 16 11 73 11 11 12 12
50 14 15 117 98 5 14 7 16
51 12 10 60 80 11 5 13 6
52 9 19 5 193 11 10 12 13
53 7 19 59 58 4 5 6 8
54 10 12 102 60 4 5 5 6
55 2 18 116 97 11 10 12 13
56 17 0 86 187 4 5 6 8
57 4 8 56 63 11 15 14 17
58 16 19 111 57 2 5 3 8
59 16 4 67 179 4 6 6 7
60 14 11 112 183 4 5 5 8
61 11 4 19 191 14 5 16 8
62 3 5 85 101 3 5 6 8
63 8 19 16 151 5 18 7 19
64 4 10 3 163 11 11 13 12
65 12 4 79 167 11 11 12 13
66 18 19 23 167 11 10 12 13
67 13 12 39 200 16 15 18 18
68 19 2 58 178 7 11 10 13
69 7 4 82 60 9 18 12 19
70 13 12 101 41 4 17 7 19
71 1 5 26 180 5 16 6 19
72 3 5 72 139 2 10 3 11
73 4 7 105 159 7 16 8 18
74 15 13 101 114 10 5 13 8
75 3 5 52 148 4 17 7 19
76 6 4 27 155 14 13 17 14
77 6 2 56 181 0 6 2 8
78 13 14 49 73 11 11 13 13
79 11 2 74 176 13 17 14 18
80 3 4 114 110 11 3 12 5
81 6 18 79 130 5 0 8 3
82 6 4 66 111 1 1 3 3
83 15 11 117 192 11 10 12 13
84 7 19 75 131 4 6 5 8
85 6 5 91 151 4 18 7 19
86 6 9 79 67 4 6 5 8
87 11 14 17 193 5 17 7 19
88 12 12 72 109 4 16 7 19
89 11 7 82 62 10 11 13 12
90 11 13 55 127 2 11 4 12
91 5 19 115 66 11 12 12 15
92 4 6 18 49 11 11 13 12
93 19 13 66 57 11 11 13 12
94 15 11 87 56 4 6 6 8
95 8 7 88 77 3 5 6 8
96 9 19 15 183 4 6 5 7
97 11 16 57 164 3 5 6 8
98 14 5 25 157 3 0 5 2
99 1 10 50 94 2 4 4 6
100 2 10 101 176 11 11 12 12
101 5 6 6 179 11 11 13 12
102 14 8 90 124 11 11 13 12
103 18 8 114 200 11 11 13 12
104 9 13 86 185 4 6 6 7
105 2 10 76 93 4 6 6 7
106 12 11 49 146 15 16 17 18
107 8 19 70 65 3 5 6 8
108 4 7 66 105 5 18 7 19
109 3 18 6 105 6 14 9 17
110 3 12 22 130 4 17 7 19
111 13 12 74 169 1 3 4 4
112 7 17 75 108 4 17 7 19
113 12 3 12 60 10 11 13 12
114 0 4 70 166 11 4 14 5
115 11 11 33 59 4 5 6 8
116 3 6 36 128 4 5 5 8
117 11 13 0 157 4 5 5 7
118 13 14 44 46 5 17 7 19
119 8 7 24 180 11 10 12 13
120 4 15 109 105 4 17 7 19
121 4 4 0 47 12 9 13 11
122 12 3 68 191 11 11 13 13
123 14 9 100 153 5 18 6 19
124 9 12 73 46 4 5 5 8
125 7 6 111 180 4 18 7 19
126 3 6 81 184 15 17 16 19
127 9 9 50 98 14 12 17 13
128 4 10 41 36 10 10 13 13
129 9 15 77 171 10 0 13 3
130 4 11 38 103 5 18 6 19
131 5 9 35 81 15 16 16 18
132 4 17 19 136 5 17 6 19
133 5 17 48 131 11 11 12 13
134 7 19 87 54 5 18 6 19
135 8 9 30 183 4 5 6 8
136 13 0 64 164 1 3 2 6
137 1 16 40 32 4 6 5 8
138 4 16 98 196 6 15 8 16
139 5 6 64 136 4 4 5 7
140 9 15 86 95 10 11 13 13
141 0 17 105 91 4 6 5 8
142 16 14 18 58 3 6 6 8
143 2 12 26 174 5 18 6 19
144 10 10 2 144 10 10 13 13
145 12 12 49 58 4 6 5 7
146 7 8 18 112 11 1 14 4
147 13 10 30 33 4 16 7 19
148 8 19 60 176 3 5 6 8
149 2 1 103 55 5 16 7 19
150 18 10 2 194 0 9 2 11
151 11 1 97 139 5 17 7 19
152 5 19 115 132 11 10 13 13
153 6 19 114 142 11 15 14 17
154 10 9 117 199 12 3 14 4
155 2 11 33 47 5 17 6 19
156 8 14 15 144 12 17 14 18
157 14 14 84 42 3 7 5 8
158 13 10 75 101 1 3 4 4
159 10 17 21 85 10 10 13 13
160 9 19 120 37 4 5 5 8
161 2 11 105 41 0 17 1 19
162 3 19 10 106 11 11 13 12
163 15 7 104 86 17 0 18 1
164 10 14 111 192 4 5 6 8
165 0 3 72 119 13 13 14 15
166 6 3 0 161 5 16 6 18
167 4 10 38 197 5 7 8 8
168 13 14 86 118 3 5 6 8
169 12 15 105 151 5 17 7 19
170 13 14 69 116 6 7 8 10
171 7 7 6 155 5 18 6 19
172 7 17 87 154 12 13 14 15
173 8 11 17 79 14 16 17 18
174 14 3 102 74 1 13 3 14
175 12 17 90 142 3 5 6 7
176 6 10 18 113 0 6 2 7
177 13 7 73 118 16 5 18 8
178 2 13 100 133 11 11 12 13
179 11 11 25 34 4 5 6 8
180 12 15 23 172 5 18 7 19
181 12 9 18 149 9 16 11 19
182 18 13 55 123 4 14 5 15
183 18 3 28 160 15 5 17 7
184 5 7 116 111 5 18 6 19
185 14 14 91 71 11 11 12 13
186 8 6 117 192 11 11 13 12
187 5 3 66 182 4 17 7 19
188 10 1 61 172 5 16 6 19
189 13 10 110 99 15 3 16 6
190 7 15 37 164 7 13 9 16
191 3 10 94 37 0 3 1 4
192 12 15 77 144 2 3 3 4
193 8 8 69 101 5 17 7 19
194 8 19 53 143 11 11 12 12
195 9 13 73 52 4 6 7 9
196 17 19 9 87 10 11 13 12
197 15 14 17 32 11 11 13 12
198 18 12 81 125 11 16 14 18
199 6 14 85 40 2 4 4 5
200 5 0 52 44 12 15 13 17
