15 15 120 120
0 0 128 2
1 0 124 3
2 0 128 2
3 0 158 3
4 0 133 2
5 0 59 1
6 0 111 3
7 0 137 4
8 0 43 6
9 0 56 9
10 0 41 4
11 0 146 2
12 0 50 4
13 0 145 7
14 0 135 6
0 1 58 4
1 1 87 3
2 1 107 8
3 1 122 6
4 1 148 5
5 1 167 6
6 1 127 5
7 1 126 1
8 1 85 9
9 1 143 4
10 1 128 7
11 1 110 9
12 1 135 2
13 1 96 7
14 1 108 2
0 2 79 3
1 2 65 8
2 2 93 4
3 2 103 7
4 2 100 9
5 2 89 6
6 2 167 2
7 2 118 7
8 2 113 3
9 2 113 3
10 2 154 3
11 2 129 5
12 2 56 1
13 2 95 7
14 2 89 0
0 3 138 6
1 3 174 0
2 3 81 2
3 3 142 7
4 3 212 4
5 3 82 6
6 3 159 4
7 3 167 5
8 3 68 5
9 3 108 2
10 3 157 9
11 3 70 7
12 3 67 9
13 3 45 9
14 3 129 9
0 4 48 5
1 4 135 9
2 4 114 2
3 4 135 3
4 4 152 8
5 4 94 3
6 4 84 1
7 4 112 9
8 4 121 8
9 4 134 0
10 4 98 5
11 4 123 1
12 4 108 0
13 4 56 4
14 4 55 6
0 5 82 4
1 5 122 9
2 5 153 1
3 5 220 7
4 5 186 5
5 5 205 0
6 5 48 5
7 5 90 2
8 5 108 8
9 5 111 8
10 5 147 7
11 5 68 3
12 5 77 0
13 5 88 8
14 5 131 2
0 6 137 2
1 6 76 6
2 6 139 3
3 6 87 6
4 6 158 3
5 6 101 3
6 6 126 4
7 6 98 3
8 6 125 5
9 6 95 0
10 6 80 6
11 6 98 1
12 6 48 0
13 6 116 0
14 6 123 4
0 7 65 7
1 7 103 8
2 7 93 5
3 7 51 4
4 7 127 6
5 7 62 2
6 7 157 0
7 7 55 5
8 7 147 2
9 7 67 4
10 7 79 9
11 7 90 4
12 7 44 5
13 7 56 1
14 7 86 7
0 8 97 9
1 8 154 9
2 8 97 0
3 8 88 8
4 8 84 2
5 8 149 0
6 8 83 2
7 8 156 8
8 8 135 2
9 8 157 0
10 8 158 3
11 8 158 2
12 8 51 7
13 8 159 5
14 8 49 5
0 9 73 3
1 9 46 3
2 9 126 3
3 9 108 7
4 9 67 9
5 9 92 9
6 9 47 8
7 9 155 0
8 9 55 9
9 9 58 8
10 9 143 5
11 9 111 6
12 9 79 2
13 9 110 4
14 9 73 1
0 10 87 0
1 10 159 0
2 10 61 0
3 10 54 8
4 10 134 4
5 10 152 1
6 10 82 6
7 10 61 9
8 10 149 4
9 10 164 0
10 10 59 1
11 10 83 6
12 10 91 7
13 10 90 4
14 10 59 2
0 11 97 4
1 11 40 8
2 11 43 8
3 11 73 4
4 11 83 3
5 11 160 3
6 11 150 5
7 11 95 2
8 11 154 7
9 11 101 4
10 11 70 7
11 11 125 8
12 11 104 3
13 11 141 6
14 11 133 7
0 12 146 3
1 12 43 9
2 12 155 0
3 12 101 8
4 12 62 2
5 12 54 0
6 12 118 2
7 12 83 1
8 12 167 7
9 12 134 8
10 12 182 0
11 12 80 6
12 12 47 8
13 12 44 2
14 12 80 9
0 13 59 0
1 13 133 8
2 13 94 4
3 13 68 7
4 13 42 9
5 13 53 3
6 13 84 8
7 13 114 0
8 13 134 7
9 13 212 5
10 13 215 3
11 13 161 0
12 13 127 6
13 13 77 8
14 13 140 0
0 14 52 5
1 14 157 2
2 14 160 7
3 14 146 5
4 14 149 2
5 14 133 5
6 14 144 3
7 14 148 4
8 14 158 1
9 14 126 2
10 14 140 2
11 14 203 1
12 14 65 8
13 14 145 2
14 14 129 8
1 9 14 18 186 7 3 12 14
2 9 14 3 92 7 3 12 14
3 4 13 0 154 8 9 12 14
4 2 5 10 116 4 0 11 10
5 6 1 20 72 2 2 12 9
6 2 11 5 52 7 4 13 14
7 12 7 16 79 8 8 12 14
8 9 14 9 102 6 6 14 14
9 3 1 20 61 0 1 8 7
10 3 9 9 65 7 10 12 14
11 9 8 13 75 0 0 11 9
12 1 0 15 62 3 10 14 14
13 6 1 20 173 7 4 13 14
14 0 5 11 124 1 1 6 7
15 9 2 20 149 3 6 13 11
16 5 4 0 141 4 4 14 14
17 4 2 19 182 3 9 14 14
18 12 12 17 51 2 0 6 7
19 0 7 8 148 6 3 13 14
20 4 7 6 150 8 4 12 14
21 5 4 6 49 0 0 11 10
22 7 4 2 166 0 0 11 5
23 7 10 5 101 0 0 10 7
24 4 7 1 91 7 8 13 14
25 2 5 2 115 6 3 13 14
26 1 4 3 56 0 1 10 7
27 6 1 12 199 5 8 14 14
28 2 7 7 188 0 1 10 7
29 8 14 9 113 1 0 6 11
30 3 1 14 95 1 0 7 10
31 7 14 12 109 0 0 9 11
32 1 3 2 198 0 0 11 11
33 4 5 0 198 7 4 12 14
34 13 14 2 192 7 9 13 14
35 4 5 9 215 6 3 13 14
36 9 11 2 118 0 2 11 6
37 6 8 2 161 1 0 6 9
38 7 14 5 174 4 10 14 14
39 2 10 13 52 0 0 9 10
40 8 11 3 120 3 4 7 11
41 13 14 20 113 0 1 8 6
42 2 1 13 140 5 6 14 14
43 9 14 7 151 1 1 6 6
44 8 12 2 207 0 0 7 9
45 10 14 13 139 4 8 14 14
46 10 14 2 176 0 2 9 6
47 5 6 18 146 7 9 13 14
48 14 11 12 201 1 6 6 13
49 4 5 2 109 8 5 12 14
50 13 4 15 110 5 2 14 10
51 12 4 5 51 1 0 7 7
52 13 14 8 115 3 1 12 5
53 10 14 11 146 7 7 13 14
54 13 13 0 44 1 0 7 7
55 6 3 3 178 1 0 6 10
56 13 14 1 154 4 1 9 9
57 7 9 2 159 3 8 14 14
58 5 3 14 175 3 1 12 9
59 1 4 6 148 3 4 11 13
60 6 9 20 52 8 5 12 14
61 7 14 13 60 6 7 13 14
62 7 12 14 164 1 2 5 6
63 8 2 9 116 3 9 14 14
64 1 1 15 110 7 8 13 14
65 6 3 17 174 7 6 13 14
66 9 12 6 112 5 9 14 14
67 2 5 6 211 6 10 14 14
68 6 3 15 65 6 3 14 14
69 0 12 18 72 7 6 13 14
70 10 14 17 143 1 0 7 11
71 8 14 20 196 7 5 13 14
72 11 8 18 170 5 10 14 14
73 11 13 12 79 2 0 6 10
74 5 13 5 68 7 8 13 14
75 6 2 13 187 2 2 6 6
76 12 14 7 153 6 3 13 14
77 12 14 8 170 5 3 14 14
78 13 12 10 218 6 5 13 14
79 11 13 14 206 4 5 14 14
80 13 14 12 184 8 9 12 14
81 1 8 17 218 0 2 7 6
82 7 14 13 178 0 0 7 9
83 5 3 10 71 4 2 12 8
84 8 8 12 94 0 0 8 11
85 10 14 3 131 0 0 7 9
86 3 2 0 174 0 0 4 8
87 7 7 14 76 1 0 6 10
88 7 5 10 146 0 0 8 9
89 13 11 7 167 2 7 6 11
90 1 3 6 134 6 8 14 14
91 7 6 20 128 0 1 11 6
92 10 1 11 177 3 6 14 14
93 10 0 7 104 3 6 14 14
94 11 14 1 112 5 7 14 14
95 12 13 0 132 1 0 7 7
96 1 1 8 194 7 4 14 9
97 8 14 12 192 7 9 13 14
98 7 12 17 162 0 0 11 7
99 3 6 4 133 1 0 6 11
100 10 13 7 176 7 10 13 14
101 2 6 18 212 3 7 14 14
102 2 7 9 112 1 1 6 7
103 9 14 8 207 4 8 14 14
104 9 12 11 63 4 8 14 14
105 10 13 16 169 0 0 11 8
106 10 9 14 214 6 10 13 14
107 2 5 2 110 1 1 7 7
108 1 0 6 52 5 5 14 14
109 2 4 12 196 5 9 14 14
110 2 1 11 214 7 7 13 14
111 13 11 3 116 2 1 6 6
112 7 14 5 189 0 0 10 11
113 13 11 19 152 1 2 6 6
114 13 4 18 188 2 0 6 9
115 3 4 10 171 4 5 14 14
116 8 14 18 122 6 0 12 11
117 2 7 4 128 7 6 13 14
118 6 14 16 75 1 5 8 13
119 7 8 19 175 0 1 10 7
120 11 14 15 162 0 2 8 6
