30 28 550 260
0 0 50 0
1 0 173 1
2 0 123 2
3 0 69 3
4 0 1 4
5 0 78 5
6 0 87 6
7 0 173 7
8 0 177 8
9 0 162 9
10 0 58 0
11 0 48 1
12 0 119 2
13 0 147 3
14 0 73 4
15 0 74 5
16 0 134 6
17 0 45 7
18 0 116 8
19 0 143 9
20 0 141 0
21 0 158 1
22 0 156 2
23 0 179 3
24 0 103 4
25 0 95 5
26 0 172 6
27 0 178 7
28 0 76 8
29 0 84 9
0 1 116 0
1 1 1 1
2 1 1 2
3 1 113 3
4 1 102 4
5 1 71 5
6 1 166 6
7 1 109 7
8 1 1 8
9 1 59 9
10 1 1 0
11 1 1 1
12 1 40 2
13 1 171 3
14 1 1 4
15 1 180 5
16 1 105 6
17 1 62 7
18 1 103 8
19 1 173 9
20 1 177 0
21 1 45 1
22 1 164 2
23 1 1 3
24 1 138 4
25 1 91 5
26 1 1 6
27 1 163 7
28 1 77 8
29 1 164 9
0 2 60 0
1 2 108 1
2 2 65 2
3 2 146 3
4 2 74 4
5 2 110 5
6 2 49 6
7 2 46 7
8 2 77 8
9 2 69 9
10 2 54 0
11 2 83 1
12 2 50 2
13 2 87 3
14 2 137 4
15 2 103 5
16 2 165 6
17 2 83 7
18 2 78 8
19 2 132 9
20 2 47 0
21 2 135 1
22 2 1 2
23 2 78 3
24 2 61 4
25 2 168 5
26 2 152 6
27 2 90 7
28 2 51 8
29 2 152 9
0 3 104 0
1 3 172 1
2 3 152 2
3 3 121 3
4 3 1 4
5 3 70 5
6 3 150 6
7 3 106 7
8 3 62 8
9 3 121 9
10 3 108 0
11 3 1 1
12 3 167 2
13 3 160 3
14 3 167 4
15 3 104 5
16 3 132 6
17 3 83 7
18 3 1 8
19 3 144 9
20 3 69 0
21 3 141 1
22 3 67 2
23 3 148 3
24 3 129 4
25 3 50 5
26 3 127 6
27 3 154 7
28 3 108 8
29 3 114 9
0 4 1 0
1 4 62 1
2 4 43 2
3 4 180 3
4 4 42 4
5 4 104 5
6 4 42 6
7 4 92 7
8 4 52 8
9 4 48 9
10 4 50 0
11 4 56 1
12 4 1 2
13 4 164 3
14 4 120 4
15 4 163 5
16 4 61 6
17 4 149 7
18 4 170 8
19 4 83 9
20 4 87 0
21 4 59 1
22 4 178 2
23 4 72 3
24 4 160 4
25 4 180 5
26 4 168 6
27 4 135 7
28 4 73 8
29 4 169 9
0 5 58 0
1 5 80 1
2 5 82 2
3 5 82 3
4 5 117 4
5 5 84 5
6 5 152 6
7 5 178 7
8 5 123 8
9 5 162 9
10 5 77 0
11 5 82 1
12 5 1 2
13 5 149 3
14 5 71 4
15 5 88 5
16 5 107 6
17 5 50 7
18 5 56 8
19 5 91 9
20 5 82 0
21 5 1 1
22 5 104 2
23 5 61 3
24 5 98 4
25 5 155 5
26 5 84 6
27 5 154 7
28 5 176 8
29 5 141 9
0 6 171 0
1 6 169 1
2 6 159 2
3 6 78 3
4 6 114 4
5 6 167 5
6 6 90 6
7 6 178 7
8 6 73 8
9 6 111 9
10 6 171 0
11 6 1 1
12 6 145 2
13 6 75 3
14 6 166 4
15 6 107 5
16 6 155 6
17 6 108 7
18 6 126 8
19 6 149 9
20 6 109 0
21 6 128 1
22 6 92 2
23 6 1 3
24 6 113 4
25 6 177 5
26 6 1 6
27 6 84 7
28 6 174 8
29 6 98 9
0 7 110 0
1 7 118 1
2 7 98 2
3 7 42 3
4 7 46 4
5 7 130 5
6 7 48 6
7 7 63 7
8 7 130 8
9 7 105 9
10 7 127 0
11 7 109 1
12 7 110 2
13 7 89 3
14 7 138 4
15 7 115 5
16 7 90 6
17 7 70 7
18 7 160 8
19 7 1 9
20 7 167 0
21 7 178 1
22 7 161 2
23 7 164 3
24 7 42 4
25 7 40 5
26 7 168 6
27 7 142 7
28 7 165 8
29 7 77 9
0 8 124 0
1 8 174 1
2 8 72 2
3 8 148 3
4 8 113 4
5 8 131 5
6 8 160 6
7 8 83 7
8 8 1 8
9 8 166 9
10 8 153 0
11 8 83 1
12 8 1 2
13 8 51 3
14 8 117 4
15 8 93 5
16 8 95 6
17 8 1 7
18 8 103 8
19 8 1 9
20 8 79 0
21 8 61 1
22 8 182 2
23 8 183 3
24 8 65 4
25 8 83 5
26 8 113 6
27 8 92 7
28 8 72 8
29 8 84 9
0 9 87 0
1 9 81 1
2 9 70 2
3 9 92 3
4 9 84 4
5 9 54 5
6 9 141 6
7 9 72 7
8 9 165 8
9 9 128 9
10 9 135 0
11 9 91 1
12 9 143 2
13 9 119 3
14 9 1 4
15 9 162 5
16 9 52 6
17 9 46 7
18 9 109 8
19 9 1 9
20 9 152 0
21 9 124 1
22 9 129 2
23 9 124 3
24 9 1 4
25 9 108 5
26 9 167 6
27 9 157 7
28 9 47 8
29 9 92 9
0 10 68 0
1 10 166 1
2 10 41 2
3 10 1 3
4 10 43 4
5 10 112 5
6 10 157 6
7 10 65 7
8 10 132 8
9 10 52 9
10 10 132 0
11 10 136 1
12 10 178 2
13 10 122 3
14 10 132 4
15 10 187 5
16 10 163 6
17 10 161 7
18 10 123 8
19 10 176 9
20 10 52 0
21 10 174 1
22 10 1 2
23 10 99 3
24 10 141 4
25 10 84 5
26 10 86 6
27 10 1 7
28 10 137 8
29 10 106 9
0 11 135 0
1 11 155 1
2 11 123 2
3 11 147 3
4 11 74 4
5 11 78 5
6 11 175 6
7 11 61 7
8 11 140 8
9 11 47 9
10 11 159 0
11 11 181 1
12 11 90 2
13 11 56 3
14 11 207 4
15 11 192 5
16 11 146 6
17 11 1 7
18 11 113 8
19 11 123 9
20 11 79 0
21 11 108 1
22 11 80 2
23 11 168 3
24 11 168 4
25 11 71 5
26 11 128 6
27 11 142 7
28 11 69 8
29 11 141 9
0 12 116 0
1 12 111 1
2 12 174 2
3 12 131 3
4 12 48 4
5 12 162 5
6 12 115 6
7 12 84 7
8 12 1 8
9 12 109 9
10 12 162 0
11 12 145 1
12 12 55 2
13 12 135 3
14 12 153 4
15 12 1 5
16 12 48 6
17 12 153 7
18 12 172 8
19 12 178 9
20 12 138 0
21 12 133 1
22 12 187 2
23 12 101 3
24 12 47 4
25 12 135 5
26 12 127 6
27 12 157 7
28 12 144 8
29 12 163 9
0 13 171 0
1 13 85 1
2 13 93 2
3 13 1 3
4 13 151 4
5 13 126 5
6 13 114 6
7 13 69 7
8 13 106 8
9 13 49 9
10 13 173 0
11 13 165 1
12 13 91 2
13 13 245 3
14 13 160 4
15 13 78 5
16 13 101 6
17 13 61 7
18 13 1 8
19 13 174 9
20 13 156 0
21 13 57 1
22 13 142 2
23 13 189 3
24 13 170 4
25 13 119 5
26 13 51 6
27 13 52 7
28 13 1 8
29 13 122 9
0 14 125 0
1 14 49 1
2 14 98 2
3 14 105 3
4 14 100 4
5 14 136 5
6 14 118 6
7 14 57 7
8 14 1 8
9 14 160 9
10 14 123 0
11 14 181 1
12 14 146 2
13 14 201 3
14 14 202 4
15 14 205 5
16 14 129 6
17 14 48 7
18 14 44 8
19 14 180 9
20 14 154 0
21 14 64 1
22 14 104 2
23 14 181 3
24 14 64 4
25 14 1 5
26 14 147 6
27 14 109 7
28 14 141 8
29 14 136 9
0 15 95 0
1 15 150 1
2 15 57 2
3 15 133 3
4 15 160 4
5 15 95 5
6 15 125 6
7 15 143 7
8 15 60 8
9 15 92 9
10 15 41 0
11 15 128 1
12 15 169 2
13 15 196 3
14 15 171 4
15 15 157 5
16 15 138 6
17 15 86 7
18 15 181 8
19 15 141 9
20 15 154 0
21 15 115 1
22 15 196 2
23 15 71 3
24 15 138 4
25 15 51 5
26 15 177 6
27 15 128 7
28 15 170 8
29 15 160 9
0 16 133 0
1 16 153 1
2 16 84 2
3 16 159 3
4 16 97 4
5 16 159 5
6 16 55 6
7 16 73 7
8 16 48 8
9 16 137 9
10 16 60 0
11 16 143 1
12 16 151 2
13 16 110 3
14 16 50 4
15 16 145 5
16 16 59 6
17 16 181 7
18 16 177 8
19 16 67 9
20 16 175 0
21 16 175 1
22 16 97 2
23 16 212 3
24 16 182 4
25 16 48 5
26 16 141 6
27 16 1 7
28 16 52 8
29 16 64 9
0 17 105 0
1 17 74 1
2 17 99 2
3 17 134 3
4 17 48 4
5 17 70 5
6 17 97 6
7 17 140 7
8 17 46 8
9 17 86 9
10 17 64 0
11 17 132 1
12 17 78 2
13 17 93 3
14 17 155 4
15 17 145 5
16 17 1 6
17 17 178 7
18 17 41 8
19 17 101 9
20 17 98 0
21 17 167 1
22 17 191 2
23 17 77 3
24 17 69 4
25 17 126 5
26 17 86 6
27 17 61 7
28 17 60 8
29 17 171 9
0 18 1 0
1 18 127 1
2 18 69 2
3 18 55 3
4 18 177 4
5 18 167 5
6 18 67 6
7 18 76 7
8 18 1 8
9 18 110 9
10 18 1 0
11 18 94 1
12 18 132 2
13 18 146 3
14 18 185 4
15 18 113 5
16 18 86 6
17 18 1 7
18 18 91 8
19 18 120 9
20 18 57 0
21 18 101 1
22 18 73 2
23 18 100 3
24 18 94 4
25 18 167 5
26 18 150 6
27 18 163 7
28 18 215 8
29 18 195 9
0 19 168 0
1 19 178 1
2 19 93 2
3 19 83 3
4 19 115 4
5 19 123 5
6 19 40 6
7 19 159 7
8 19 112 8
9 19 131 9
10 19 79 0
11 19 121 1
12 19 43 2
13 19 165 3
14 19 86 4
15 19 101 5
16 19 79 6
17 19 98 7
18 19 75 8
19 19 159 9
20 19 60 0
21 19 146 1
22 19 1 2
23 19 152 3
24 19 85 4
25 19 145 5
26 19 97 6
27 19 158 7
28 19 93 8
29 19 1 9
0 20 123 0
1 20 136 1
2 20 64 2
3 20 87 3
4 20 130 4
5 20 45 5
6 20 52 6
7 20 65 7
8 20 176 8
9 20 106 9
10 20 129 0
11 20 158 1
12 20 82 2
13 20 183 3
14 20 124 4
15 20 48 5
16 20 82 6
17 20 117 7
18 20 1 8
19 20 113 9
20 20 148 0
21 20 90 1
22 20 125 2
23 20 79 3
24 20 89 4
25 20 165 5
26 20 168 6
27 20 96 7
28 20 239 8
29 20 93 9
0 21 119 0
1 21 99 1
2 21 1 2
3 21 169 3
4 21 66 4
5 21 109 5
6 21 115 6
7 21 105 7
8 21 161 8
9 21 161 9
10 21 121 0
11 21 1 1
12 21 58 2
13 21 91 3
14 21 98 4
15 21 179 5
16 21 146 6
17 21 128 7
18 21 95 8
19 21 153 9
20 21 40 0
21 21 148 1
22 21 77 2
23 21 164 3
24 21 49 4
25 21 86 5
26 21 76 6
27 21 145 7
28 21 88 8
29 21 1 9
0 22 141 0
1 22 89 1
2 22 121 2
3 22 80 3
4 22 71 4
5 22 158 5
6 22 117 6
7 22 60 7
8 22 52 8
9 22 182 9
10 22 89 0
11 22 185 1
12 22 187 2
13 22 134 3
14 22 66 4
15 22 182 5
16 22 157 6
17 22 1 7
18 22 99 8
19 22 120 9
20 22 61 0
21 22 117 1
22 22 135 2
23 22 138 3
24 22 43 4
25 22 169 5
26 22 69 6
27 22 168 7
28 22 115 8
29 22 174 9
0 23 127 0
1 23 104 1
2 23 56 2
3 23 154 3
4 23 1 4
5 23 168 5
6 23 114 6
7 23 54 7
8 23 178 8
9 23 71 9
10 23 69 0
11 23 68 1
12 23 73 2
13 23 126 3
14 23 180 4
15 23 186 5
16 23 138 6
17 23 89 7
18 23 92 8
19 23 100 9
20 23 161 0
21 23 175 1
22 23 71 2
23 23 166 3
24 23 86 4
25 23 158 5
26 23 156 6
27 23 128 7
28 23 181 8
29 23 50 9
0 24 152 0
1 24 60 1
2 24 123 2
3 24 109 3
4 24 159 4
5 24 135 5
6 24 140 6
7 24 133 7
8 24 44 8
9 24 44 9
10 24 73 0
11 24 199 1
12 24 208 2
13 24 92 3
14 24 77 4
15 24 74 5
16 24 87 6
17 24 90 7
18 24 99 8
19 24 159 9
20 24 131 0
21 24 121 1
22 24 1 2
23 24 103 3
24 24 159 4
25 24 100 5
26 24 149 6
27 24 173 7
28 24 63 8
29 24 89 9
0 25 60 0
1 25 84 1
2 25 89 2
3 25 77 3
4 25 121 4
5 25 110 5
6 25 76 6
7 25 114 7
8 25 146 8
9 25 51 9
10 25 201 0
11 25 110 1
12 25 187 2
13 25 116 3
14 25 1 4
15 25 1 5
16 25 181 6
17 25 147 7
18 25 102 8
19 25 122 9
20 25 126 0
21 25 162 1
22 25 125 2
23 25 77 3
24 25 136 4
25 25 70 5
26 25 1 6
27 25 122 7
28 25 99 8
29 25 115 9
0 26 56 0
1 26 1 1
2 26 1 2
3 26 103 3
4 26 51 4
5 26 45 5
6 26 113 6
7 26 67 7
8 26 51 8
9 26 128 9
10 26 64 0
11 26 94 1
12 26 87 2
13 26 200 3
14 26 133 4
15 26 122 5
16 26 89 6
17 26 172 7
18 26 179 8
19 26 107 9
20 26 97 0
21 26 164 1
22 26 78 2
23 26 175 3
24 26 70 4
25 26 55 5
26 26 158 6
27 26 144 7
28 26 159 8
29 26 60 9
0 27 117 0
1 27 59 1
2 27 101 2
3 27 142 3
4 27 165 4
5 27 89 5
6 27 160 6
7 27 164 7
8 27 72 8
9 27 89 9
10 27 128 0
11 27 187 1
12 27 190 2
13 27 66 3
14 27 49 4
15 27 126 5
16 27 174 6
17 27 49 7
18 27 142 8
19 27 91 9
20 27 149 0
21 27 56 1
22 27 55 2
23 27 79 3
24 27 83 4
25 27 90 5
26 27 120 6
27 27 179 7
28 27 174 8
29 27 176 9
1 9 20 195 32 16 15 29 25
2 27 25 12 132 9 8 17 14
3 17 25 80 39 4 8 9 21
4 2 11 43 36 5 6 18 19
5 20 14 28 31 16 15 29 24
6 7 15 80 32 1 14 12 25
7 12 19 181 39 1 0 8 8
8 29 16 18 43 20 17 29 23
9 18 27 64 110 8 21 16 27
10 3 5 13 38 0 0 7 12
11 6 0 77 71 9 14 20 21
12 10 13 39 34 10 8 18 17
13 8 16 14 36 7 9 20 16
14 14 11 210 44 8 18 20 27
15 26 20 60 101 17 8 28 19
16 0 2 57 61 18 8 27 19
17 16 9 75 32 3 3 9 15
18 29 25 54 82 21 13 29 26
19 0 19 16 71 10 8 17 18
20 17 27 178 61 2 12 14 17
21 17 27 64 31 7 19 17 27
22 17 26 11 44 10 11 16 24
23 3 24 198 31 17 14 29 26
24 19 19 79 49 8 8 20 18
25 8 25 74 42 8 2 13 14
26 25 18 27 65 19 9 27 18
27 12 9 66 38 19 15 29 24
28 17 27 166 37 22 14 29 25
29 23 12 20 39 17 10 28 18
30 16 12 49 40 23 16 29 23
31 13 0 70 50 8 8 20 17
32 29 13 74 53 3 14 14 23
33 29 3 225 46 14 17 20 26
34 3 27 61 56 9 14 15 27
35 25 17 225 48 3 5 15 14
36 14 13 168 119 8 19 16 27
37 21 9 24 32 8 21 15 27
38 18 9 66 66 5 18 18 27
39 2 21 52 131 14 0 24 11
40 8 21 175 54 8 14 16 27
41 20 11 15 48 23 15 29 24
42 9 3 51 42 6 20 17 27
43 25 10 21 222 3 5 9 18
44 9 8 167 41 17 11 29 17
45 29 23 59 56 1 11 14 21
46 24 24 18 33 9 22 14 27
47 27 7 14 37 8 10 20 16
48 1 16 13 69 0 6 9 16
49 29 17 38 32 9 18 15 27
50 24 14 36 30 4 17 9 26
51 26 22 196 33 8 10 20 16
52 24 16 58 32 16 2 25 8
53 14 22 19 59 7 2 12 10
54 17 18 211 32 15 5 27 12
55 12 18 18 66 0 3 11 15
56 0 21 73 74 20 11 25 16
57 9 25 200 48 11 20 20 27
58 14 24 164 144 9 6 20 16
59 9 17 77 33 13 7 20 13
60 8 4 11 56 8 10 20 16
61 25 9 168 48 6 3 17 10
62 5 3 203 32 13 4 21 13
63 15 27 51 60 7 4 14 11
64 13 2 11 52 24 15 29 25
65 0 17 191 33 17 11 25 20
66 26 23 18 32 20 10 25 17
67 25 19 209 56 20 4 25 17
68 26 21 50 87 17 11 29 16
69 29 15 23 44 16 15 29 24
70 29 21 45 41 19 17 29 22
71 10 25 190 41 21 17 29 23
72 29 18 56 31 19 4 29 15
73 20 10 26 36 2 18 7 27
74 5 25 30 33 10 10 18 16
75 17 27 73 34 9 21 14 27
76 27 17 66 37 0 15 8 24
77 9 16 21 34 19 10 26 18
78 13 27 193 30 1 1 12 13
79 19 12 23 42 15 5 28 10
80 21 12 31 66 9 15 14 27
81 23 21 33 32 21 16 29 24
82 19 19 44 31 10 4 23 13
83 19 16 202 30 7 10 13 19
84 5 21 183 36 1 0 8 6
85 8 13 48 33 18 14 29 25
86 29 18 218 58 10 9 17 16
87 24 15 59 149 20 13 29 26
88 8 2 13 49 4 6 17 14
89 29 20 176 54 20 1 26 9
90 24 14 28 55 11 9 16 16
91 7 25 207 32 20 15 29 25
92 24 9 189 48 9 10 17 20
93 8 24 78 35 22 7 28 15
94 14 27 12 35 16 10 28 15
95 24 9 10 35 22 10 28 17
96 15 11 30 43 24 14 29 25
97 24 11 60 51 10 8 17 18
98 15 17 68 50 16 13 29 18
99 15 22 69 31 17 11 29 16
100 19 12 22 35 9 10 19 19
101 11 16 166 47 4 14 17 24
102 12 24 27 74 8 8 20 18
103 9 2 15 68 10 0 23 13
104 26 10 61 260 15 7 24 13
105 19 12 24 32 12 13 24 20
106 15 27 219 66 19 8 27 19
107 24 22 71 37 2 0 14 10
108 11 13 13 83 3 14 9 24
109 29 19 45 47 9 7 18 12
110 17 12 61 36 7 16 17 27
111 29 25 59 30 9 21 21 27
112 10 6 24 30 3 7 16 19
113 24 22 50 41 9 10 19 15
114 15 11 45 62 18 2 23 7
115 5 8 16 45 18 13 29 26
116 14 12 197 34 15 13 26 26
117 13 27 55 47 2 20 15 26
118 8 23 70 31 18 16 29 24
119 2 3 198 41 6 14 19 26
120 20 11 223 69 5 19 18 27
121 10 9 163 67 0 6 12 12
122 21 24 55 37 8 9 20 16
123 27 19 52 50 5 16 18 27
124 20 1 58 87 9 0 21 11
125 24 15 225 37 22 13 29 26
126 23 18 26 71 18 10 28 17
127 16 22 76 32 10 6 18 19
128 18 10 74 48 22 14 29 25
129 13 12 175 38 6 16 17 27
130 25 19 56 38 23 17 29 22
131 16 27 66 50 21 16 29 24
132 10 17 67 60 9 17 14 27
133 13 1 176 40 5 16 18 27
134 3 5 68 39 18 15 23 26
135 29 17 13 31 9 6 19 19
136 21 6 61 32 20 15 29 25
137 21 12 44 59 17 10 29 18
138 28 16 64 56 21 2 28 13
139 13 17 23 88 8 16 15 27
140 17 20 24 35 1 6 12 12
141 6 5 45 33 3 9 15 22
142 1 18 31 40 8 14 16 27
143 13 22 44 191 16 17 24 23
144 13 27 40 32 13 11 24 20
145 11 27 47 40 9 8 18 17
146 9 5 65 32 22 16 29 23
147 11 10 72 260 20 17 28 25
148 7 11 198 30 7 17 17 27
149 17 20 25 30 16 16 29 23
150 29 19 193 70 3 12 16 25
151 12 8 189 31 18 8 27 20
152 28 19 230 32 3 11 13 20
153 29 15 12 56 22 13 29 26
154 14 17 19 188 3 2 9 8
155 29 19 29 33 6 22 17 27
156 5 23 19 32 8 9 19 16
157 11 2 80 41 0 13 12 24
158 17 7 41 41 5 12 16 25
159 8 12 48 38 2 0 12 6
160 15 12 38 31 24 14 29 26
161 4 17 168 53 8 18 16 27
162 7 27 31 33 7 20 17 27
163 16 10 162 43 18 8 28 20
164 17 18 13 31 19 2 29 7
165 11 13 171 31 15 3 28 15
166 15 1 69 40 19 10 26 18
167 27 26 226 33 14 8 27 15
168 25 15 191 41 10 8 17 18
169 13 10 13 34 11 19 18 25
170 9 14 220 33 10 7 18 19
171 25 9 14 37 19 17 29 23
172 2 19 45 32 10 9 18 17
173 4 17 33 115 17 14 29 25
174 13 14 10 54 19 11 26 17
175 19 12 209 34 5 15 15 26
176 4 12 31 42 8 9 19 16
177 27 23 10 38 12 2 24 13
178 21 9 13 42 12 6 21 13
179 9 3 30 62 12 7 23 16
180 25 25 78 56 24 17 29 23
181 22 11 23 35 11 9 24 18
182 22 13 64 134 22 14 29 26
183 10 9 13 42 6 14 17 27
184 8 3 163 44 6 11 19 18
185 18 10 176 31 9 16 15 21
186 18 13 79 71 21 15 29 25
187 29 25 182 41 5 4 18 13
188 24 16 71 33 11 10 16 15
189 11 25 14 203 3 9 10 14
190 18 10 13 45 18 14 29 26
191 12 23 33 35 20 15 29 24
192 10 26 204 117 7 9 20 16
193 9 8 45 59 17 13 29 26
194 12 18 50 32 9 19 14 27
195 23 16 40 260 1 13 8 22
196 28 22 57 33 3 11 16 24
197 8 21 58 33 10 3 23 15
198 28 25 225 81 7 9 20 17
199 17 9 221 34 7 16 17 27
200 24 10 69 41 20 8 25 20
201 8 25 203 32 18 8 28 20
202 14 15 164 72 5 21 18 27
203 26 3 58 94 15 1 27 12
204 12 26 25 41 0 12 8 17
205 10 20 14 41 11 9 21 19
206 14 8 76 59 8 18 15 27
207 27 21 190 33 17 14 23 19
208 23 14 51 59 16 15 26 25
209 26 12 26 260 6 21 17 27
210 23 9 13 34 11 9 17 16
211 29 4 43 76 19 16 27 22
212 9 23 24 35 13 6 26 17
213 29 25 204 36 18 17 26 25
214 13 13 30 43 6 16 11 27
215 10 9 44 49 20 15 29 21
216 24 19 29 83 17 8 29 19
217 0 25 20 48 8 10 20 16
218 26 4 180 55 18 10 28 17
219 22 15 10 36 20 10 25 18
220 7 26 216 33 19 16 29 23
221 18 11 193 31 18 8 27 20
222 23 25 216 32 21 13 29 26
223 16 18 162 80 6 17 17 27
224 19 12 29 31 9 11 21 23
225 23 17 11 38 18 7 27 20
226 10 24 25 49 15 3 22 9
227 10 16 72 58 10 14 16 24
228 24 18 164 49 11 8 17 18
229 23 15 21 36 11 7 17 18
230 17 7 46 33 10 10 17 15
231 6 27 224 31 2 15 10 21
232 23 14 197 51 11 15 19 21
233 24 23 167 71 13 6 23 12
234 3 27 181 49 9 10 18 15
235 9 22 180 140 21 15 28 25
236 7 22 17 75 5 1 15 13
237 21 18 179 68 9 7 18 19
238 0 15 180 34 9 6 19 19
239 19 9 60 43 11 6 16 19
240 15 27 62 122 21 0 27 12
241 17 21 30 41 7 1 18 6
242 24 4 37 32 19 11 26 16
243 24 16 19 31 8 20 15 27
244 11 10 80 57 5 6 15 18
245 10 16 72 37 16 10 29 18
246 11 14 14 34 9 8 18 17
247 26 19 20 49 8 7 19 19
248 15 26 58 54 19 5 28 15
249 11 21 228 68 16 13 28 21
250 4 13 35 37 17 7 28 20
251 2 2 21 32 9 9 19 16
252 18 9 12 38 0 2 8 13
253 21 19 219 41 24 17 29 22
254 19 26 68 31 17 13 28 18
255 27 21 20 31 7 17 17 27
256 27 19 39 33 6 18 17 27
257 27 19 58 37 6 1 18 13
258 11 11 51 38 10 8 18 17
259 25 10 25 57 11 14 17 27
260 6 27 227 78 13 1 25 14
261 8 15 18 52 16 18 28 26
262 21 14 205 57 13 10 18 23
263 13 2 54 41 7 8 13 21
264 20 25 64 38 14 15 24 21
265 29 3 46 43 5 5 10 12
266 10 26 79 37 22 16 29 23
267 28 7 11 30 6 19 17 27
268 1 17 12 73 17 8 29 20
269 27 9 46 60 10 6 18 19
270 18 14 70 34 6 15 18 27
271 29 15 64 260 5 22 18 27
272 25 11 47 42 16 14 29 25
273 29 16 174 54 6 13 13 21
274 24 16 12 63 20 11 26 16
275 29 10 226 40 16 17 29 23
276 5 24 18 42 9 16 15 27
277 20 5 11 33 8 7 19 19
278 13 18 61 32 8 15 19 24
279 14 27 188 110 6 0 15 6
280 21 4 34 183 18 10 28 18
281 13 9 160 39 5 2 10 10
282 4 2 15 34 17 13 29 26
283 13 22 13 41 24 13 29 26
284 4 10 165 31 18 10 27 17
285 18 13 169 42 17 7 28 20
286 27 24 57 34 20 11 26 16
287 7 27 63 34 10 10 17 16
288 9 18 161 46 5 3 17 10
289 24 13 225 32 10 7 18 19
290 21 15 190 260 22 14 29 26
291 28 20 31 55 10 9 17 17
292 16 7 35 44 7 14 17 27
293 27 16 72 67 18 13 29 26
294 0 24 41 38 18 9 27 18
295 29 21 217 92 11 8 17 18
296 29 20 50 80 7 6 20 19
297 17 27 169 34 19 11 27 17
298 20 9 186 30 20 10 26 18
299 22 26 70 32 16 9 29 18
300 9 16 38 134 21 13 29 26
301 24 23 33 42 7 22 16 27
302 17 27 194 65 17 17 29 23
303 15 22 198 37 21 9 26 16
304 9 6 162 30 22 15 29 25
305 9 1 213 140 7 21 16 27
306 29 20 208 31 18 9 27 18
307 24 17 28 30 8 15 15 27
308 11 27 200 40 6 16 18 27
309 29 17 202 51 18 8 28 20
310 16 6 229 194 5 3 17 16
311 26 3 69 78 11 9 16 17
312 24 17 32 34 19 10 24 22
313 4 8 32 44 8 9 19 16
314 6 3 18 31 10 8 21 20
315 9 26 58 57 19 13 29 26
316 8 20 79 33 17 11 29 16
317 29 15 48 49 21 4 28 15
318 29 16 42 34 6 8 11 20
319 17 27 195 112 6 11 16 16
320 9 22 78 31 9 21 14 27
321 25 25 70 40 10 9 18 17
322 7 0 12 43 10 6 17 19
323 29 16 13 113 22 14 29 25
324 25 21 22 260 16 4 28 9
325 26 19 52 39 16 16 29 24
326 24 17 186 34 21 18 27 26
327 12 22 32 39 9 8 21 20
328 27 16 29 34 2 14 11 21
329 26 13 15 36 20 14 29 25
330 14 13 227 36 17 11 28 16
331 16 20 65 31 16 14 29 25
332 7 22 40 31 7 15 12 23
333 26 15 40 43 8 9 19 17
334 19 23 49 37 1 9 13 21
335 10 17 54 33 7 20 17 27
336 22 13 24 73 7 10 20 15
337 17 25 45 35 6 14 17 27
338 29 1 25 167 17 8 28 20
339 26 13 28 32 11 10 16 15
340 16 21 14 54 6 18 12 27
341 24 25 36 33 17 11 29 17
342 6 12 24 42 22 8 29 20
343 8 3 227 51 19 8 26 19
344 1 8 30 59 6 8 11 20
345 25 16 10 36 6 1 11 13
346 16 26 80 33 0 12 6 24
347 28 21 53 50 16 9 27 22
348 15 27 35 34 7 4 14 14
349 9 16 189 37 13 1 21 12
350 29 15 191 34 22 13 27 23
351 12 12 31 64 24 13 29 26
352 28 19 64 30 6 3 16 11
353 0 7 29 40 5 19 11 26
354 13 17 46 33 8 19 15 27
355 18 12 199 30 8 14 17 23
356 12 25 54 72 10 3 19 14
357 13 26 54 34 7 11 17 16
358 12 17 24 33 2 4 15 10
359 16 27 40 32 11 11 18 19
360 12 1 67 31 8 6 20 19
361 16 10 67 32 17 10 27 15
362 23 14 164 202 18 1 25 8
363 17 16 29 121 13 9 25 15
364 22 10 166 106 19 9 27 19
365 17 27 228 38 17 1 28 10
366 17 12 36 37 8 14 15 27
367 28 0 219 68 7 16 16 27
368 25 9 37 38 7 7 18 12
369 17 11 76 37 11 6 17 19
370 23 7 10 64 8 16 15 27
371 29 23 57 33 6 16 17 27
372 13 15 12 34 18 10 27 17
373 18 13 78 33 9 16 22 26
374 26 11 13 59 11 8 16 18
375 15 12 215 44 24 15 29 25
376 23 16 54 37 9 7 18 18
377 20 13 55 41 7 16 17 27
378 19 13 204 36 10 9 17 16
379 2 8 180 40 17 15 29 25
380 18 7 189 47 18 14 29 26
381 14 25 26 64 10 7 18 19
382 23 23 75 42 15 18 25 24
383 12 21 68 39 23 16 29 26
384 24 17 33 40 13 1 18 11
385 7 14 70 40 9 3 22 12
386 19 14 46 260 18 8 27 19
387 21 11 59 33 10 6 17 19
388 29 17 12 36 1 10 11 17
389 14 27 230 44 17 10 29 18
390 26 25 173 91 14 7 26 18
391 23 24 212 45 14 16 26 23
392 7 27 51 124 9 7 17 20
393 22 26 160 44 1 7 7 13
394 11 11 188 260 16 7 27 16
395 12 9 189 33 9 14 15 27
396 29 25 13 35 17 15 29 24
397 27 9 166 31 7 15 16 27
398 25 1 179 121 9 22 15 27
399 12 21 41 73 11 7 16 19
400 16 22 192 31 11 9 20 18
401 23 22 46 49 15 7 24 14
402 12 15 34 34 9 18 14 27
403 27 17 53 47 22 13 29 26
404 17 19 53 48 4 3 11 11
405 17 23 202 32 5 20 11 25
406 9 11 40 39 1 14 14 20
407 17 20 27 38 2 6 8 18
408 11 24 35 30 24 16 29 24
409 26 17 198 79 15 2 21 15
410 2 7 213 52 19 11 26 16
411 10 25 43 33 9 22 17 27
412 19 9 27 54 2 1 7 6
413 8 27 161 30 18 15 27 26
414 26 18 70 44 16 10 29 17
415 19 14 78 39 8 8 20 17
416 13 15 65 55 8 14 16 27
417 13 1 12 34 8 21 15 27
418 24 18 25 58 6 14 18 27
419 17 13 13 63 7 8 20 19
420 19 9 24 35 1 2 12 13
421 15 11 188 76 18 9 28 18
422 11 12 46 34 23 14 29 25
423 12 17 209 39 7 11 20 20
424 19 12 73 78 6 8 13 19
425 21 15 70 33 14 10 27 22
426 25 7 12 45 9 9 19 16
427 12 12 180 101 19 16 29 23
428 17 1 213 35 9 7 19 18
429 10 25 161 82 20 15 29 24
430 29 16 73 32 6 13 17 19
431 12 9 35 45 17 11 28 16
432 20 16 42 31 19 9 25 14
433 9 20 67 35 6 4 17 16
434 9 14 51 53 9 19 14 27
435 13 21 48 31 11 7 17 18
436 26 11 186 34 6 5 14 12
437 21 15 25 32 7 14 16 27
438 28 19 24 260 22 14 29 26
439 25 18 24 33 14 9 19 18
440 14 17 221 53 16 10 29 17
441 16 9 62 43 12 18 21 23
442 2 8 79 35 21 15 29 24
443 23 14 25 32 8 15 15 27
444 19 18 31 37 19 10 27 17
445 17 8 213 31 21 11 28 21
446 28 3 35 49 1 11 6 24
447 12 11 35 30 11 6 16 19
448 16 12 75 41 11 8 16 18
449 16 15 182 46 8 7 20 19
450 16 25 15 31 16 15 25 22
451 21 2 191 44 8 21 16 27
452 23 13 220 35 11 7 16 18
453 16 27 48 35 23 14 29 25
454 23 7 173 83 5 6 17 19
455 13 24 210 36 9 22 14 27
456 7 21 14 248 19 9 26 19
457 13 16 32 78 18 7 27 20
458 18 17 15 57 11 7 17 19
459 28 25 181 175 12 0 25 10
460 18 9 22 33 23 16 29 24
461 29 21 78 36 8 15 16 27
462 13 27 41 42 21 16 29 23
463 8 6 189 34 9 1 19 6
464 15 14 31 249 23 15 29 25
465 29 23 218 31 7 7 20 18
466 21 19 176 39 3 17 15 25
467 10 0 18 60 11 9 17 17
468 15 21 39 37 0 14 13 27
469 24 13 72 34 9 19 15 27
470 11 26 187 61 10 1 15 11
471 11 18 26 35 0 10 12 21
472 2 1 169 33 7 15 16 25
473 22 27 19 31 0 12 6 25
474 3 17 13 39 7 17 17 27
475 20 14 14 36 19 9 26 19
476 28 23 27 46 21 14 29 25
477 18 18 80 37 8 2 16 12
478 4 15 219 56 19 9 27 19
479 11 12 79 99 18 15 29 24
480 28 23 66 84 9 16 15 27
481 19 9 66 30 19 10 27 17
482 29 20 29 66 7 10 20 16
483 25 2 167 31 16 4 26 13
484 9 24 51 32 19 9 27 18
485 5 0 12 41 11 6 17 19
486 22 5 18 31 15 3 23 14
487 24 9 195 41 1 12 9 17
488 25 10 37 31 1 2 8 11
489 25 0 53 38 20 7 26 20
490 11 14 56 34 16 11 29 17
491 9 8 26 34 19 8 27 19
492 19 10 71 137 6 21 17 27
493 24 13 225 40 20 10 25 17
494 13 23 18 50 2 9 13 17
495 7 25 31 49 9 21 15 27
496 2 16 182 34 7 19 16 27
497 16 21 38 86 17 16 29 24
498 10 27 56 43 17 10 27 19
499 10 20 39 32 6 5 15 10
500 25 9 56 32 19 7 27 20
501 13 8 200 34 9 20 14 27
502 19 15 189 42 18 11 27 16
503 11 26 70 35 1 13 11 22
504 9 3 48 57 14 17 22 26
505 29 25 41 58 6 19 18 27
506 11 1 57 97 10 10 17 16
507 17 15 15 56 0 1 11 6
508 29 18 207 260 12 0 18 8
509 9 6 47 46 2 11 10 21
510 19 2 34 63 2 8 7 20
511 29 21 41 73 17 4 29 15
512 28 12 77 44 5 14 18 27
513 22 7 37 54 16 15 29 25
514 20 19 50 33 22 17 29 22
515 17 11 221 40 17 17 29 23
516 18 9 169 36 16 4 22 11
517 13 27 67 43 7 0 20 7
518 29 18 223 53 6 14 18 27
519 26 11 47 34 13 13 23 18
520 21 7 25 38 14 5 21 13
521 14 10 27 165 5 22 18 27
522 26 19 63 36 21 19 29 24
523 9 9 166 39 8 6 18 16
524 27 21 38 31 17 8 28 19
525 1 4 176 49 10 8 17 18
526 24 17 77 35 20 9 25 19
527 29 20 167 50 2 6 12 19
528 24 11 43 39 17 11 28 16
529 7 11 217 33 15 16 21 23
530 20 9 80 64 17 8 29 19
531 18 18 58 48 15 7 20 15
532 19 11 217 61 19 9 26 19
533 11 18 25 32 14 1 27 13
534 28 15 69 37 9 9 18 16
535 23 14 52 59 11 8 21 21
536 19 16 51 60 16 20 27 26
537 13 25 75 33 10 0 23 8
538 16 23 51 113 10 10 18 16
539 17 24 69 31 6 19 17 27
540 20 27 53 40 19 14 29 26
541 17 26 163 32 18 9 27 19
542 29 24 188 31 18 14 26 25
543 14 23 202 169 20 9 25 19
544 8 25 30 39 1 21 8 27
545 29 22 194 40 19 8 26 19
546 11 21 59 35 22 1 29 9
547 14 22 25 75 16 11 29 16
548 25 12 172 48 8 19 16 27
549 28 21 230 37 1 2 13 15
550 25 14 40 51 10 14 20 26
