35 22 500 240
0 0 153 0
1 0 102 0
2 0 156 0
3 0 148 0
4 0 43 0
5 0 104 0
6 0 48 0
7 0 165 0
8 0 62 0
9 0 134 0
10 0 171 0
11 0 104 0
12 0 132 0
13 0 88 0
14 0 140 0
15 0 59 0
16 0 88 0
17 0 175 0
18 0 128 0
19 0 131 0
20 0 114 0
21 0 54 0
22 0 168 0
23 0 59 0
24 0 118 0
25 0 47 0
26 0 180 0
27 0 157 0
28 0 173 0
29 0 160 0
30 0 120 0
31 0 128 0
32 0 113 0
33 0 41 0
34 0 81 0
0 1 112 1
1 1 98 1
2 1 177 1
3 1 172 1
4 1 130 1
5 1 116 1
6 1 89 1
7 1 109 1
8 1 120 1
9 1 1 1
10 1 93 1
11 1 120 1
12 1 154 1
13 1 81 1
14 1 92 1
15 1 68 1
16 1 133 1
17 1 165 1
18 1 143 1
19 1 98 1
20 1 60 1
21 1 76 1
22 1 80 1
23 1 78 1
24 1 73 1
25 1 88 1
26 1 112 1
27 1 83 1
28 1 177 1
29 1 133 1
30 1 1 1
31 1 72 1
32 1 173 1
33 1 122 1
34 1 86 1
0 2 117 2
1 2 40 2
2 2 159 2
3 2 96 2
4 2 171 2
5 2 101 2
6 2 72 2
7 2 49 2
8 2 97 2
9 2 176 2
10 2 167 2
11 2 126 2
12 2 43 2
13 2 89 2
14 2 162 2
15 2 159 2
16 2 88 2
17 2 148 2
18 2 147 2
19 2 1 2
20 2 166 2
21 2 104 2
22 2 101 2
23 2 177 2
24 2 1 2
25 2 114 2
26 2 167 2
27 2 98 2
28 2 92 2
29 2 175 2
30 2 74 2
31 2 156 2
32 2 40 2
33 2 121 2
34 2 131 2
0 3 130 3
1 3 70 3
2 3 98 3
3 3 56 3
4 3 114 3
5 3 64 3
6 3 100 3
7 3 136 3
8 3 87 3
9 3 122 3
10 3 71 3
11 3 54 3
12 3 63 3
13 3 77 3
14 3 66 3
15 3 97 3
16 3 179 3
17 3 58 3
18 3 78 3
19 3 61 3
20 3 107 3
21 3 166 3
22 3 77 3
23 3 115 3
24 3 84 3
25 3 74 3
26 3 96 3
27 3 85 3
28 3 171 3
29 3 41 3
30 3 150 3
31 3 1 3
32 3 84 3
33 3 83 3
34 3 105 3
0 4 51 4
1 4 162 4
2 4 123 4
3 4 92 4
4 4 92 4
5 4 123 4
6 4 77 4
7 4 127 4
8 4 85 4
9 4 50 4
10 4 64 4
11 4 130 4
12 4 160 4
13 4 112 4
14 4 145 4
15 4 90 4
16 4 166 4
17 4 153 4
18 4 177 4
19 4 126 4
20 4 55 4
21 4 153 4
22 4 110 4
23 4 91 4
24 4 58 4
25 4 160 4
26 4 149 4
27 4 171 4
28 4 116 4
29 4 44 4
30 4 111 4
31 4 125 4
32 4 74 4
33 4 80 4
34 4 152 4
0 5 75 5
1 5 86 5
2 5 1 5
3 5 140 5
4 5 98 5
5 5 132 5
6 5 70 5
7 5 103 5
8 5 90 5
9 5 78 5
10 5 125 5
11 5 125 5
12 5 87 5
13 5 51 5
14 5 121 5
15 5 161 5
16 5 85 5
17 5 85 5
18 5 146 5
19 5 79 5
20 5 102 5
21 5 48 5
22 5 150 5
23 5 115 5
24 5 131 5
25 5 85 5
26 5 60 5
27 5 106 5
28 5 148 5
29 5 88 5
30 5 73 5
31 5 43 5
32 5 124 5
33 5 53 5
34 5 60 5
0 6 178 6
1 6 153 6
2 6 72 6
3 6 176 6
4 6 127 6
5 6 114 6
6 6 88 6
7 6 64 6
8 6 127 6
9 6 79 6
10 6 172 6
11 6 61 6
12 6 40 6
13 6 76 6
14 6 81 6
15 6 128 6
16 6 164 6
17 6 108 6
18 6 175 6
19 6 53 6
20 6 77 6
21 6 88 6
22 6 106 6
23 6 59 6
24 6 1 6
25 6 94 6
26 6 132 6
27 6 83 6
28 6 111 6
29 6 80 6
30 6 80 6
31 6 173 6
32 6 57 6
33 6 162 6
34 6 162 6
0 7 124 7
1 7 112 7
2 7 156 7
3 7 99 7
4 7 133 7
5 7 67 7
6 7 138 7
7 7 136 7
8 7 56 7
9 7 74 7
10 7 44 7
11 7 87 7
12 7 132 7
13 7 178 7
14 7 149 7
15 7 93 7
16 7 152 7
17 7 98 7
18 7 67 7
19 7 88 7
20 7 137 7
21 7 41 7
22 7 56 7
23 7 106 7
24 7 170 7
25 7 56 7
26 7 172 7
27 7 161 7
28 7 163 7
29 7 177 7
30 7 1 7
31 7 152 7
32 7 151 7
33 7 147 7
34 7 49 7
0 8 66 8
1 8 108 8
2 8 85 8
3 8 42 8
4 8 134 8
5 8 93 8
6 8 82 8
7 8 145 8
8 8 78 8
9 8 131 8
10 8 94 8
11 8 173 8
12 8 141 8
13 8 97 8
14 8 178 8
15 8 45 8
16 8 138 8
17 8 117 8
18 8 105 8
19 8 48 8
20 8 121 8
21 8 99 8
22 8 143 8
23 8 107 8
24 8 134 8
25 8 83 8
26 8 1 8
27 8 42 8
28 8 171 8
29 8 44 8
30 8 144 8
31 8 49 8
32 8 143 8
33 8 67 8
34 8 135 8
0 9 143 9
1 9 124 9
2 9 102 9
3 9 1 9
4 9 93 9
5 9 85 9
6 9 1 9
7 9 193 9
8 9 122 9
9 9 138 9
10 9 63 9
11 9 1 9
12 9 146 9
13 9 97 9
14 9 150 9
15 9 96 9
16 9 66 9
17 9 163 9
18 9 1 9
19 9 89 9
20 9 56 9
21 9 170 9
22 9 95 9
23 9 150 9
24 9 1 9
25 9 89 9
26 9 125 9
27 9 94 9
28 9 78 9
29 9 137 9
30 9 45 9
31 9 164 9
32 9 88 9
33 9 161 9
34 9 72 9
0 10 1 0
1 10 125 0
2 10 81 0
3 10 42 0
4 10 127 0
5 10 103 0
6 10 98 0
7 10 82 0
8 10 139 0
9 10 170 0
10 10 140 0
11 10 191 0
12 10 140 0
13 10 45 0
14 10 57 0
15 10 152 0
16 10 69 0
17 10 62 0
18 10 143 0
19 10 83 0
20 10 133 0
21 10 150 0
22 10 70 0
23 10 48 0
24 10 108 0
25 10 49 0
26 10 154 0
27 10 147 0
28 10 165 0
29 10 115 0
30 10 175 0
31 10 70 0
32 10 58 0
33 10 161 0
34 10 73 0
0 11 144 1
1 11 110 1
2 11 117 1
3 11 90 1
4 11 49 1
5 11 124 1
6 11 146 1
7 11 77 1
8 11 334 1
9 11 267 1
10 11 150 1
11 11 147 1
12 11 56 1
13 11 130 1
14 11 64 1
15 11 166 1
16 11 147 1
17 11 82 1
18 11 192 1
19 11 56 1
20 11 157 1
21 11 54 1
22 11 176 1
23 11 174 1
24 11 53 1
25 11 75 1
26 11 113 1
27 11 87 1
28 11 61 1
29 11 51 1
30 11 85 1
31 11 115 1
32 11 105 1
33 11 42 1
34 11 50 1
0 12 126 2
1 12 60 2
2 12 51 2
3 12 116 2
4 12 49 2
5 12 109 2
6 12 140 2
7 12 55 2
8 12 203 2
9 12 203 2
10 12 197 2
11 12 91 2
12 12 151 2
13 12 47 2
14 12 159 2
15 12 75 2
16 12 229 2
17 12 242 2
18 12 261 2
19 12 153 2
20 12 183 2
21 12 192 2
22 12 58 2
23 12 113 2
24 12 132 2
25 12 100 2
26 12 57 2
27 12 48 2
28 12 58 2
29 12 144 2
30 12 165 2
31 12 81 2
32 12 52 2
33 12 173 2
34 12 102 2
0 13 133 3
1 13 78 3
2 13 46 3
3 13 92 3
4 13 1 3
5 13 128 3
6 13 52 3
7 13 67 3
8 13 200 3
9 13 197 3
10 13 82 3
11 13 116 3
12 13 175 3
13 13 145 3
14 13 185 3
15 13 1 3
16 13 135 3
17 13 266 3
18 13 84 3
19 13 1 3
20 13 183 3
21 13 58 3
22 13 64 3
23 13 107 3
24 13 46 3
25 13 40 3
26 13 147 3
27 13 162 3
28 13 168 3
29 13 141 3
30 13 132 3
31 13 152 3
32 13 87 3
33 13 138 3
34 13 56 3
0 14 161 4
1 14 92 4
2 14 67 4
3 14 89 4
4 14 120 4
5 14 87 4
6 14 123 4
7 14 127 4
8 14 150 4
9 14 1 4
10 14 76 4
11 14 51 4
12 14 140 4
13 14 126 4
14 14 139 4
15 14 168 4
16 14 191 4
17 14 108 4
18 14 137 4
19 14 46 4
20 14 173 4
21 14 166 4
22 14 129 4
23 14 181 4
24 14 139 4
25 14 62 4
26 14 126 4
27 14 102 4
28 14 56 4
29 14 85 4
30 14 164 4
31 14 126 4
32 14 57 4
33 14 160 4
34 14 96 4
0 15 165 5
1 15 105 5
2 15 175 5
3 15 113 5
4 15 137 5
5 15 79 5
6 15 93 5
7 15 52 5
8 15 44 5
9 15 74 5
10 15 150 5
11 15 45 5
12 15 132 5
13 15 143 5
14 15 142 5
15 15 169 5
16 15 103 5
17 15 124 5
18 15 189 5
19 15 1 5
20 15 122 5
21 15 155 5
22 15 64 5
23 15 121 5
24 15 104 5
25 15 42 5
26 15 125 5
27 15 138 5
28 15 167 5
29 15 64 5
30 15 44 5
31 15 79 5
32 15 56 5
33 15 1 5
34 15 87 5
0 16 130 6
1 16 151 6
2 16 153 6
3 16 124 6
4 16 108 6
5 16 123 6
6 16 74 6
7 16 112 6
8 16 105 6
9 16 128 6
10 16 170 6
11 16 114 6
12 16 80 6
13 16 97 6
14 16 157 6
15 16 174 6
16 16 58 6
17 16 174 6
18 16 177 6
19 16 70 6
20 16 155 6
21 16 116 6
22 16 115 6
23 16 55 6
24 16 156 6
25 16 1 6
26 16 153 6
27 16 99 6
28 16 52 6
29 16 136 6
30 16 1 6
31 16 131 6
32 16 43 6
33 16 100 6
34 16 176 6
0 17 74 7
1 17 179 7
2 17 98 7
3 17 179 7
4 17 88 7
5 17 52 7
6 17 175 7
7 17 153 7
8 17 138 7
9 17 118 7
10 17 58 7
11 17 167 7
12 17 174 7
13 17 78 7
14 17 71 7
15 17 122 7
16 17 51 7
17 17 119 7
18 17 176 7
19 17 62 7
20 17 104 7
21 17 83 7
22 17 89 7
23 17 130 7
24 17 121 7
25 17 164 7
26 17 154 7
27 17 139 7
28 17 64 7
29 17 73 7
30 17 61 7
31 17 1 7
32 17 99 7
33 17 102 7
34 17 1 7
0 18 138 8
1 18 1 8
2 18 42 8
3 18 51 8
4 18 43 8
5 18 117 8
6 18 128 8
7 18 164 8
8 18 82 8
9 18 88 8
10 18 171 8
11 18 84 8
12 18 126 8
13 18 55 8
14 18 48 8
15 18 163 8
16 18 149 8
17 18 160 8
18 18 98 8
19 18 70 8
20 18 109 8
21 18 172 8
22 18 142 8
23 18 135 8
24 18 155 8
25 18 169 8
26 18 45 8
27 18 42 8
28 18 91 8
29 18 137 8
30 18 122 8
31 18 140 8
32 18 120 8
33 18 95 8
34 18 116 8
0 19 74 9
1 19 138 9
2 19 97 9
3 19 83 9
4 19 86 9
5 19 134 9
6 19 130 9
7 19 158 9
8 19 80 9
9 19 48 9
10 19 64 9
11 19 52 9
12 19 173 9
13 19 143 9
14 19 155 9
15 19 69 9
16 19 160 9
17 19 1 9
18 19 63 9
19 19 43 9
20 19 60 9
21 19 84 9
22 19 123 9
23 19 90 9
24 19 48 9
25 19 130 9
26 19 102 9
27 19 42 9
28 19 100 9
29 19 58 9
30 19 54 9
31 19 157 9
32 19 127 9
33 19 122 9
34 19 76 9
0 20 59 0
1 20 64 0
2 20 92 0
3 20 132 0
4 20 49 0
5 20 124 0
6 20 166 0
7 20 178 0
8 20 168 0
9 20 71 0
10 20 82 0
11 20 125 0
12 20 56 0
13 20 135 0
14 20 68 0
15 20 1 0
16 20 67 0
17 20 46 0
18 20 127 0
19 20 99 0
20 20 150 0
21 20 98 0
22 20 120 0
23 20 44 0
24 20 56 0
25 20 175 0
26 20 110 0
27 20 175 0
28 20 87 0
29 20 177 0
30 20 168 0
31 20 92 0
32 20 92 0
33 20 144 0
34 20 136 0
0 21 125 1
1 21 165 1
2 21 174 1
3 21 1 1
4 21 120 1
5 21 54 1
6 21 109 1
7 21 83 1
8 21 64 1
9 21 72 1
10 21 1 1
11 21 119 1
12 21 177 1
13 21 54 1
14 21 80 1
15 21 147 1
16 21 154 1
17 21 97 1
18 21 54 1
19 21 99 1
20 21 121 1
21 21 113 1
22 21 66 1
23 21 97 1
24 21 161 1
25 21 73 1
26 21 149 1
27 21 155 1
28 21 45 1
29 21 79 1
30 21 113 1
31 21 51 1
32 21 163 1
33 21 48 1
34 21 160 1
1 11 14 65 248 20 1 29 7
2 0 21 62 105 2 13 13 18
3 31 7 26 82 15 10 19 14
4 22 5 16 72 14 14 27 18
5 12 17 24 212 14 10 20 14
6 21 10 60 77 18 1 30 6
7 9 1 54 229 13 10 22 14
8 29 5 8 232 11 7 23 11
9 10 4 6 249 12 8 22 15
10 10 9 41 86 15 12 23 16
11 24 8 148 145 14 7 20 16
12 8 17 27 121 5 6 10 16
13 24 0 10 58 3 3 16 7
14 0 16 61 58 15 8 19 16
15 6 14 61 30 2 8 13 14
16 22 11 2 150 12 3 21 7
17 20 13 146 76 20 8 33 13
18 20 15 64 243 7 10 16 16
19 12 9 28 46 4 9 16 14
20 16 19 24 252 0 15 10 21
21 32 5 57 64 17 12 26 17
22 5 13 138 260 19 17 27 21
23 10 12 46 192 11 8 23 15
24 33 0 51 251 14 9 20 14
25 31 15 17 183 14 8 24 12
26 25 6 21 145 3 8 13 14
27 33 17 14 108 5 8 11 14
28 15 5 185 100 5 11 18 17
29 8 1 63 212 17 2 27 7
30 20 14 26 43 5 5 10 16
31 30 13 170 116 5 6 10 16
32 27 9 66 177 3 7 12 15
33 26 15 25 66 10 13 21 18
34 5 20 28 155 10 9 23 15
35 21 18 34 67 1 0 11 5
36 5 12 37 39 10 9 23 14
37 18 7 192 44 4 6 11 16
38 5 14 161 220 14 9 20 14
39 21 3 38 146 5 7 11 14
40 5 8 160 223 1 2 14 6
41 14 9 30 131 21 3 31 8
42 14 17 57 78 5 5 10 16
43 0 16 63 105 13 9 21 14
44 26 20 140 245 14 10 20 14
45 7 11 21 106 2 5 13 16
46 11 10 66 118 7 13 19 18
47 30 17 162 157 4 7 11 14
48 32 15 16 238 3 8 12 13
49 12 17 6 199 15 4 27 8
50 9 8 183 202 7 3 20 7
51 2 6 64 203 12 7 21 16
52 16 14 175 130 6 9 10 13
53 7 21 9 195 6 8 10 14
54 14 1 32 74 3 2 16 7
55 17 11 38 172 17 2 30 7
56 3 4 40 94 13 9 21 14
57 12 3 5 222 5 7 11 14
58 16 13 23 203 11 6 22 17
59 13 17 29 252 12 7 22 16
60 13 13 57 217 5 3 17 7
61 18 16 53 243 3 9 12 13
62 8 18 193 104 16 3 27 7
63 16 10 186 32 13 7 20 17
64 0 5 167 229 5 5 11 16
65 9 15 190 33 15 7 27 11
66 23 4 9 102 12 10 21 14
67 22 16 13 117 10 6 23 17
68 14 15 190 47 13 9 21 15
69 11 14 170 72 8 5 16 11
70 20 13 61 169 14 7 20 17
71 29 13 193 197 2 6 14 15
72 20 14 21 137 10 9 23 14
73 19 10 64 182 5 8 10 14
74 27 14 34 260 4 6 11 15
75 29 5 166 54 13 5 26 11
76 19 18 3 94 0 0 11 5
77 18 8 7 197 13 7 21 16
78 18 12 35 91 11 7 22 17
79 28 19 54 253 12 7 22 16
80 3 1 27 106 19 3 32 7
81 12 12 54 248 12 4 21 10
82 21 7 49 30 3 4 15 10
83 20 13 47 260 4 7 11 14
84 18 14 198 227 2 7 13 14
85 5 16 177 49 19 14 31 19
86 3 13 50 160 4 12 14 17
87 12 16 40 155 16 2 27 7
88 31 14 17 201 0 6 12 11
89 30 19 3 121 18 9 31 13
90 18 10 48 212 6 14 16 18
91 13 13 48 82 9 7 20 12
92 13 13 34 166 10 15 20 20
93 31 2 175 212 3 5 12 16
94 26 3 25 140 10 7 23 17
95 23 9 20 89 17 8 29 12
96 34 17 63 59 10 9 23 14
97 8 10 134 257 5 12 14 16
98 17 10 28 255 2 9 13 13
99 28 18 43 73 3 9 13 13
100 10 9 58 112 10 10 23 14
101 9 2 6 172 23 6 33 10
102 13 11 54 177 4 3 16 7
103 32 7 153 185 3 8 13 13
104 12 7 143 208 25 2 33 8
105 11 21 21 173 16 7 29 13
106 22 5 8 159 18 14 29 20
107 1 0 64 191 2 6 13 15
108 8 20 44 150 21 10 34 16
109 21 17 164 36 1 7 14 15
110 7 12 157 210 20 1 29 6
111 22 7 136 193 13 2 22 6
112 11 14 30 118 13 6 20 17
113 14 13 193 227 2 7 14 14
114 32 7 140 226 16 6 24 12
115 19 13 33 133 14 8 20 15
116 2 15 52 61 13 6 21 17
117 27 12 44 173 10 2 22 8
118 4 10 55 105 3 6 12 16
119 4 11 16 209 10 10 23 14
120 29 9 33 31 10 4 20 8
121 22 8 58 260 2 6 13 15
122 10 12 186 135 13 8 20 15
123 31 13 143 52 4 6 15 12
124 17 8 57 80 12 8 21 16
125 21 12 186 134 2 8 14 13
126 19 3 29 64 11 7 22 16
127 5 18 22 109 16 5 25 10
128 21 3 41 170 14 9 19 14
129 7 11 19 189 2 8 14 14
130 26 14 45 33 11 6 22 17
131 31 1 152 206 10 6 23 17
132 8 16 139 126 10 7 23 17
133 11 19 51 224 6 11 14 15
134 15 15 25 199 13 8 21 15
135 15 17 11 77 2 7 13 15
136 8 10 65 254 13 6 24 12
137 12 15 142 104 12 7 22 17
138 15 16 57 187 3 4 12 10
139 21 11 37 74 2 8 14 14
140 16 7 53 52 5 6 10 15
141 5 10 51 48 14 10 23 15
142 17 17 139 115 16 15 28 19
143 6 8 195 183 17 11 26 15
144 19 12 46 224 4 6 11 16
145 16 11 35 217 19 9 29 15
146 20 8 161 78 18 12 28 16
147 32 1 13 202 13 10 21 14
148 28 7 178 138 5 8 18 14
149 8 5 20 163 12 8 21 16
150 6 15 46 181 17 1 29 7
151 9 15 34 193 5 5 11 16
152 1 17 25 147 5 7 10 15
153 3 11 50 106 14 9 19 14
154 29 15 12 145 14 7 19 17
155 9 15 147 96 4 7 14 11
156 9 17 189 167 11 10 22 14
157 6 13 44 132 13 9 21 15
158 34 16 2 184 14 9 25 14
159 20 13 199 187 1 12 14 17
160 8 12 40 226 6 7 10 14
161 11 11 17 246 11 5 23 10
162 6 13 29 246 12 6 21 17
163 27 13 189 38 11 8 23 16
164 10 16 10 193 20 8 28 13
165 3 12 17 224 21 15 33 21
166 2 9 25 155 12 8 22 15
167 9 10 29 168 1 15 13 20
168 16 11 29 252 1 9 14 15
169 12 11 56 117 20 12 30 17
170 5 11 155 188 3 8 13 14
171 3 7 186 198 6 1 14 6
172 5 16 20 244 10 7 23 16
173 9 15 47 152 11 14 23 19
174 7 3 134 39 14 8 20 15
175 9 5 167 243 12 8 22 16
176 13 13 178 240 12 6 21 17
177 34 7 36 37 1 15 10 19
178 5 13 157 217 4 6 12 15
179 12 11 2 172 3 10 11 16
180 7 2 16 225 11 0 24 5
181 21 11 14 245 0 8 13 14
182 5 15 180 133 7 3 20 7
183 13 7 30 70 15 9 19 14
184 13 9 22 59 14 11 25 17
185 21 10 170 250 15 7 19 16
186 32 15 57 162 4 6 12 16
187 13 12 22 186 15 6 27 10
188 12 9 8 221 7 2 20 6
189 30 1 39 206 4 10 12 14
190 15 8 150 226 4 7 12 14
191 7 8 170 141 11 8 22 16
192 5 6 40 32 4 6 13 10
193 13 11 17 149 12 1 23 7
194 2 7 138 59 11 9 22 14
195 6 8 58 75 21 14 31 19
196 0 11 27 197 5 8 10 13
197 23 20 141 129 15 8 19 15
198 14 15 54 190 14 11 27 15
199 32 0 181 99 12 1 21 5
200 13 12 60 188 14 8 20 15
201 4 15 174 253 17 11 25 15
202 3 11 16 122 6 0 14 6
203 8 7 159 219 9 9 21 15
204 1 11 5 193 12 7 21 17
205 12 17 33 210 14 8 19 15
206 27 2 48 121 14 0 24 5
207 3 18 9 57 13 10 20 14
208 31 8 138 173 1 7 14 14
209 22 8 58 103 1 12 11 18
210 6 11 7 125 21 4 31 10
211 8 10 19 194 16 3 24 9
212 3 8 65 118 2 3 14 9
213 7 6 169 234 16 11 29 17
214 31 17 179 70 3 7 12 15
215 32 2 60 193 20 11 30 15
216 1 11 59 127 10 8 23 16
217 32 2 161 222 13 8 20 15
218 11 7 179 186 13 7 20 16
219 18 11 25 226 7 10 19 16
220 24 21 58 226 4 7 12 15
221 5 21 49 229 3 8 12 13
222 23 9 28 85 12 1 22 5
223 9 2 52 175 3 2 15 8
224 4 9 180 52 10 6 23 17
225 8 9 185 89 24 7 32 13
226 12 7 34 47 14 9 20 14
227 1 15 13 41 2 7 13 14
228 19 15 21 165 9 13 21 19
229 32 14 0 170 2 8 14 14
230 22 15 47 200 14 7 19 16
231 6 13 19 77 5 5 10 16
232 20 15 167 92 20 3 32 8
233 28 19 142 246 13 16 23 20
234 10 16 53 230 2 6 13 15
235 27 20 38 136 1 9 10 15
236 4 6 7 112 3 8 14 14
237 14 8 168 251 3 8 13 13
238 18 12 163 35 4 7 11 14
239 25 11 13 63 14 12 24 17
240 29 12 153 36 1 8 14 13
241 10 12 19 123 2 1 12 5
242 13 9 33 34 5 6 16 11
243 18 16 151 137 14 16 26 20
244 32 9 153 124 4 7 12 14
245 9 5 46 34 15 11 26 16
246 20 16 9 165 14 7 19 16
247 21 6 51 249 5 2 18 7
248 14 11 193 135 3 9 13 13
249 13 18 10 99 21 14 31 18
250 10 19 197 194 3 7 12 14
251 19 17 38 187 10 7 23 16
252 17 14 48 182 12 7 21 17
253 1 14 20 231 6 9 10 13
254 29 10 12 88 6 7 16 13
255 23 20 14 234 13 7 21 17
256 13 16 16 140 12 13 23 18
257 14 18 194 246 11 6 23 17
258 20 14 19 137 5 0 16 5
259 30 2 150 66 6 8 10 13
260 18 19 43 59 3 6 13 15
261 4 13 183 72 3 15 16 20
262 25 16 37 72 21 12 30 17
263 28 2 34 51 23 9 33 13
264 0 1 189 50 14 6 19 17
265 0 18 24 46 5 6 10 15
266 9 16 186 46 1 5 10 9
267 29 6 4 170 3 7 12 14
268 10 14 35 96 13 9 20 15
269 16 8 4 124 11 8 23 15
270 30 7 134 204 4 8 12 13
271 26 11 173 98 11 8 23 16
272 12 20 62 143 8 14 18 19
273 26 4 6 151 10 9 23 14
274 34 9 48 234 8 9 19 13
275 9 13 155 235 13 8 20 15
276 19 10 16 36 11 7 24 13
277 7 16 184 40 12 8 22 16
278 8 9 24 62 14 8 19 15
279 5 14 0 180 16 5 28 10
280 19 0 168 65 14 8 20 16
281 4 12 188 249 22 1 30 6
282 13 6 178 98 4 7 12 15
283 21 21 27 142 6 0 19 5
284 0 9 52 196 15 8 19 16
285 4 14 187 223 14 14 26 18
286 25 10 41 95 2 6 13 16
287 28 5 145 117 11 9 23 14
288 5 11 152 250 19 1 30 6
289 5 4 30 188 13 10 25 16
290 17 16 34 224 12 11 25 16
291 13 6 20 249 0 3 11 9
292 2 5 154 182 4 14 13 20
293 16 17 59 32 10 6 21 10
294 13 8 62 132 17 15 26 21
295 29 14 8 151 9 10 22 16
296 21 21 50 36 2 11 11 15
297 4 18 161 135 19 8 31 14
298 6 7 14 94 11 7 22 16
299 20 17 54 245 0 2 11 8
300 21 8 4 51 6 5 10 16
301 20 4 166 221 13 6 20 17
302 8 16 23 178 6 7 10 14
303 14 5 4 141 19 14 28 18
304 22 17 171 238 12 7 22 17
305 20 7 1 190 16 2 28 8
306 12 7 197 190 0 1 9 6
307 14 4 21 227 19 5 30 11
308 15 14 16 126 10 12 20 18
309 12 17 24 142 15 9 19 14
310 6 15 2 160 18 9 30 14
311 13 17 13 70 13 7 20 16
312 16 13 17 195 4 9 13 14
313 5 11 200 133 13 7 21 16
314 1 9 193 51 10 8 23 15
315 14 0 17 77 13 12 22 18
316 8 7 194 44 13 7 20 17
317 4 7 55 158 4 8 12 14
318 18 11 22 97 4 6 12 15
319 25 3 20 122 5 5 10 16
320 5 8 0 167 5 1 17 6
321 24 19 51 145 17 3 30 7
322 25 8 11 205 4 6 12 15
323 5 16 200 43 2 6 13 16
324 23 4 3 165 4 11 17 17
325 16 13 10 114 9 16 18 20
326 16 15 45 60 3 6 12 16
327 14 10 135 180 20 4 31 10
328 8 11 30 151 10 8 23 16
329 22 16 165 30 15 7 19 16
330 5 9 194 89 4 7 12 15
331 7 10 55 87 19 1 29 7
332 31 3 53 145 4 5 12 16
333 1 6 24 30 12 13 23 18
334 19 13 171 253 21 9 32 15
335 0 17 167 215 7 11 20 17
336 14 7 133 108 3 6 13 15
337 8 0 153 139 25 10 33 14
338 14 9 31 104 1 14 12 18
339 10 18 32 47 6 7 10 14
340 34 20 41 258 5 7 10 15
341 31 16 167 231 5 7 10 15
342 2 2 21 124 11 10 21 15
343 30 11 44 111 5 6 15 11
344 5 19 7 115 23 12 34 17
345 19 20 66 139 22 7 30 12
346 8 18 2 149 11 6 22 17
347 5 20 139 224 4 8 12 13
348 18 12 40 185 12 8 22 15
349 21 15 44 70 6 8 10 13
350 5 16 5 187 13 9 20 15
351 25 4 168 34 19 10 29 14
352 5 10 25 48 1 8 13 12
353 7 11 27 241 2 2 14 6
354 7 2 153 87 1 4 13 10
355 16 16 60 51 3 1 15 6
356 8 8 23 188 6 8 10 14
357 5 8 47 140 6 12 15 17
358 29 0 58 177 12 8 21 15
359 9 3 20 244 6 9 10 13
360 0 0 12 154 1 6 14 16
361 9 13 31 146 21 7 32 12
362 19 1 173 218 4 14 13 20
363 6 11 39 93 9 12 21 17
364 14 13 35 126 14 7 19 17
365 17 12 135 178 13 7 20 16
366 17 11 139 164 6 8 10 13
367 16 16 44 182 3 6 12 15
368 8 11 199 135 13 9 20 14
369 26 0 0 71 12 10 21 14
370 33 12 190 83 23 8 33 12
371 15 5 9 218 5 11 16 16
372 20 14 24 117 5 7 10 14
373 18 16 44 220 4 8 12 13
374 19 11 17 60 4 6 12 15
375 13 18 54 113 2 5 14 16
376 23 14 162 187 10 10 23 14
377 18 15 144 142 18 13 31 17
378 5 8 179 155 10 0 22 5
379 5 16 133 154 15 8 24 13
380 11 8 39 229 11 9 22 14
381 32 3 17 39 7 10 20 15
382 6 8 47 48 6 6 10 16
383 17 18 10 126 15 7 19 16
384 13 6 2 45 14 14 24 18
385 10 10 56 231 2 9 14 13
386 33 18 34 46 3 8 12 13
387 13 14 192 215 21 11 29 17
388 2 8 174 233 4 7 11 14
389 14 11 23 191 7 14 18 19
390 9 4 2 225 16 11 28 15
391 13 15 181 204 13 7 21 16
392 13 9 157 145 14 8 20 16
393 14 8 198 241 11 8 22 15
394 12 15 21 91 13 6 23 11
395 19 1 32 187 8 10 19 16
396 7 18 16 217 7 3 20 9
397 4 16 137 210 11 8 23 16
398 9 4 21 71 10 9 23 14
399 17 16 21 187 11 0 19 4
400 28 17 5 220 6 6 10 15
401 11 21 169 37 5 4 13 9
402 26 11 174 55 10 7 23 16
403 6 6 30 150 3 9 12 13
404 1 8 142 209 0 11 13 16
405 30 11 196 199 10 7 23 17
406 19 18 152 48 6 7 10 14
407 18 15 21 37 15 10 19 14
408 11 5 196 165 12 13 22 18
409 16 13 9 168 13 8 21 15
410 3 11 192 227 6 5 10 16
411 21 10 19 31 8 5 21 9
412 6 5 33 214 13 6 21 17
413 31 9 193 202 5 12 18 17
414 9 0 38 62 12 7 22 16
415 3 15 65 162 20 12 32 17
416 8 13 58 115 5 8 11 13
417 10 10 39 228 16 3 27 9
418 14 7 38 43 12 9 23 14
419 15 17 200 50 11 8 23 16
420 6 10 38 39 16 15 26 20
421 19 14 31 144 2 11 14 17
422 22 6 23 37 2 9 14 13
423 20 5 33 146 2 6 13 16
424 19 7 52 95 8 4 17 9
425 23 4 150 200 11 7 22 17
426 12 11 161 69 23 3 31 8
427 10 13 37 143 23 7 32 12
428 10 9 163 60 14 7 20 17
429 21 13 183 131 8 0 18 6
430 7 9 5 49 1 8 14 14
431 2 0 158 193 1 8 14 14
432 28 19 55 169 13 14 23 18
433 9 14 40 37 8 3 16 7
434 15 14 45 58 13 7 20 17
435 12 8 34 129 4 7 12 15
436 10 13 35 119 25 12 34 16
437 11 13 12 166 2 9 15 15
438 5 11 52 161 14 8 19 15
439 22 17 137 148 2 8 13 13
440 28 21 29 102 10 14 18 19
441 24 7 47 204 1 8 9 13
442 34 7 164 252 8 14 19 18
443 16 8 195 156 13 9 21 15
444 1 9 151 85 17 11 30 17
445 8 6 23 181 19 5 30 10
446 11 13 21 205 14 9 20 14
447 12 12 50 89 1 9 14 13
448 4 2 61 118 5 8 15 12
449 18 15 29 133 6 7 14 11
450 27 19 20 66 10 7 23 17
451 18 16 22 59 7 14 16 18
452 11 15 189 200 13 7 24 11
453 20 7 147 93 19 7 29 12
454 11 8 7 35 0 8 8 12
455 27 21 0 230 6 9 10 13
456 13 16 9 254 19 8 28 14
457 15 10 6 188 12 7 22 16
458 13 14 36 113 13 9 21 14
459 20 10 161 68 13 10 21 14
460 0 8 13 119 19 3 32 7
461 34 3 65 195 11 7 23 17
462 7 16 189 245 3 6 12 16
463 0 7 39 226 11 7 23 16
464 24 21 27 42 3 6 13 16
465 14 17 45 34 15 9 19 15
466 20 10 11 173 11 10 23 14
467 33 18 42 101 23 2 33 8
468 34 3 58 75 6 7 10 14
469 6 14 48 62 22 13 34 19
470 7 18 60 53 11 6 19 12
471 6 9 178 33 12 6 22 17
472 14 16 57 171 12 7 22 17
473 32 14 33 237 5 8 10 14
474 8 6 44 143 19 12 27 17
475 28 19 1 194 5 2 14 8
476 18 14 32 67 6 0 19 4
477 5 16 66 114 3 4 11 8
478 17 17 198 101 3 10 14 14
479 26 20 20 57 1 13 13 18
480 23 12 15 92 21 12 30 17
481 5 10 7 193 13 2 22 6
482 7 9 39 116 13 7 21 17
483 23 19 31 231 4 6 11 16
484 6 21 175 236 23 9 34 14
485 16 21 20 69 15 16 26 20
486 4 12 22 60 23 0 32 4
487 5 9 167 242 12 3 23 9
488 12 11 155 115 18 8 27 12
489 0 3 42 53 5 7 11 14
490 25 4 51 246 6 8 10 14
491 1 0 33 85 11 10 23 14
492 13 13 20 188 13 9 25 15
493 14 17 155 96 8 6 19 10
494 18 9 199 40 9 15 22 20
495 20 9 6 235 6 6 10 15
496 10 11 137 106 15 7 28 13
497 8 14 40 72 1 12 10 16
498 19 8 66 69 7 1 19 5
499 5 4 6 90 15 6 19 17
500 15 15 159 65 12 6 22 17
