30 20 400 220
0 0 84 0
1 0 135 1
2 0 99 2
3 0 142 3
4 0 70 4
5 0 136 5
6 0 52 6
7 0 170 7
8 0 89 8
9 0 46 9
10 0 141 0
11 0 131 1
12 0 47 2
13 0 182 3
14 0 74 4
15 0 52 5
16 0 85 6
17 0 174 7
18 0 181 8
19 0 164 9
20 0 88 0
21 0 124 1
22 0 178 2
23 0 157 3
24 0 58 4
25 0 150 5
26 0 47 6
27 0 102 7
28 0 179 8
29 0 119 9
0 1 111 0
1 1 115 1
2 1 77 2
3 1 110 3
4 1 1 4
5 1 180 5
6 1 178 6
7 1 79 7
8 1 138 8
9 1 171 9
10 1 46 0
11 1 145 1
12 1 94 2
13 1 98 3
14 1 164 4
15 1 90 5
16 1 55 6
17 1 242 7
18 1 99 8
19 1 116 9
20 1 114 0
21 1 77 1
22 1 123 2
23 1 79 3
24 1 98 4
25 1 155 5
26 1 59 6
27 1 79 7
28 1 147 8
29 1 1 9
0 2 130 0
1 2 172 1
2 2 172 2
3 2 106 3
4 2 78 4
5 2 169 5
6 2 149 6
7 2 146 7
8 2 70 8
9 2 103 9
10 2 80 0
11 2 70 1
12 2 80 2
13 2 92 3
14 2 67 4
15 2 139 5
16 2 88 6
17 2 90 7
18 2 114 8
19 2 164 9
20 2 112 0
21 2 116 1
22 2 55 2
23 2 153 3
24 2 113 4
25 2 122 5
26 2 110 6
27 2 53 7
28 2 176 8
29 2 159 9
0 3 65 0
1 3 140 1
2 3 129 2
3 3 62 3
4 3 113 4
5 3 65 5
6 3 174 6
7 3 179 7
8 3 63 8
9 3 126 9
10 3 1 0
11 3 74 1
12 3 160 2
13 3 71 3
14 3 114 4
15 3 1 5
16 3 157 6
17 3 1 7
18 3 53 8
19 3 135 9
20 3 1 0
21 3 140 1
22 3 182 2
23 3 131 3
24 3 74 4
25 3 100 5
26 3 167 6
27 3 160 7
28 3 91 8
29 3 67 9
0 4 111 0
1 4 111 1
2 4 101 2
3 4 175 3
4 4 136 4
5 4 95 5
6 4 171 6
7 4 71 7
8 4 165 8
9 4 41 9
10 4 116 0
11 4 92 1
12 4 78 2
13 4 44 3
14 4 60 4
15 4 45 5
16 4 91 6
17 4 101 7
18 4 61 8
19 4 85 9
20 4 58 0
21 4 94 1
22 4 73 2
23 4 147 3
24 4 82 4
25 4 89 5
26 4 117 6
27 4 118 7
28 4 80 8
29 4 134 9
0 5 85 0
1 5 70 1
2 5 52 2
3 5 117 3
4 5 75 4
5 5 177 5
6 5 169 6
7 5 69 7
8 5 122 8
9 5 70 9
10 5 69 0
11 5 126 1
12 5 44 2
13 5 107 3
14 5 121 4
15 5 118 5
16 5 44 6
17 5 67 7
18 5 101 8
19 5 131 9
20 5 179 0
21 5 131 1
22 5 126 2
23 5 104 3
24 5 70 4
25 5 158 5
26 5 53 6
27 5 119 7
28 5 65 8
29 5 94 9
0 6 171 0
1 6 86 1
2 6 70 2
3 6 88 3
4 6 89 4
5 6 55 5
6 6 73 6
7 6 76 7
8 6 147 8
9 6 150 9
10 6 72 0
11 6 115 1
12 6 135 2
13 6 176 3
14 6 132 4
15 6 104 5
16 6 117 6
17 6 106 7
18 6 159 8
19 6 105 9
20 6 82 0
21 6 50 1
22 6 1 2
23 6 94 3
24 6 1 4
25 6 65 5
26 6 117 6
27 6 122 7
28 6 68 8
29 6 166 9
0 7 80 0
1 7 148 1
2 7 148 2
3 7 172 3
4 7 69 4
5 7 145 5
6 7 132 6
7 7 156 7
8 7 129 8
9 7 42 9
10 7 64 0
11 7 76 1
12 7 140 2
13 7 136 3
14 7 152 4
15 7 153 5
16 7 174 6
17 7 53 7
18 7 102 8
19 7 53 9
20 7 50 0
21 7 98 1
22 7 106 2
23 7 160 3
24 7 129 4
25 7 159 5
26 7 74 6
27 7 74 7
28 7 89 8
29 7 179 9
0 8 63 0
1 8 176 1
2 8 135 2
3 8 147 3
4 8 173 4
5 8 169 5
6 8 107 6
7 8 148 7
8 8 177 8
9 8 143 9
10 8 50 0
11 8 155 1
12 8 137 2
13 8 86 3
14 8 179 4
15 8 55 5
16 8 51 6
17 8 120 7
18 8 92 8
19 8 126 9
20 8 114 0
21 8 175 1
22 8 66 2
23 8 136 3
24 8 127 4
25 8 73 5
26 8 86 6
27 8 101 7
28 8 126 8
29 8 59 9
0 9 58 0
1 9 129 1
2 9 73 2
3 9 56 3
4 9 147 4
5 9 58 5
6 9 76 6
7 9 52 7
8 9 1 8
9 9 40 9
10 9 67 0
11 9 137 1
12 9 86 2
13 9 1 3
14 9 102 4
15 9 129 5
16 9 94 6
17 9 41 7
18 9 152 8
19 9 127 9
20 9 122 0
21 9 153 1
22 9 111 2
23 9 105 3
24 9 141 4
25 9 147 5
26 9 54 6
27 9 178 7
28 9 142 8
29 9 127 9
0 10 149 0
1 10 1 1
2 10 166 2
3 10 160 3
4 10 56 4
5 10 116 5
6 10 106 6
7 10 58 7
8 10 102 8
9 10 162 9
10 10 164 0
11 10 151 1
12 10 1 2
13 10 62 3
14 10 69 4
15 10 99 5
16 10 133 6
17 10 117 7
18 10 40 8
19 10 53 9
20 10 43 0
21 10 51 1
22 10 62 2
23 10 74 3
24 10 90 4
25 10 143 5
26 10 76 6
27 10 61 7
28 10 51 8
29 10 93 9
0 11 146 0
1 11 40 1
2 11 142 2
3 11 169 3
4 11 85 4
5 11 139 5
6 11 66 6
7 11 174 7
8 11 67 8
9 11 149 9
10 11 135 0
11 11 114 1
12 11 1 2
13 11 48 3
14 11 104 4
15 11 161 5
16 11 123 6
17 11 86 7
18 11 116 8
19 11 118 9
20 11 120 0
21 11 187 1
22 11 63 2
23 11 1 3
24 11 80 4
25 11 176 5
26 11 141 6
27 11 121 7
28 11 92 8
29 11 113 9
0 12 1 0
1 12 94 1
2 12 123 2
3 12 141 3
4 12 1 4
5 12 67 5
6 12 1 6
7 12 106 7
8 12 71 8
9 12 89 9
10 12 162 0
11 12 171 1
12 12 93 2
13 12 81 3
14 12 133 4
15 12 69 5
16 12 166 6
17 12 96 7
18 12 122 8
19 12 60 9
20 12 168 0
21 12 124 1
22 12 131 2
23 12 140 3
24 12 122 4
25 12 79 5
26 12 133 6
27 12 155 7
28 12 124 8
29 12 41 9
0 13 111 0
1 13 67 1
2 13 104 2
3 13 133 3
4 13 48 4
5 13 101 5
6 13 108 6
7 13 1 7
8 13 69 8
9 13 59 9
10 13 43 0
11 13 92 1
12 13 66 2
13 13 1 3
14 13 47 4
15 13 93 5
16 13 51 6
17 13 119 7
18 13 52 8
19 13 57 9
20 13 183 0
21 13 144 1
22 13 48 2
23 13 114 3
24 13 150 4
25 13 1 5
26 13 50 6
27 13 134 7
28 13 84 8
29 13 1 9
0 14 170 0
1 14 165 1
2 14 156 2
3 14 150 3
4 14 154 4
5 14 157 5
6 14 70 6
7 14 90 7
8 14 111 8
9 14 82 9
10 14 131 0
11 14 60 1
12 14 54 2
13 14 61 3
14 14 44 4
15 14 109 5
16 14 92 6
17 14 113 7
18 14 192 8
19 14 143 9
20 14 80 0
21 14 114 1
22 14 79 2
23 14 192 3
24 14 157 4
25 14 181 5
26 14 116 6
27 14 131 7
28 14 180 8
29 14 119 9
0 15 58 0
1 15 55 1
2 15 64 2
3 15 80 3
4 15 126 4
5 15 78 5
6 15 116 6
7 15 41 7
8 15 73 8
9 15 172 9
10 15 116 0
11 15 142 1
12 15 161 2
13 15 178 3
14 15 103 4
15 15 84 5
16 15 167 6
17 15 187 7
18 15 159 8
19 15 282 9
20 15 90 0
21 15 211 1
22 15 135 2
23 15 107 3
24 15 1 4
25 15 120 5
26 15 92 6
27 15 108 7
28 15 52 8
29 15 107 9
0 16 53 0
1 16 48 1
2 16 58 2
3 16 137 3
4 16 152 4
5 16 164 5
6 16 59 6
7 16 42 7
8 16 162 8
9 16 47 9
10 16 129 0
11 16 166 1
12 16 152 2
13 16 99 3
14 16 1 4
15 16 142 5
16 16 149 6
17 16 63 7
18 16 158 8
19 16 62 9
20 16 1 0
21 16 79 1
22 16 113 2
23 16 103 3
24 16 98 4
25 16 123 5
26 16 46 6
27 16 121 7
28 16 69 8
29 16 87 9
0 17 64 0
1 17 137 1
2 17 116 2
3 17 135 3
4 17 149 4
5 17 70 5
6 17 109 6
7 17 112 7
8 17 66 8
9 17 153 9
10 17 113 0
11 17 80 1
12 17 63 2
13 17 126 3
14 17 1 4
15 17 167 5
16 17 103 6
17 17 179 7
18 17 1 8
19 17 55 9
20 17 213 0
21 17 182 1
22 17 158 2
23 17 127 3
24 17 1 4
25 17 70 5
26 17 136 6
27 17 159 7
28 17 47 8
29 17 135 9
0 18 69 0
1 18 96 1
2 18 42 2
3 18 141 3
4 18 153 4
5 18 104 5
6 18 118 6
7 18 51 7
8 18 140 8
9 18 145 9
10 18 62 0
11 18 54 1
12 18 66 2
13 18 165 3
14 18 154 4
15 18 81 5
16 18 177 6
17 18 158 7
18 18 63 8
19 18 89 9
20 18 145 0
21 18 86 1
22 18 92 2
23 18 120 3
24 18 152 4
25 18 40 5
26 18 141 6
27 18 65 7
28 18 145 8
29 18 91 9
0 19 40 0
1 19 124 1
2 19 98 2
3 19 135 3
4 19 122 4
5 19 151 5
6 19 163 6
7 19 167 7
8 19 155 8
9 19 100 9
10 19 42 0
11 19 44 1
12 19 100 2
13 19 115 3
14 19 178 4
15 19 142 5
16 19 80 6
17 19 158 7
18 19 129 8
19 19 173 9
20 19 105 0
21 19 163 1
22 19 167 2
23 19 58 3
24 19 180 4
25 19 141 5
26 19 118 6
27 19 105 7
28 19 164 8
29 19 92 9
1 16 4 0 36 10 0 23 9
2 24 10 15 32 13 12 26 18
3 13 0 54 44 12 15 22 19
4 19 15 170 52 6 2 18 7
5 19 7 184 137 9 14 19 17
6 20 6 64 42 1 11 14 16
7 20 16 60 43 16 12 24 17
8 15 16 56 43 10 0 24 9
9 25 19 8 48 11 0 23 7
10 17 14 49 36 11 0 23 6
11 12 0 47 41 15 11 24 18
12 21 15 23 34 14 8 25 19
13 9 2 3 36 14 13 26 16
14 19 0 3 37 12 0 21 4
15 17 0 64 39 12 5 25 10
16 15 7 158 39 10 0 23 6
17 16 11 27 41 15 13 26 17
18 19 0 29 46 15 11 24 19
19 22 2 28 61 14 0 20 3
20 5 19 200 36 7 10 21 15
21 21 12 11 43 16 13 23 17
22 17 0 3 34 15 11 25 18
23 18 2 59 45 14 0 19 5
24 22 2 182 38 14 0 20 3
25 0 13 42 100 10 0 23 11
26 21 0 140 116 16 13 23 17
27 20 0 24 31 17 10 22 19
28 13 10 173 33 9 6 18 11
29 9 14 51 43 13 0 21 10
30 25 3 183 31 13 0 21 10
31 23 12 59 46 11 14 20 17
32 8 13 66 46 15 10 25 19
33 17 12 62 37 17 11 23 19
34 15 2 44 76 14 13 25 16
35 25 19 145 43 2 9 14 12
36 8 8 154 30 12 14 22 17
37 17 12 158 32 15 9 26 12
38 16 11 49 50 15 8 25 19
39 12 10 62 32 13 13 27 16
40 24 12 139 40 12 0 22 3
41 6 10 182 37 11 0 22 3
42 8 6 142 33 18 11 29 15
43 0 17 18 45 6 15 17 19
44 19 17 55 51 0 10 10 15
45 4 18 55 108 15 16 27 19
46 20 18 27 52 4 4 17 8
47 20 2 50 71 14 0 20 7
48 2 15 12 33 12 0 22 3
49 22 6 16 33 10 0 24 8
50 19 19 192 54 13 6 26 10
51 22 15 49 38 8 11 22 16
52 20 18 190 47 15 13 25 17
53 19 3 63 31 1 7 11 10
54 19 14 147 55 16 12 23 18
55 18 7 176 38 13 8 27 19
56 18 5 142 34 10 0 23 5
57 12 0 38 111 19 8 28 12
58 20 6 17 65 11 10 22 13
59 27 11 15 42 11 0 22 3
60 4 14 30 31 8 13 19 16
61 22 4 7 32 4 8 18 11
62 20 0 198 101 11 0 23 9
63 16 19 165 40 12 5 25 10
64 10 17 35 73 9 4 21 9
65 14 15 26 36 2 13 16 18
66 22 1 41 54 6 1 15 5
67 25 17 15 79 16 0 29 5
68 28 18 12 69 14 10 25 19
69 13 5 24 40 9 5 20 8
70 19 2 37 73 8 7 17 10
71 24 18 46 31 2 10 13 13
72 12 12 162 84 7 1 20 6
73 19 6 49 30 11 5 20 9
74 22 19 187 44 4 12 18 17
75 22 7 32 31 11 0 22 11
76 21 3 143 45 16 11 23 19
77 24 12 14 31 14 11 25 19
78 12 10 42 41 16 3 27 6
79 17 11 2 48 11 0 23 8
80 20 18 16 108 5 10 14 13
81 13 0 191 31 15 8 24 19
82 14 6 7 53 10 0 24 5
83 16 0 38 71 3 10 12 13
84 8 17 23 32 11 1 22 4
85 21 1 7 32 0 9 12 13
86 11 19 38 31 15 1 29 5
87 14 19 6 30 17 9 22 19
88 17 19 12 35 1 15 11 18
89 22 0 23 30 4 13 18 16
90 21 0 23 107 0 8 13 11
91 14 18 49 35 14 12 26 17
92 19 4 4 50 15 8 24 19
93 12 6 43 71 14 12 25 18
94 6 1 171 33 15 12 25 18
95 18 15 13 225 14 10 26 19
96 16 6 40 58 14 9 24 13
97 15 15 168 34 8 7 22 12
98 14 11 39 40 11 0 22 5
99 19 3 16 38 12 0 21 10
100 24 17 22 34 13 11 26 18
101 8 1 150 34 15 2 24 6
102 16 1 44 31 17 13 27 18
103 21 1 11 31 13 8 26 19
104 16 19 45 41 13 11 27 19
105 28 9 161 50 14 10 26 19
106 8 14 166 31 13 0 21 6
107 2 0 36 50 9 5 23 8
108 12 0 133 69 14 0 19 6
109 7 17 12 33 3 5 17 8
110 23 19 157 32 13 11 26 18
111 29 1 24 66 17 10 22 19
112 13 5 197 36 14 8 26 19
113 19 0 196 37 17 13 23 16
114 24 17 56 75 5 14 17 17
115 0 18 36 43 13 12 27 18
116 21 17 22 42 11 0 22 5
117 27 16 176 32 10 15 20 19
118 24 17 139 36 14 0 20 10
119 16 2 185 39 14 10 27 14
120 23 14 10 42 16 13 23 17
121 1 7 6 32 13 13 27 17
122 15 0 11 52 17 7 26 10
123 16 12 35 31 2 4 13 7
124 19 7 179 42 13 13 26 17
125 24 19 40 103 11 0 22 10
126 14 7 21 34 13 9 26 19
127 19 0 149 41 19 9 29 14
128 17 1 65 101 17 11 22 18
129 14 6 173 48 11 0 22 4
130 0 19 160 68 7 0 20 3
131 5 12 62 48 15 9 25 19
132 19 4 8 85 12 9 26 13
133 22 8 61 31 12 0 22 3
134 4 3 58 142 4 13 18 17
135 19 15 54 33 1 7 10 10
136 16 10 66 32 11 2 21 7
137 20 19 62 86 10 0 24 11
138 25 14 167 103 15 13 25 16
139 6 18 191 40 13 13 23 18
140 0 0 6 43 12 0 22 4
141 9 8 15 30 13 0 21 9
142 14 0 166 35 16 10 24 19
143 2 10 51 42 2 3 16 8
144 29 8 16 84 2 13 13 17
145 26 1 36 40 13 14 25 18
146 13 0 59 38 16 5 25 10
147 17 14 44 36 2 7 14 11
148 24 14 33 52 17 13 23 16
149 20 0 200 150 15 7 28 10
150 22 3 50 33 12 0 21 8
151 23 16 22 42 0 3 9 7
152 6 7 174 33 14 10 26 19
153 22 16 0 34 14 0 20 7
154 13 0 152 37 11 0 23 9
155 15 19 54 32 11 0 22 8
156 18 12 62 47 14 0 19 7
157 22 1 27 38 14 0 19 4
158 23 10 33 56 11 13 21 17
159 11 1 13 40 13 1 26 6
160 11 0 137 53 14 0 19 5
161 10 12 54 50 17 8 23 19
162 9 5 49 145 11 0 23 11
163 20 0 0 30 14 0 20 5
164 29 1 31 31 6 3 19 8
165 9 0 151 51 17 13 23 17
166 18 13 184 43 15 12 25 17
167 14 6 184 40 15 11 24 19
168 8 5 62 43 14 0 20 9
169 6 2 50 46 17 10 23 19
170 19 0 2 32 0 6 12 10
171 20 0 187 41 2 14 13 17
172 24 12 32 33 8 13 18 18
173 18 14 60 33 11 2 23 5
174 14 4 193 49 12 0 22 11
175 26 8 2 35 14 12 26 17
176 20 6 3 38 13 11 26 19
177 24 13 7 40 6 9 18 14
178 17 0 47 130 12 0 23 4
179 14 1 23 44 15 11 27 15
180 19 0 65 30 17 11 22 18
181 18 17 5 49 14 9 25 19
182 16 5 180 30 10 0 23 3
183 20 0 145 59 17 9 22 19
184 14 4 33 35 16 13 23 17
185 9 16 176 37 12 0 21 11
186 13 5 171 36 14 0 19 9
187 10 18 192 31 4 10 16 14
188 18 14 63 70 12 0 22 3
189 23 19 165 35 13 0 21 11
190 9 5 18 33 15 10 24 15
191 7 2 50 40 10 0 24 8
192 17 8 15 40 14 0 20 7
193 25 2 58 34 15 13 25 17
194 19 1 183 35 16 9 24 19
195 17 4 153 38 14 9 26 12
196 25 14 23 33 17 11 22 18
197 17 16 52 52 14 0 20 4
198 26 1 44 64 17 13 23 17
199 25 13 137 75 16 6 27 10
200 18 0 23 31 1 15 13 19
201 12 0 10 55 16 9 23 19
202 14 6 47 83 14 0 19 5
203 21 2 53 31 14 0 19 3
204 15 8 179 42 4 7 16 11
205 17 11 51 49 12 0 22 8
206 20 18 163 37 16 9 23 19
207 25 14 198 61 3 4 15 9
208 21 18 6 58 10 11 23 15
209 19 12 169 53 15 8 24 19
210 12 0 58 46 8 4 22 8
211 19 19 194 34 4 14 13 19
212 15 18 135 43 14 0 19 4
213 16 15 31 67 10 0 24 8
214 19 0 46 30 13 0 21 4
215 26 17 12 74 2 10 15 15
216 23 11 161 42 13 11 26 19
217 20 16 64 31 14 3 24 6
218 3 11 153 56 12 0 22 4
219 20 0 45 43 6 0 20 4
220 17 0 31 35 16 13 24 17
221 24 10 6 53 15 8 26 11
222 13 0 182 77 12 8 25 11
223 29 13 52 33 1 7 11 10
224 6 19 38 217 13 5 26 9
225 16 0 55 32 1 0 14 4
226 4 15 59 61 14 13 26 17
227 18 0 63 168 10 0 23 9
228 8 1 56 62 1 0 10 3
229 16 8 31 250 13 0 21 11
230 23 18 66 59 8 12 19 17
231 11 6 154 46 3 1 15 5
232 18 11 155 54 9 1 23 4
233 13 3 138 30 12 0 22 8
234 22 15 36 76 12 0 22 11
235 25 19 34 41 12 16 21 19
236 26 15 55 41 14 11 25 18
237 8 9 52 54 13 11 26 18
238 15 0 7 37 12 2 22 5
239 16 15 11 51 13 12 26 18
240 5 15 136 99 10 0 24 7
241 12 2 3 60 13 13 26 17
242 12 1 155 44 6 8 18 13
243 24 15 137 43 17 8 22 19
244 23 19 135 31 11 0 22 5
245 16 4 22 70 14 0 19 9
246 21 7 48 32 13 0 21 3
247 17 3 12 36 14 10 24 15
248 23 19 24 106 8 2 19 7
249 28 19 20 145 13 0 21 10
250 22 5 62 37 13 8 27 19
251 17 13 34 34 16 11 24 19
252 21 13 58 93 7 7 18 12
253 13 2 23 31 14 11 25 19
254 22 11 47 50 12 0 21 5
255 23 16 51 31 14 3 27 6
256 23 1 142 55 14 0 19 5
257 18 10 184 53 16 11 23 18
258 20 14 12 38 14 6 23 11
259 15 6 5 30 14 0 20 6
260 21 2 50 46 12 8 24 12
261 19 0 148 38 13 0 20 8
262 2 2 170 35 14 8 25 19
263 2 5 60 30 20 14 29 19
264 14 5 6 37 11 0 22 5
265 14 0 62 37 14 8 25 19
266 26 11 6 38 11 6 25 11
267 23 19 164 32 16 13 23 16
268 13 6 55 31 16 13 24 16
269 14 5 193 55 2 13 12 16
270 28 2 61 33 13 9 27 19
271 16 0 50 31 12 0 22 11
272 25 13 186 30 10 0 23 5
273 13 1 26 38 10 0 23 7
274 18 12 36 45 13 3 27 8
275 12 1 47 41 10 0 23 10
276 13 1 0 67 11 0 23 8
277 21 19 175 250 7 9 19 12
278 23 2 27 37 11 0 23 8
279 29 5 161 37 9 9 22 14
280 15 17 189 40 16 10 24 19
281 19 0 11 76 11 0 23 9
282 12 5 23 35 11 0 23 3
283 16 10 34 31 16 5 25 8
284 12 4 184 32 10 0 23 3
285 23 8 34 38 10 0 23 6
286 22 5 9 34 3 1 12 5
287 20 4 46 63 12 0 22 7
288 28 12 190 57 16 4 29 7
289 28 5 66 32 2 4 14 9
290 14 4 155 37 13 13 27 17
291 23 17 53 31 12 6 24 9
292 17 19 178 79 4 7 14 10
293 15 6 6 72 12 11 21 14
294 14 0 173 37 15 3 24 8
295 18 0 47 89 15 10 24 19
296 14 4 66 38 4 2 17 5
297 17 17 18 50 13 12 25 16
298 13 6 61 178 13 0 20 5
299 3 5 49 51 1 14 10 19
300 22 4 46 46 7 7 16 11
301 22 18 157 31 14 0 20 11
302 20 19 33 36 3 14 15 19
303 22 18 40 41 16 8 23 19
304 20 3 19 36 10 0 23 9
305 22 15 49 33 13 15 23 18
306 24 1 146 30 14 0 19 7
307 13 0 49 40 10 0 23 3
308 3 5 56 32 1 14 14 17
309 24 13 3 54 18 3 28 6
310 13 5 56 37 18 6 29 9
311 20 12 193 32 12 0 21 4
312 12 2 19 38 8 3 22 7
313 16 16 167 33 15 13 29 16
314 25 18 197 33 0 13 14 17
315 19 13 40 58 5 7 19 11
316 17 19 3 51 10 0 24 6
317 0 4 169 31 13 0 20 11
318 13 5 30 30 1 1 10 6
319 19 11 60 31 16 13 23 17
320 4 0 26 33 14 0 19 8
321 0 3 41 45 13 11 27 18
322 16 14 157 41 12 0 21 3
323 22 14 159 45 18 3 29 7
324 26 3 56 33 17 11 22 18
325 22 17 15 36 5 8 16 11
326 9 9 31 53 10 0 23 5
327 14 19 148 60 10 5 22 10
328 22 8 145 30 17 13 23 16
329 21 5 33 47 7 9 18 12
330 23 6 22 40 3 6 17 11
331 19 3 15 35 13 0 20 7
332 16 0 17 153 8 4 20 9
333 17 1 190 35 11 0 22 7
334 20 7 40 40 12 0 22 11
335 19 12 160 43 13 9 27 19
336 17 0 47 36 4 9 13 13
337 11 13 149 47 14 11 26 16
338 16 3 57 51 13 0 21 4
339 14 0 47 50 12 9 23 12
340 18 3 37 47 10 6 21 11
341 27 0 47 52 3 8 13 12
342 27 12 180 88 0 7 10 11
343 3 4 29 38 13 2 25 6
344 1 4 166 52 17 13 22 17
345 27 9 51 40 11 0 22 6
346 18 10 55 48 10 0 24 5
347 10 5 49 50 14 0 19 7
348 8 4 169 34 17 13 23 16
349 20 0 57 36 2 5 16 9
350 2 13 149 33 12 0 22 8
351 15 11 65 35 10 0 23 10
352 18 19 66 51 15 8 25 19
353 23 10 0 41 11 10 23 13
354 23 15 61 42 13 0 21 5
355 21 16 15 67 14 12 27 16
356 19 15 22 48 10 0 23 11
357 16 8 191 34 16 10 27 13
358 16 1 20 40 12 4 23 7
359 17 7 58 33 12 0 21 4
360 16 11 158 155 17 10 22 19
361 22 6 47 41 11 3 24 7
362 20 4 65 45 12 1 24 4
363 20 14 177 82 12 0 22 8
364 25 18 24 33 9 2 23 7
365 19 19 35 57 14 8 25 19
366 1 6 32 31 2 11 12 16
367 16 17 20 43 8 2 18 5
368 19 19 3 55 0 15 12 18
369 28 11 23 36 17 11 22 18
370 17 11 152 56 13 0 21 10
371 15 4 164 31 10 0 23 6
372 15 11 170 42 17 11 23 19
373 7 14 144 64 13 0 20 9
374 18 2 16 90 5 7 14 10
375 16 12 38 55 12 0 21 5
376 15 0 55 44 15 9 24 19
377 11 17 28 37 4 9 14 14
378 16 15 12 38 8 8 21 11
379 17 10 15 48 14 0 19 3
380 13 1 167 33 12 0 21 8
381 7 13 5 56 19 15 28 18
382 15 19 18 60 11 0 23 4
383 17 5 149 64 14 12 25 18
384 12 3 41 50 15 10 25 19
385 21 17 36 43 17 12 23 17
386 15 19 143 31 15 10 25 19
387 21 6 36 32 16 12 27 17
388 13 3 53 44 17 9 22 19
389 13 0 140 30 13 0 20 6
390 21 14 31 193 2 13 16 17
391 3 16 64 36 14 13 25 17
392 22 0 185 36 13 12 27 18
393 8 12 10 34 0 5 13 9
394 2 5 43 34 4 2 18 5
395 19 0 16 40 14 0 20 10
396 22 7 43 50 13 0 21 4
397 17 13 10 33 10 0 24 5
398 17 5 142 37 11 0 22 9
399 19 0 56 33 16 12 24 18
400 22 14 199 31 17 10 23 19
