36 18 420 220
0 0 69 0
1 0 53 0
2 0 150 0
3 0 187 0
4 0 91 0
5 0 114 0
6 0 195 0
7 0 111 0
8 0 154 0
9 0 209 0
10 0 64 0
11 0 61 0
12 0 78 0
13 0 214 0
14 0 146 0
15 0 150 0
16 0 139 0
17 0 105 0
18 0 1 0
19 0 176 0
20 0 92 0
21 0 129 0
22 0 91 0
23 0 155 0
24 0 60 0
25 0 153 0
26 0 179 0
27 0 170 0
28 0 93 0
29 0 128 0
30 0 176 0
31 0 92 0
32 0 93 0
33 0 59 0
34 0 215 0
35 0 122 0
0 1 100 1
1 1 1 1
2 1 194 1
3 1 192 1
4 1 196 1
5 1 1 1
6 1 1 1
7 1 100 1
8 1 61 1
9 1 149 1
10 1 85 1
11 1 136 1
12 1 189 1
13 1 165 1
14 1 93 1
15 1 86 1
16 1 188 1
17 1 91 1
18 1 163 1
19 1 206 1
20 1 1 1
21 1 75 1
22 1 190 1
23 1 177 1
24 1 50 1
25 1 198 1
26 1 207 1
27 1 154 1
28 1 203 1
29 1 202 1
30 1 94 1
31 1 145 1
32 1 135 1
33 1 201 1
34 1 199 1
35 1 1 1
0 2 153 2
1 2 195 2
2 2 1 2
3 2 105 2
4 2 126 2
5 2 138 2
6 2 123 2
7 2 108 2
8 2 141 2
9 2 118 2
10 2 181 2
11 2 213 2
12 2 88 2
13 2 184 2
14 2 153 2
15 2 115 2
16 2 62 2
17 2 94 2
18 2 116 2
19 2 79 2
20 2 182 2
21 2 145 2
22 2 214 2
23 2 166 2
24 2 184 2
25 2 83 2
26 2 90 2
27 2 1 2
28 2 213 2
29 2 127 2
30 2 104 2
31 2 201 2
32 2 177 2
33 2 1 2
34 2 76 2
35 2 191 2
0 3 146 3
1 3 198 3
2 3 150 3
3 3 95 3
4 3 95 3
5 3 62 3
6 3 87 3
7 3 201 3
8 3 132 3
9 3 73 3
10 3 107 3
11 3 105 3
12 3 178 3
13 3 157 3
14 3 147 3
15 3 93 3
16 3 107 3
17 3 218 3
18 3 111 3
19 3 71 3
20 3 205 3
21 3 140 3
22 3 204 3
23 3 130 3
24 3 55 3
25 3 142 3
26 3 84 3
27 3 140 3
28 3 155 3
29 3 66 3
30 3 151 3
31 3 139 3
32 3 140 3
33 3 156 3
34 3 205 3
35 3 155 3
0 4 195 4
1 4 68 4
2 4 200 4
3 4 121 4
4 4 59 4
5 4 136 4
6 4 147 4
7 4 1 4
8 4 97 4
9 4 1 4
10 4 186 4
11 4 1 4
12 4 1 4
13 4 180 4
14 4 143 4
15 4 63 4
16 4 112 4
17 4 52 4
18 4 114 4
19 4 1 4
20 4 119 4
21 4 220 4
22 4 81 4
23 4 80 4
24 4 131 4
25 4 119 4
26 4 64 4
27 4 166 4
28 4 196 4
29 4 89 4
30 4 96 4
31 4 159 4
32 4 55 4
33 4 207 4
34 4 212 4
35 4 131 4
0 5 85 5
1 5 147 5
2 5 112 5
3 5 93 5
4 5 133 5
5 5 158 5
6 5 1 5
7 5 172 5
8 5 157 5
9 5 189 5
10 5 57 5
11 5 56 5
12 5 179 5
13 5 175 5
14 5 144 5
15 5 82 5
16 5 61 5
17 5 57 5
18 5 219 5
19 5 189 5
20 5 1 5
21 5 132 5
22 5 177 5
23 5 119 5
24 5 112 5
25 5 213 5
26 5 107 5
27 5 132 5
28 5 119 5
29 5 208 5
30 5 69 5
31 5 87 5
32 5 68 5
33 5 89 5
34 5 53 5
35 5 145 5
0 6 81 6
1 6 1 6
2 6 152 6
3 6 59 6
4 6 143 6
5 6 108 6
6 6 128 6
7 6 161 6
8 6 152 6
9 6 90 6
10 6 101 6
11 6 79 6
12 6 1 6
13 6 218 6
14 6 214 6
15 6 1 6
16 6 80 6
17 6 99 6
18 6 177 6
19 6 104 6
20 6 93 6
21 6 85 6
22 6 54 6
23 6 1 6
24 6 71 6
25 6 131 6
26 6 198 6
27 6 170 6
28 6 184 6
29 6 212 6
30 6 72 6
31 6 128 6
32 6 220 6
33 6 163 6
34 6 142 6
35 6 78 6
0 7 162 7
1 7 176 7
2 7 97 7
3 7 191 7
4 7 134 7
5 7 191 7
6 7 199 7
7 7 175 7
8 7 157 7
9 7 191 7
10 7 203 7
11 7 141 7
12 7 104 7
13 7 70 7
14 7 186 7
15 7 121 7
16 7 173 7
17 7 188 7
18 7 198 7
19 7 201 7
20 7 176 7
21 7 198 7
22 7 211 7
23 7 50 7
24 7 162 7
25 7 123 7
26 7 95 7
27 7 77 7
28 7 206 7
29 7 68 7
30 7 137 7
31 7 184 7
32 7 194 7
33 7 205 7
34 7 191 7
35 7 174 7
0 8 157 8
1 8 167 8
2 8 135 8
3 8 256 8
4 8 192 8
5 8 172 8
6 8 221 8
7 8 219 8
8 8 80 8
9 8 218 8
10 8 114 8
11 8 109 8
12 8 1 8
13 8 168 8
14 8 175 8
15 8 148 8
16 8 101 8
17 8 135 8
18 8 157 8
19 8 87 8
20 8 191 8
21 8 145 8
22 8 1 8
23 8 220 8
24 8 155 8
25 8 196 8
26 8 60 8
27 8 1 8
28 8 94 8
29 8 205 8
30 8 1 8
31 8 124 8
32 8 1 8
33 8 1 8
34 8 177 8
35 8 154 8
0 9 143 9
1 9 202 9
2 9 166 9
3 9 363 9
4 9 130 9
5 9 1 9
6 9 165 9
7 9 112 9
8 9 145 9
9 9 163 9
10 9 206 9
11 9 178 9
12 9 63 9
13 9 218 9
14 9 190 9
15 9 143 9
16 9 55 9
17 9 203 9
18 9 1 9
19 9 123 9
20 9 111 9
21 9 73 9
22 9 72 9
23 9 175 9
24 9 164 9
25 9 91 9
26 9 64 9
27 9 102 9
28 9 67 9
29 9 113 9
30 9 136 9
31 9 1 9
32 9 147 9
33 9 123 9
34 9 198 9
35 9 113 9
0 10 114 0
1 10 217 0
2 10 188 0
3 10 439 0
4 10 325 0
5 10 257 0
6 10 177 0
7 10 175 0
8 10 63 0
9 10 178 0
10 10 164 0
11 10 207 0
12 10 116 0
13 10 117 0
14 10 219 0
15 10 123 0
16 10 64 0
17 10 150 0
18 10 140 0
19 10 59 0
20 10 171 0
21 10 202 0
22 10 213 0
23 10 91 0
24 10 141 0
25 10 95 0
26 10 78 0
27 10 196 0
28 10 177 0
29 10 189 0
30 10 59 0
31 10 110 0
32 10 147 0
33 10 1 0
34 10 57 0
35 10 214 0
0 11 143 1
1 11 234 1
2 11 266 1
3 11 315 1
4 11 240 1
5 11 70 1
6 11 222 1
7 11 174 1
8 11 1 1
9 11 163 1
10 11 127 1
11 11 142 1
12 11 59 1
13 11 107 1
14 11 157 1
15 11 289 1
16 11 219 1
17 11 236 1
18 11 212 1
19 11 213 1
20 11 83 1
21 11 124 1
22 11 155 1
23 11 115 1
24 11 145 1
25 11 57 1
26 11 67 1
27 11 165 1
28 11 161 1
29 11 105 1
30 11 181 1
31 11 214 1
32 11 175 1
33 11 156 1
34 11 189 1
35 11 185 1
0 12 212 2
1 12 64 2
2 12 70 2
3 12 168 2
4 12 72 2
5 12 122 2
6 12 1 2
7 12 182 2
8 12 160 2
9 12 95 2
10 12 105 2
11 12 95 2
12 12 165 2
13 12 58 2
14 12 192 2
15 12 106 2
16 12 158 2
17 12 162 2
18 12 1 2
19 12 91 2
20 12 165 2
21 12 212 2
22 12 205 2
23 12 189 2
24 12 201 2
25 12 179 2
26 12 203 2
27 12 164 2
28 12 100 2
29 12 118 2
30 12 208 2
31 12 163 2
32 12 133 2
33 12 54 2
34 12 138 2
35 12 201 2
0 13 60 3
1 13 142 3
2 13 184 3
3 13 234 3
4 13 196 3
5 13 220 3
6 13 82 3
7 13 189 3
8 13 181 3
9 13 270 3
10 13 185 3
11 13 76 3
12 13 192 3
13 13 1 3
14 13 305 3
15 13 140 3
16 13 211 3
17 13 232 3
18 13 186 3
19 13 114 3
20 13 110 3
21 13 78 3
22 13 177 3
23 13 205 3
24 13 127 3
25 13 220 3
26 13 99 3
27 13 139 3
28 13 217 3
29 13 50 3
30 13 1 3
31 13 50 3
32 13 71 3
33 13 206 3
34 13 178 3
35 13 150 3
0 14 83 4
1 14 224 4
2 14 59 4
3 14 141 4
4 14 171 4
5 14 187 4
6 14 95 4
7 14 84 4
8 14 248 4
9 14 1 4
10 14 220 4
11 14 136 4
12 14 158 4
13 14 93 4
14 14 172 4
15 14 102 4
16 14 235 4
17 14 94 4
18 14 174 4
19 14 77 4
20 14 1 4
21 14 180 4
22 14 139 4
23 14 88 4
24 14 123 4
25 14 59 4
26 14 220 4
27 14 111 4
28 14 169 4
29 14 1 4
30 14 162 4
31 14 93 4
32 14 67 4
33 14 74 4
34 14 94 4
35 14 197 4
0 15 126 5
1 15 173 5
2 15 111 5
3 15 1 5
4 15 169 5
5 15 124 5
6 15 70 5
7 15 158 5
8 15 310 5
9 15 306 5
10 15 343 5
11 15 130 5
12 15 1 5
13 15 187 5
14 15 85 5
15 15 274 5
16 15 221 5
17 15 209 5
18 15 163 5
19 15 101 5
20 15 156 5
21 15 201 5
22 15 134 5
23 15 127 5
24 15 77 5
25 15 70 5
26 15 189 5
27 15 62 5
28 15 67 5
29 15 136 5
30 15 88 5
31 15 217 5
32 15 150 5
33 15 191 5
34 15 182 5
35 15 152 5
0 16 1 6
1 16 121 6
2 16 148 6
3 16 172 6
4 16 194 6
5 16 173 6
6 16 67 6
7 16 108 6
8 16 115 6
9 16 210 6
10 16 228 6
11 16 115 6
12 16 114 6
13 16 186 6
14 16 120 6
15 16 69 6
16 16 231 6
17 16 165 6
18 16 85 6
19 16 192 6
20 16 174 6
21 16 165 6
22 16 193 6
23 16 172 6
24 16 188 6
25 16 63 6
26 16 192 6
27 16 108 6
28 16 168 6
29 16 96 6
30 16 86 6
31 16 164 6
32 16 90 6
33 16 51 6
34 16 78 6
35 16 163 6
0 17 188 7
1 17 160 7
2 17 82 7
3 17 1 7
4 17 106 7
5 17 204 7
6 17 117 7
7 17 194 7
8 17 233 7
9 17 73 7
10 17 157 7
11 17 108 7
12 17 109 7
13 17 118 7
14 17 112 7
15 17 158 7
16 17 225 7
17 17 134 7
18 17 166 7
19 17 1 7
20 17 1 7
21 17 91 7
22 17 160 7
23 17 53 7
24 17 1 7
25 17 211 7
26 17 124 7
27 17 218 7
28 17 136 7
29 17 89 7
30 17 62 7
31 17 176 7
32 17 120 7
33 17 217 7
34 17 63 7
35 17 139 7
1 16 8 13 23 11 9 18 16
2 3 14 168 21 9 3 23 8
3 10 9 43 29 3 13 14 17
4 20 11 5 39 2 13 15 17
5 28 11 4 46 17 6 31 9
6 5 17 2 36 1 6 13 11
7 7 5 27 22 2 12 15 17
8 29 0 168 26 5 4 18 8
9 10 17 57 26 18 3 30 8
10 32 10 63 20 7 0 18 5
11 21 15 22 27 9 9 20 17
12 23 10 46 34 9 10 21 15
13 13 17 165 115 8 10 22 15
14 28 11 162 87 0 6 12 13
15 0 8 50 32 10 11 20 14
16 33 2 42 29 24 1 35 5
17 5 17 187 47 9 11 21 15
18 33 9 13 174 4 13 13 16
19 7 7 54 27 0 7 12 13
20 19 13 64 27 8 0 20 4
21 12 10 7 38 9 10 21 16
22 27 15 34 24 18 5 31 10
23 2 7 28 23 0 2 12 6
24 1 8 62 33 7 9 22 16
25 0 11 2 26 13 8 24 13
26 24 2 19 32 10 11 24 16
27 10 1 1 21 9 8 21 17
28 19 8 134 35 2 12 16 17
29 3 9 50 29 20 7 33 10
30 8 2 159 73 3 12 14 17
31 25 3 43 22 22 14 35 17
32 17 8 31 220 7 5 19 8
33 34 4 30 25 19 7 33 10
34 13 17 63 21 9 11 20 14
35 13 16 186 24 0 6 8 14
36 8 17 25 20 3 10 17 14
37 14 14 142 32 7 11 22 15
38 1 2 30 23 0 7 15 12
39 0 5 13 31 1 11 13 16
40 5 0 2 30 3 3 17 7
41 19 8 172 23 16 4 31 7
42 7 17 186 60 0 6 15 14
43 9 3 177 26 0 12 15 17
44 20 4 191 25 5 12 12 17
45 9 12 10 20 14 2 28 5
46 8 5 3 24 1 4 13 7
47 18 4 31 20 23 12 34 15
48 29 10 34 21 7 11 22 14
49 34 11 145 23 5 11 13 17
50 3 17 42 48 4 12 14 17
51 5 14 26 22 10 3 25 7
52 35 4 25 27 3 10 17 13
53 18 6 51 24 5 10 12 17
54 6 6 33 56 4 13 14 16
55 7 16 57 39 23 3 34 8
56 28 11 138 22 15 7 29 11
57 2 9 31 26 5 9 12 17
58 8 9 179 25 0 8 14 11
59 1 7 53 41 0 7 7 12
60 20 8 171 64 0 8 12 12
61 15 10 142 33 4 11 15 15
62 0 8 189 45 4 5 16 10
63 9 7 181 30 11 9 18 16
64 12 17 34 23 1 8 16 17
65 17 17 55 45 20 6 35 10
66 5 6 6 136 4 12 15 16
67 9 12 1 26 9 9 21 16
68 13 12 142 25 0 7 7 12
69 13 6 26 30 11 9 22 13
70 10 12 36 33 0 4 11 7
71 19 16 170 20 0 8 9 12
72 21 5 36 27 2 13 16 16
73 9 9 62 37 11 6 25 11
74 35 16 29 21 12 13 23 16
75 32 11 44 55 5 8 12 17
76 20 8 50 27 17 10 30 13
77 5 15 16 31 0 7 14 12
78 3 12 55 31 0 10 14 15
79 8 13 66 48 15 14 28 17
80 15 15 63 24 5 13 16 17
81 4 17 25 28 3 12 14 17
82 1 1 38 20 0 0 14 5
83 20 9 154 31 5 8 13 17
84 2 13 35 23 1 11 16 17
85 13 8 66 35 17 9 31 12
86 3 11 26 30 9 9 21 17
87 7 15 5 20 5 13 12 17
88 6 10 49 20 0 7 10 12
89 13 12 62 25 9 11 21 15
90 4 11 52 50 8 10 21 15
91 10 10 11 32 17 4 28 8
92 25 12 21 28 0 7 15 13
93 14 16 141 25 11 11 26 16
94 0 7 30 35 7 9 22 16
95 3 7 13 21 5 9 13 17
96 16 14 17 25 14 3 28 6
97 15 14 13 30 2 8 16 17
98 20 2 15 26 19 11 31 16
99 15 10 62 44 16 2 28 7
100 7 10 21 47 8 8 21 17
101 33 12 51 23 7 10 22 16
102 17 7 24 26 0 7 14 12
103 33 9 19 25 11 10 18 16
104 33 8 50 25 14 7 25 10
105 12 13 35 125 9 9 20 16
106 17 13 11 21 23 5 34 9
107 26 7 8 21 2 7 17 12
108 13 0 37 31 14 9 29 14
109 24 1 42 27 4 9 14 17
110 5 11 45 29 0 12 13 17
111 4 17 62 28 13 7 28 11
112 0 14 65 49 13 3 24 8
113 4 15 8 22 16 13 30 16
114 33 8 28 36 20 0 35 3
115 13 16 176 32 3 8 15 17
116 12 17 32 52 10 0 24 3
117 30 10 61 32 17 3 31 7
118 11 15 60 41 7 12 22 16
119 15 13 33 30 10 8 21 11
120 6 3 183 22 0 7 10 13
121 16 2 177 48 21 6 32 10
122 13 12 34 47 17 2 29 7
123 0 17 4 25 15 0 30 5
124 5 14 178 26 0 6 10 14
125 20 5 142 35 5 10 12 17
126 7 14 9 124 9 9 21 16
127 8 17 160 63 15 11 30 14
128 6 15 21 23 3 11 15 16
129 14 13 33 24 5 14 17 17
130 6 8 64 95 9 10 20 15
131 33 15 26 30 8 11 22 14
132 10 14 190 24 0 5 10 14
133 18 10 46 26 11 9 19 16
134 13 8 66 21 5 9 12 17
135 1 2 31 36 0 8 10 12
136 4 6 3 21 3 12 14 17
137 9 12 163 21 0 6 14 14
138 13 8 44 23 8 1 23 5
139 33 4 36 20 11 9 19 16
140 14 16 197 24 10 9 19 17
141 34 2 43 36 2 0 16 3
142 35 8 157 53 11 11 18 14
143 2 8 170 25 0 7 8 12
144 6 13 49 26 5 8 13 17
145 9 17 29 26 0 7 10 13
146 11 10 177 21 5 9 13 17
147 18 17 64 49 5 9 16 14
148 25 10 194 40 4 12 14 17
149 13 3 169 47 0 8 10 12
150 1 15 57 32 6 10 17 14
151 29 8 35 82 5 9 13 17
152 2 8 163 21 0 7 8 12
153 8 4 14 63 8 10 22 15
154 27 13 45 31 17 10 30 15
155 15 0 13 43 7 0 19 3
156 27 7 200 176 1 2 16 7
157 7 17 1 27 1 9 12 12
158 4 17 193 33 0 6 10 14
159 3 10 190 27 16 12 27 15
160 31 13 17 22 2 11 15 17
161 10 14 29 39 0 8 13 12
162 0 15 1 38 9 5 24 10
163 20 15 156 220 10 9 20 17
164 28 14 8 41 2 12 17 15
165 19 15 16 94 0 7 7 13
166 16 8 154 24 0 6 11 14
167 34 12 23 24 0 8 15 11
168 2 4 64 34 14 10 25 15
169 29 3 42 44 3 12 15 17
170 8 9 151 28 8 11 22 14
171 12 9 23 24 0 8 7 12
172 15 13 58 29 9 9 21 16
173 2 7 34 26 1 3 13 6
174 13 16 62 68 14 13 26 17
175 35 7 12 56 11 1 22 5
176 16 15 30 23 8 8 22 17
177 30 10 156 50 3 9 15 17
178 20 6 183 21 4 10 13 17
179 13 12 7 24 0 3 13 7
180 9 17 137 23 18 3 33 7
181 32 5 51 22 10 0 24 3
182 16 12 31 25 5 10 13 17
183 25 2 66 30 13 1 27 5
184 32 13 11 21 0 8 15 12
185 20 16 47 25 4 12 14 17
186 9 11 161 35 11 11 18 15
187 11 15 196 67 14 0 28 4
188 19 8 23 27 16 0 27 4
189 0 11 13 77 13 4 26 9
190 27 12 200 28 15 10 30 14
191 35 12 10 78 20 5 32 9
192 0 8 56 23 0 5 10 14
193 23 2 62 22 8 11 21 14
194 12 9 48 49 4 9 14 17
195 18 8 45 22 5 6 17 11
196 19 4 38 27 15 10 30 14
197 10 17 2 27 4 12 13 17
198 20 12 156 30 2 3 14 8
199 1 15 142 73 9 10 21 15
200 21 2 161 37 11 9 18 17
201 5 8 37 35 0 7 13 13
202 18 8 48 23 0 6 14 14
203 6 10 18 21 11 9 18 16
204 3 11 156 24 0 6 15 14
205 30 15 40 74 13 7 25 10
206 9 0 29 21 19 3 31 8
207 19 3 169 52 3 10 14 17
208 35 13 18 29 7 9 22 16
209 18 2 32 24 10 11 20 15
210 17 15 197 45 2 13 16 16
211 2 14 4 25 7 11 22 15
212 11 17 167 37 7 8 21 11
213 12 14 189 22 9 5 24 9
214 30 0 156 26 9 11 21 15
215 7 7 22 22 3 9 17 12
216 6 2 169 24 9 9 21 17
217 12 17 149 27 2 9 15 17
218 6 6 66 29 2 10 13 14
219 16 16 168 21 0 5 10 14
220 4 12 139 22 7 9 22 16
221 25 2 170 21 21 5 33 10
222 25 15 25 23 10 7 23 10
223 31 0 188 27 8 8 21 17
224 18 17 34 21 5 13 18 17
225 1 7 6 26 9 5 22 10
226 21 6 158 41 10 11 19 15
227 32 15 4 29 1 11 16 17
228 33 6 21 22 11 11 18 14
229 24 9 26 76 3 8 14 17
230 0 12 184 54 5 9 12 17
231 11 14 52 33 0 7 10 12
232 16 10 24 21 2 13 16 16
233 14 8 57 42 0 8 12 12
234 3 6 195 27 3 9 14 17
235 17 15 29 47 9 10 21 15
236 16 15 31 25 7 7 18 10
237 6 15 65 33 0 8 10 12
238 31 0 156 28 17 8 28 12
239 12 13 173 53 7 1 18 6
240 0 8 25 41 10 10 20 15
241 15 11 18 20 0 5 14 14
242 6 2 22 28 5 4 18 8
243 12 17 163 22 8 8 22 17
244 30 10 41 34 3 8 15 17
245 15 9 26 30 7 10 18 15
246 5 14 58 24 9 10 21 15
247 9 15 18 80 0 7 15 12
248 15 3 53 21 0 6 10 13
249 32 4 163 31 11 9 18 17
250 10 14 52 28 0 8 14 12
251 19 6 168 70 5 9 12 17
252 13 17 33 22 0 5 10 14
253 21 1 14 34 5 8 12 17
254 20 0 196 63 0 5 10 14
255 13 15 6 25 2 13 16 16
256 29 16 27 25 22 7 35 12
257 35 12 20 92 2 13 15 17
258 20 7 144 27 1 9 15 14
259 12 10 139 37 15 11 27 14
260 27 13 44 22 0 8 7 12
261 5 12 65 90 9 10 21 15
262 21 9 153 22 9 8 20 17
263 4 15 2 22 5 13 13 17
264 31 12 55 20 1 8 16 17
265 32 12 35 30 0 5 14 14
266 10 12 41 28 5 9 13 17
267 26 4 133 29 18 9 29 14
268 27 7 144 35 2 9 15 17
269 29 13 185 21 7 10 22 16
270 0 13 55 47 9 8 21 17
271 31 7 33 21 13 6 28 11
272 11 6 18 49 6 6 21 9
273 19 15 20 35 10 9 20 16
274 11 14 0 27 19 6 32 9
275 1 0 18 32 4 11 13 17
276 19 14 57 114 5 11 19 14
277 5 11 62 41 3 12 15 17
278 15 9 47 45 3 12 14 17
279 16 17 26 21 8 4 19 9
280 13 13 26 33 10 10 24 15
281 5 7 11 21 13 4 26 9
282 5 13 184 54 22 4 33 8
283 11 10 39 21 21 5 35 9
284 3 5 171 25 9 8 21 17
285 7 14 148 26 16 13 28 17
286 20 8 40 46 17 1 32 5
287 23 14 9 20 11 11 18 14
288 32 7 57 23 11 8 19 17
289 7 9 185 29 3 10 14 17
290 6 3 36 21 12 5 26 8
291 12 1 181 36 3 11 14 17
292 5 10 197 90 7 7 21 11
293 30 10 180 21 6 3 20 7
294 0 5 188 54 0 8 10 12
295 10 0 173 36 8 11 21 15
296 18 17 25 30 12 7 25 10
297 5 15 53 78 2 9 16 17
298 15 14 13 31 4 13 14 16
299 30 5 144 44 9 11 21 14
300 7 5 60 24 8 9 22 17
301 27 15 10 33 11 1 25 6
302 15 17 26 21 0 8 10 12
303 19 6 57 38 7 7 22 12
304 12 10 3 22 8 10 22 15
305 11 17 144 55 5 11 20 16
306 23 4 184 21 10 8 19 17
307 11 0 147 42 0 0 13 5
308 0 0 54 36 2 13 15 17
309 14 16 59 23 0 7 12 13
310 8 7 24 28 11 10 23 13
311 8 4 63 24 14 8 28 12
312 22 8 200 77 6 12 17 17
313 33 9 29 21 0 7 12 13
314 12 14 54 22 10 9 19 17
315 34 3 193 27 14 3 25 6
316 14 7 23 37 0 5 7 14
317 34 8 136 31 7 1 19 6
318 0 7 166 63 5 5 16 9
319 12 13 51 92 10 10 20 16
320 9 15 14 21 16 3 31 6
321 12 1 64 220 0 8 8 12
322 16 15 28 35 4 12 17 15
323 9 14 7 39 8 9 22 17
324 12 14 52 30 9 11 21 14
325 1 15 0 29 0 8 9 11
326 20 13 159 22 23 10 35 15
327 15 11 10 21 7 6 18 11
328 18 6 15 24 0 8 12 12
329 13 0 9 24 12 10 23 14
330 13 10 58 33 8 9 22 17
331 5 13 26 32 0 6 14 14
332 12 9 198 23 8 7 21 12
333 14 10 179 28 0 5 14 14
334 13 14 142 31 12 11 26 16
335 17 14 33 56 8 10 22 16
336 24 16 160 116 3 9 18 14
337 20 1 20 20 16 12 29 16
338 13 14 136 23 0 8 8 11
339 4 15 3 21 7 8 22 13
340 33 10 34 25 1 3 14 8
341 8 6 30 23 14 9 26 13
342 24 2 66 37 8 8 22 17
343 10 12 41 20 3 9 15 17
344 12 10 38 32 0 8 7 12
345 13 13 35 28 5 11 13 17
346 4 17 42 22 9 11 21 15
347 19 12 13 20 14 7 27 11
348 14 16 3 29 0 5 12 10
349 23 0 9 34 18 10 33 15
350 4 1 171 23 6 11 17 15
351 0 6 10 32 17 11 32 15
352 18 17 139 150 0 7 13 13
353 15 13 30 20 9 10 20 15
354 15 11 136 115 0 7 14 13
355 0 12 43 35 0 9 13 14
356 7 6 58 32 0 6 9 13
357 23 1 139 21 9 9 20 17
358 14 17 141 47 1 7 16 11
359 18 10 26 22 9 11 20 15
360 15 13 63 59 1 11 16 15
361 26 15 32 39 2 12 15 17
362 4 16 25 84 19 6 33 11
363 15 8 156 27 0 7 10 13
364 4 11 147 25 4 14 15 17
365 25 1 65 69 10 8 19 17
366 7 10 25 28 12 9 25 14
367 24 4 166 21 5 10 13 17
368 20 16 29 31 5 6 17 9
369 0 13 187 26 2 11 16 17
370 35 12 190 28 0 6 7 14
371 34 14 24 21 19 4 31 7
372 28 8 2 85 10 9 20 16
373 13 9 33 79 2 12 15 17
374 17 10 31 25 7 12 18 17
375 25 4 26 27 5 11 17 14
376 32 17 9 67 0 7 13 13
377 6 17 184 32 1 12 16 17
378 7 17 178 31 11 11 18 14
379 35 16 153 91 0 7 11 13
380 11 14 29 38 3 4 16 8
381 1 8 14 38 14 2 29 7
382 4 1 52 23 2 9 16 17
383 14 5 43 34 17 8 28 13
384 14 15 3 30 10 10 19 16
385 13 12 180 24 5 12 13 17
386 10 17 46 22 8 11 21 14
387 31 13 193 26 23 6 34 10
388 16 9 30 22 6 9 17 14
389 0 5 50 31 3 10 14 17
390 13 11 32 29 0 5 14 14
391 15 9 7 44 0 7 7 13
392 15 10 163 20 16 9 28 14
393 14 15 23 26 5 12 12 17
394 10 11 150 26 0 6 12 14
395 3 10 193 67 9 10 20 15
396 31 3 15 27 0 7 11 12
397 10 15 39 41 5 9 13 17
398 25 10 163 23 10 9 19 17
399 11 17 60 41 6 0 21 3
400 6 16 60 28 4 12 13 17
401 22 16 161 38 2 13 16 16
402 10 11 54 31 9 11 21 14
403 0 8 182 20 4 9 13 17
404 18 8 31 27 0 9 11 12
405 35 5 150 31 8 11 22 14
406 27 14 47 30 3 1 17 4
407 10 14 13 27 18 1 30 5
408 4 16 184 24 9 3 23 8
409 2 8 49 23 0 6 11 13
410 2 8 35 33 4 13 14 17
411 26 10 174 174 8 2 22 5
412 14 1 16 25 0 5 11 14
413 8 13 50 41 9 11 20 14
414 19 16 194 22 12 5 23 8
415 23 11 148 24 0 7 14 12
416 11 11 155 39 9 11 22 16
417 21 5 3 27 0 8 15 11
418 17 8 50 42 0 1 15 5
419 15 12 53 24 4 0 19 5
420 31 14 164 26 9 10 21 15
