40 25 600 260
0 0 32 0
1 0 148 1
2 0 61 2
3 0 184 3
4 0 135 4
5 0 141 5
6 0 71 6
7 0 116 7
8 0 93 8
9 0 80 9
10 0 33 0
11 0 195 1
12 0 146 2
13 0 36 3
14 0 126 4
15 0 150 5
16 0 155 6
17 0 33 7
18 0 140 8
19 0 1 9
20 0 65 0
21 0 167 1
22 0 105 2
23 0 86 3
24 0 124 4
25 0 150 5
26 0 177 6
27 0 190 7
28 0 70 8
29 0 139 9
30 0 176 0
31 0 135 1
32 0 191 2
33 0 141 3
34 0 135 4
35 0 38 5
36 0 91 6
37 0 102 7
38 0 43 8
39 0 1 9
0 1 173 2
1 1 199 3
2 1 34 4
3 1 150 5
4 1 193 6
5 1 161 7
6 1 64 8
7 1 153 9
8 1 187 0
9 1 53 1
10 1 102 2
11 1 174 3
12 1 78 4
13 1 1 5
14 1 113 6
15 1 129 7
16 1 76 8
17 1 133 9
18 1 129 0
19 1 1 1
20 1 127 2
21 1 140 3
22 1 147 4
23 1 195 5
24 1 172 6
25 1 134 7
26 1 80 8
27 1 78 9
28 1 157 0
29 1 162 1
30 1 178 2
31 1 1 3
32 1 115 4
33 1 77 5
34 1 145 6
35 1 107 7
36 1 112 8
37 1 63 9
38 1 91 0
39 1 71 1
0 2 71 4
1 2 1 5
2 2 108 6
3 2 87 7
4 2 171 8
5 2 134 9
6 2 107 0
7 2 83 1
8 2 128 2
9 2 31 3
10 2 93 4
11 2 48 5
12 2 199 6
13 2 67 7
14 2 82 8
15 2 111 9
16 2 143 0
17 2 60 1
18 2 138 2
19 2 94 3
20 2 134 4
21 2 119 5
22 2 120 6
23 2 58 7
24 2 163 8
25 2 89 9
26 2 112 0
27 2 86 1
28 2 189 2
29 2 35 3
30 2 141 4
31 2 1 5
32 2 178 6
33 2 105 7
34 2 96 8
35 2 35 9
36 2 156 0
37 2 33 1
38 2 106 2
39 2 153 3
0 3 111 6
1 3 1 7
2 3 124 8
3 3 178 9
4 3 192 0
5 3 166 1
6 3 199 2
7 3 1 3
8 3 106 4
9 3 41 5
10 3 64 6
11 3 163 7
12 3 123 8
13 3 156 9
14 3 94 0
15 3 86 1
16 3 194 2
17 3 37 3
18 3 97 4
19 3 128 5
20 3 201 6
21 3 90 7
22 3 133 8
23 3 163 9
24 3 61 0
25 3 214 1
26 3 98 2
27 3 92 3
28 3 178 4
29 3 149 5
30 3 154 6
31 3 1 7
32 3 199 8
33 3 64 9
34 3 131 0
35 3 93 1
36 3 81 2
37 3 194 3
38 3 72 4
39 3 135 5
0 4 150 8
1 4 196 9
2 4 78 0
3 4 156 1
4 4 111 2
5 4 186 3
6 4 1 4
7 4 165 5
8 4 97 6
9 4 1 7
10 4 85 8
11 4 99 9
12 4 95 0
13 4 41 1
14 4 62 2
15 4 72 3
16 4 192 4
17 4 134 5
18 4 75 6
19 4 212 7
20 4 54 8
21 4 243 9
22 4 1 0
23 4 143 1
24 4 89 2
25 4 49 3
26 4 115 4
27 4 39 5
28 4 1 6
29 4 189 7
30 4 192 8
31 4 159 9
32 4 77 0
33 4 1 1
34 4 183 2
35 4 62 3
36 4 37 4
37 4 66 5
38 4 161 6
39 4 199 7
0 5 48 0
1 5 178 1
2 5 30 2
3 5 107 3
4 5 75 4
5 5 149 5
6 5 72 6
7 5 94 7
8 5 1 8
9 5 99 9
10 5 148 0
11 5 86 1
12 5 184 2
13 5 54 3
14 5 173 4
15 5 153 5
16 5 121 6
17 5 184 7
18 5 60 8
19 5 62 9
20 5 202 0
21 5 264 1
22 5 87 2
23 5 128 3
24 5 171 4
25 5 70 5
26 5 186 6
27 5 217 7
28 5 44 8
29 5 90 9
30 5 148 0
31 5 159 1
32 5 178 2
33 5 1 3
34 5 1 4
35 5 161 5
36 5 58 6
37 5 191 7
38 5 178 8
39 5 79 9
0 6 146 2
1 6 195 3
2 6 184 4
3 6 171 5
4 6 141 6
5 6 59 7
6 6 147 8
7 6 152 9
8 6 183 0
9 6 117 1
10 6 51 2
11 6 176 3
12 6 34 4
13 6 86 5
14 6 149 6
15 6 122 7
16 6 162 8
17 6 105 9
18 6 181 0
19 6 117 1
20 6 1 2
21 6 90 3
22 6 106 4
23 6 184 5
24 6 256 6
25 6 336 7
26 6 206 8
27 6 142 9
28 6 178 0
29 6 101 1
30 6 177 2
31 6 1 3
32 6 137 4
33 6 146 5
34 6 157 6
35 6 186 7
36 6 48 8
37 6 200 9
38 6 118 0
39 6 42 1
0 7 163 4
1 7 42 5
2 7 123 6
3 7 31 7
4 7 184 8
5 7 125 9
6 7 32 0
7 7 161 1
8 7 65 2
9 7 92 3
10 7 41 4
11 7 40 5
12 7 101 6
13 7 98 7
14 7 178 8
15 7 124 9
16 7 100 0
17 7 103 1
18 7 144 2
19 7 211 3
20 7 64 4
21 7 198 5
22 7 196 6
23 7 1 7
24 7 114 8
25 7 204 9
26 7 226 0
27 7 115 1
28 7 73 2
29 7 147 3
30 7 152 4
31 7 133 5
32 7 117 6
33 7 45 7
34 7 79 8
35 7 151 9
36 7 185 0
37 7 195 1
38 7 58 2
39 7 93 3
0 8 195 6
1 8 128 7
2 8 194 8
3 8 140 9
4 8 64 0
5 8 93 1
6 8 117 2
7 8 200 3
8 8 94 4
9 8 124 5
10 8 46 6
11 8 141 7
12 8 90 8
13 8 67 9
14 8 1 0
15 8 157 1
16 8 90 2
17 8 109 3
18 8 68 4
19 8 179 5
20 8 66 6
21 8 108 7
22 8 1 8
23 8 63 9
24 8 76 0
25 8 150 1
26 8 43 2
27 8 90 3
28 8 152 4
29 8 161 5
30 8 35 6
31 8 182 7
32 8 1 8
33 8 195 9
34 8 123 0
35 8 150 1
36 8 40 2
37 8 102 3
38 8 139 4
39 8 111 5
0 9 128 8
1 9 124 9
2 9 148 0
3 9 147 1
4 9 170 2
5 9 71 3
6 9 189 4
7 9 179 5
8 9 122 6
9 9 115 7
10 9 169 8
11 9 130 9
12 9 146 0
13 9 104 1
14 9 44 2
15 9 1 3
16 9 106 4
17 9 1 5
18 9 45 6
19 9 88 7
20 9 155 8
21 9 201 9
22 9 194 0
23 9 125 1
24 9 138 2
25 9 42 3
26 9 212 4
27 9 185 5
28 9 186 6
29 9 80 7
30 9 85 8
31 9 174 9
32 9 58 0
33 9 67 1
34 9 172 2
35 9 114 3
36 9 140 4
37 9 71 5
38 9 74 6
39 9 65 7
0 10 164 0
1 10 61 1
2 10 178 2
3 10 60 3
4 10 167 4
5 10 177 5
6 10 191 6
7 10 114 7
8 10 183 8
9 10 191 9
10 10 167 0
11 10 91 1
12 10 107 2
13 10 56 3
14 10 183 4
15 10 54 5
16 10 147 6
17 10 115 7
18 10 178 8
19 10 87 9
20 10 31 0
21 10 145 1
22 10 66 2
23 10 57 3
24 10 178 4
25 10 162 5
26 10 140 6
27 10 179 7
28 10 143 8
29 10 106 9
30 10 165 0
31 10 171 1
32 10 42 2
33 10 46 3
34 10 1 4
35 10 112 5
36 10 112 6
37 10 151 7
38 10 82 8
39 10 188 9
0 11 72 2
1 11 131 3
2 11 117 4
3 11 127 5
4 11 111 6
5 11 81 7
6 11 47 8
7 11 46 9
8 11 65 0
9 11 193 1
10 11 160 2
11 11 30 3
12 11 117 4
13 11 91 5
14 11 52 6
15 11 88 7
16 11 76 8
17 11 149 9
18 11 95 0
19 11 1 1
20 11 171 2
21 11 150 3
22 11 62 4
23 11 152 5
24 11 155 6
25 11 151 7
26 11 142 8
27 11 169 9
28 11 141 0
29 11 85 1
30 11 1 2
31 11 88 3
32 11 191 4
33 11 154 5
34 11 189 6
35 11 1 7
36 11 180 8
37 11 119 9
38 11 90 0
39 11 167 1
0 12 106 4
1 12 67 5
2 12 109 6
3 12 148 7
4 12 53 8
5 12 61 9
6 12 183 0
7 12 147 1
8 12 56 2
9 12 87 3
10 12 1 4
11 12 73 5
12 12 78 6
13 12 194 7
14 12 56 8
15 12 174 9
16 12 32 0
17 12 137 1
18 12 127 2
19 12 76 3
20 12 88 4
21 12 137 5
22 12 53 6
23 12 195 7
24 12 47 8
25 12 114 9
26 12 99 0
27 12 153 1
28 12 136 2
29 12 80 3
30 12 77 4
31 12 68 5
32 12 130 6
33 12 106 7
34 12 102 8
35 12 136 9
36 12 188 0
37 12 156 1
38 12 43 2
39 12 115 3
0 13 114 6
1 13 120 7
2 13 136 8
3 13 181 9
4 13 148 0
5 13 81 1
6 13 105 2
7 13 117 3
8 13 58 4
9 13 136 5
10 13 71 6
11 13 131 7
12 13 154 8
13 13 176 9
14 13 72 0
15 13 1 1
16 13 106 2
17 13 197 3
18 13 97 4
19 13 89 5
20 13 79 6
21 13 40 7
22 13 104 8
23 13 138 9
24 13 50 0
25 13 135 1
26 13 114 2
27 13 124 3
28 13 196 4
29 13 177 5
30 13 36 6
31 13 195 7
32 13 184 8
33 13 38 9
34 13 175 0
35 13 144 1
36 13 97 2
37 13 190 3
38 13 63 4
39 13 193 5
0 14 244 8
1 14 145 9
2 14 56 0
3 14 105 1
4 14 99 2
5 14 202 3
6 14 43 4
7 14 175 5
8 14 78 6
9 14 31 7
10 14 115 8
11 14 168 9
12 14 121 0
13 14 119 1
14 14 199 2
15 14 142 3
16 14 85 4
17 14 58 5
18 14 62 6
19 14 150 7
20 14 130 8
21 14 165 9
22 14 117 0
23 14 116 1
24 14 85 2
25 14 76 3
26 14 145 4
27 14 37 5
28 14 179 6
29 14 192 7
30 14 199 8
31 14 1 9
32 14 73 0
33 14 119 1
34 14 59 2
35 14 128 3
36 14 91 4
37 14 161 5
38 14 116 6
39 14 194 7
0 15 80 0
1 15 164 1
2 15 124 2
3 15 185 3
4 15 167 4
5 15 89 5
6 15 121 6
7 15 119 7
8 15 105 8
9 15 160 9
10 15 69 0
11 15 156 1
12 15 117 2
13 15 64 3
14 15 76 4
15 15 130 5
16 15 194 6
17 15 38 7
18 15 32 8
19 15 62 9
20 15 46 0
21 15 181 1
22 15 119 2
23 15 173 3
24 15 172 4
25 15 151 5
26 15 90 6
27 15 188 7
28 15 178 8
29 15 139 9
30 15 1 0
31 15 74 1
32 15 167 2
33 15 162 3
34 15 162 4
35 15 164 5
36 15 157 6
37 15 31 7
38 15 98 8
39 15 141 9
0 16 214 2
1 16 202 3
2 16 250 4
3 16 120 5
4 16 178 6
5 16 138 7
6 16 171 8
7 16 50 9
8 16 1 0
9 16 119 1
10 16 92 2
11 16 125 3
12 16 161 4
13 16 165 5
14 16 178 6
15 16 149 7
16 16 79 8
17 16 167 9
18 16 103 0
19 16 159 1
20 16 1 2
21 16 144 3
22 16 149 4
23 16 1 5
24 16 56 6
25 16 111 7
26 16 97 8
27 16 197 9
28 16 169 0
29 16 91 1
30 16 95 2
31 16 198 3
32 16 107 4
33 16 47 5
34 16 144 6
35 16 1 7
36 16 118 8
37 16 113 9
38 16 77 0
39 16 138 1
0 17 201 4
1 17 140 5
2 17 165 6
3 17 38 7
4 17 77 8
5 17 43 9
6 17 77 0
7 17 50 1
8 17 32 2
9 17 87 3
10 17 132 4
11 17 1 5
12 17 32 6
13 17 91 7
14 17 176 8
15 17 1 9
16 17 138 0
17 17 116 1
18 17 179 2
19 17 86 3
20 17 182 4
21 17 180 5
22 17 85 6
23 17 128 7
24 17 136 8
25 17 133 9
26 17 116 0
27 17 61 1
28 17 179 2
29 17 1 3
30 17 53 4
31 17 187 5
32 17 143 6
33 17 176 7
34 17 183 8
35 17 189 9
36 17 190 0
37 17 100 1
38 17 123 2
39 17 1 3
0 18 219 6
1 18 162 7
2 18 34 8
3 18 75 9
4 18 98 0
5 18 1 1
6 18 172 2
7 18 80 3
8 18 168 4
9 18 152 5
10 18 168 6
11 18 95 7
12 18 108 8
13 18 105 9
14 18 30 0
15 18 34 1
16 18 148 2
17 18 189 3
18 18 51 4
19 18 64 5
20 18 107 6
21 18 177 7
22 18 125 8
23 18 177 9
24 18 142 0
25 18 1 1
26 18 200 2
27 18 1 3
28 18 85 4
29 18 101 5
30 18 57 6
31 18 34 7
32 18 84 8
33 18 89 9
34 18 67 0
35 18 151 1
36 18 71 2
37 18 1 3
38 18 132 4
39 18 177 5
0 19 114 8
1 19 71 9
2 19 69 0
3 19 110 1
4 19 43 2
5 19 56 3
6 19 192 4
7 19 145 5
8 19 141 6
9 19 45 7
10 19 165 8
11 19 75 9
12 19 149 0
13 19 39 1
14 19 89 2
15 19 113 3
16 19 1 4
17 19 32 5
18 19 184 6
19 19 36 7
20 19 82 8
21 19 34 9
22 19 87 0
23 19 120 1
24 19 124 2
25 19 34 3
26 19 94 4
27 19 34 5
28 19 169 6
29 19 67 7
30 19 129 8
31 19 191 9
32 19 75 0
33 19 132 1
34 19 110 2
35 19 90 3
36 19 184 4
37 19 91 5
38 19 109 6
39 19 37 7
0 20 87 0
1 20 142 1
2 20 168 2
3 20 137 3
4 20 188 4
5 20 178 5
6 20 182 6
7 20 118 7
8 20 124 8
9 20 112 9
10 20 164 0
11 20 88 1
12 20 77 2
13 20 85 3
14 20 110 4
15 20 108 5
16 20 182 6
17 20 102 7
18 20 67 8
19 20 183 9
20 20 169 0
21 20 118 1
22 20 63 2
23 20 100 3
24 20 65 4
25 20 33 5
26 20 1 6
27 20 59 7
28 20 58 8
29 20 51 9
30 20 42 0
31 20 100 1
32 20 166 2
33 20 73 3
34 20 84 4
35 20 160 5
36 20 149 6
37 20 138 7
38 20 169 8
39 20 161 9
0 21 125 2
1 21 186 3
2 21 62 4
3 21 45 5
4 21 51 6
5 21 173 7
6 21 62 8
7 21 41 9
8 21 98 0
9 21 184 1
10 21 174 2
11 21 113 3
12 21 84 4
13 21 122 5
14 21 81 6
15 21 33 7
16 21 194 8
17 21 70 9
18 21 111 0
19 21 160 1
20 21 70 2
21 21 117 3
22 21 130 4
23 21 107 5
24 21 74 6
25 21 175 7
26 21 184 8
27 21 33 9
28 21 62 0
29 21 31 1
30 21 198 2
31 21 113 3
32 21 185 4
33 21 142 5
34 21 160 6
35 21 1 7
36 21 125 8
37 21 65 9
38 21 191 0
39 21 1 1
0 22 177 4
1 22 173 5
2 22 54 6
3 22 137 7
4 22 183 8
5 22 1 9
6 22 36 0
7 22 35 1
8 22 139 2
9 22 171 3
10 22 110 4
11 22 143 5
12 22 136 6
13 22 74 7
14 22 197 8
15 22 142 9
16 22 192 0
17 22 136 1
18 22 170 2
19 22 72 3
20 22 46 4
21 22 58 5
22 22 133 6
23 22 86 7
24 22 131 8
25 22 195 9
26 22 108 0
27 22 102 1
28 22 145 2
29 22 66 3
30 22 191 4
31 22 80 5
32 22 44 6
33 22 148 7
34 22 168 8
35 22 141 9
36 22 195 0
37 22 114 1
38 22 98 2
39 22 133 3
0 23 68 6
1 23 40 7
2 23 58 8
3 23 42 9
4 23 1 0
5 23 159 1
6 23 104 2
7 23 146 3
8 23 98 4
9 23 107 5
10 23 53 6
11 23 64 7
12 23 55 8
13 23 67 9
14 23 170 0
15 23 93 1
16 23 85 2
17 23 199 3
18 23 43 4
19 23 43 5
20 23 126 6
21 23 86 7
22 23 167 8
23 23 189 9
24 23 46 0
25 23 179 1
26 23 159 2
27 23 128 3
28 23 88 4
29 23 46 5
30 23 1 6
31 23 1 7
32 23 98 8
33 23 86 9
34 23 119 0
35 23 37 1
36 23 122 2
37 23 83 3
38 23 84 4
39 23 141 5
0 24 102 8
1 24 85 9
2 24 102 0
3 24 187 1
4 24 137 2
5 24 1 3
6 24 115 4
7 24 1 5
8 24 75 6
9 24 71 7
10 24 35 8
11 24 58 9
12 24 1 0
13 24 40 1
14 24 112 2
15 24 63 3
16 24 93 4
17 24 38 5
18 24 130 6
19 24 153 7
20 24 133 8
21 24 166 9
22 24 122 0
23 24 74 1
24 24 147 2
25 24 104 3
26 24 92 4
27 24 37 5
28 24 84 6
29 24 117 7
30 24 114 8
31 24 46 9
32 24 51 0
33 24 194 1
34 24 105 2
35 24 159 3
36 24 158 4
37 24 59 5
38 24 180 6
39 24 163 7
1 24 12 166 117 22 4 27 7
2 28 7 21 27 21 12 26 23
3 37 20 5 27 0 7 7 17
4 16 0 0 21 17 0 24 11
5 14 2 64 30 0 13 7 21
6 0 17 70 51 13 1 28 9
7 30 5 43 96 0 14 9 18
8 22 20 1 49 16 8 23 16
9 28 8 6 91 20 1 29 10
10 3 20 23 20 7 0 14 10
11 7 10 183 47 18 2 23 8
12 3 2 64 68 0 14 11 18
13 0 19 154 26 13 2 28 8
14 3 15 177 23 21 3 29 9
15 0 15 69 38 15 0 27 11
16 22 2 168 25 3 1 10 12
17 15 0 192 25 13 3 28 7
18 22 20 225 45 19 3 31 9
19 22 0 17 46 15 0 27 10
20 20 2 66 21 20 3 30 9
21 26 11 10 24 0 14 14 17
22 11 17 222 40 14 3 28 6
23 17 8 62 85 3 1 10 8
24 20 6 224 88 19 1 31 10
25 8 6 221 27 12 0 17 11
26 12 17 173 37 21 1 29 10
27 38 3 27 27 3 1 8 8
28 15 7 178 58 14 3 28 7
29 34 18 210 42 14 3 27 6
30 22 8 208 28 20 2 30 10
31 2 11 2 41 0 12 10 19
32 27 2 162 26 19 8 25 19
33 5 14 68 32 28 14 33 22
34 28 12 192 22 0 11 10 21
35 0 7 21 44 10 13 17 24
36 21 1 155 36 31 14 36 24
37 16 15 48 29 0 11 13 21
38 24 9 49 33 0 10 7 21
39 22 0 61 55 18 0 31 11
40 28 1 190 29 15 1 26 8
41 25 8 202 136 18 1 24 9
42 34 21 187 45 16 0 25 10
43 35 14 37 26 0 14 9 17
44 0 15 4 22 14 3 28 7
45 31 11 230 24 15 11 21 20
46 19 15 38 31 18 2 31 10
47 24 5 38 27 15 0 26 11
48 35 2 8 24 18 0 24 9
49 39 3 22 26 14 0 27 10
50 4 2 196 87 20 3 30 8
51 28 17 187 40 0 14 11 18
52 33 23 158 24 18 5 23 15
53 31 11 56 24 19 10 26 21
54 16 0 17 25 18 3 23 6
55 2 10 31 34 14 1 28 9
56 0 18 196 39 0 11 8 20
57 23 0 51 25 21 0 29 11
58 16 2 10 51 17 3 32 8
59 31 2 174 34 0 14 14 17
60 33 22 38 25 33 9 38 20
61 16 8 43 63 0 14 15 18
62 16 1 49 75 31 13 39 21
63 27 1 201 23 0 11 11 21
64 0 20 223 24 22 1 28 11
65 28 2 36 57 17 2 25 7
66 30 23 37 38 17 6 23 13
67 4 12 193 30 0 12 14 19
68 36 3 16 31 4 6 10 14
69 31 2 56 23 10 7 17 17
70 20 11 38 25 0 11 11 21
71 23 1 2 37 0 12 8 19
72 8 18 63 22 0 13 8 19
73 0 18 39 54 22 1 28 10
74 0 22 211 20 3 15 8 24
75 23 6 29 27 0 10 6 21
76 6 16 168 21 21 9 26 17
77 38 20 74 80 18 1 31 10
78 3 18 52 20 14 3 28 6
79 31 0 38 57 10 1 15 8
80 25 11 14 103 10 6 18 16
81 25 3 6 21 6 14 13 23
82 24 6 11 65 15 0 26 9
83 8 10 156 24 21 3 28 9
84 3 15 157 101 20 8 26 16
85 30 11 50 75 21 3 29 9
86 15 8 39 83 18 0 24 9
87 24 15 32 36 18 14 23 23
88 20 4 44 78 0 13 15 18
89 4 23 21 35 17 1 32 10
90 32 7 180 30 1 10 8 21
91 38 11 36 25 21 4 29 13
92 5 20 29 22 0 12 15 19
93 3 20 72 142 26 4 34 14
94 23 5 10 53 28 8 36 15
95 28 4 48 28 15 2 26 8
96 3 20 50 25 0 11 9 20
97 5 13 51 83 0 13 14 19
98 25 1 54 80 0 11 9 21
99 7 12 29 56 20 11 25 20
100 21 10 206 23 24 7 30 15
101 0 15 76 55 18 4 32 7
102 30 5 48 84 18 6 24 13
103 17 1 32 25 18 1 23 8
104 22 9 197 53 24 5 29 14
105 21 7 72 73 4 14 10 21
106 0 12 8 26 20 4 26 14
107 3 15 64 33 2 8 8 15
108 4 11 26 20 13 1 28 8
109 26 17 67 71 18 0 23 11
110 2 18 18 44 17 2 25 8
111 5 16 7 20 19 4 24 14
112 23 2 22 195 28 11 36 18
113 4 15 52 116 31 5 36 14
114 20 5 192 30 0 11 8 21
115 8 8 178 33 20 0 30 11
116 15 5 29 22 0 14 8 17
117 22 1 40 26 22 0 27 11
118 26 7 165 23 14 0 28 9
119 27 4 24 79 13 3 28 7
120 0 16 48 25 34 10 39 19
121 25 11 164 25 30 4 37 13
122 14 3 9 28 0 13 13 19
123 13 0 46 31 0 13 6 18
124 25 0 36 40 28 12 33 21
125 20 1 166 23 17 8 22 17
126 0 18 33 28 28 13 35 24
127 0 21 66 23 11 9 17 18
128 22 10 19 21 11 3 17 13
129 35 23 2 262 0 12 10 19
130 0 15 199 51 31 9 38 18
131 25 11 20 23 0 12 5 20
132 22 3 8 55 18 2 24 7
133 1 4 162 267 0 12 14 20
134 25 7 41 31 20 1 30 10
135 3 17 225 28 6 1 12 9
136 16 12 16 97 15 0 26 10
137 26 2 21 30 18 0 24 9
138 19 10 30 36 0 14 15 18
139 13 5 9 41 18 3 23 7
140 13 5 28 39 20 1 29 11
141 16 9 35 52 0 14 10 17
142 1 13 204 46 7 0 13 10
143 0 15 53 39 0 12 9 19
144 38 24 1 20 7 12 13 20
145 27 19 21 111 20 4 29 8
146 24 6 62 21 17 0 24 11
147 0 12 67 193 15 2 27 8
148 20 7 75 27 0 10 7 21
149 19 8 3 41 21 1 28 11
150 16 0 52 25 15 11 21 22
151 18 5 53 42 0 12 8 19
152 26 21 24 66 15 5 22 15
153 31 10 177 20 25 0 30 10
154 22 1 64 26 15 5 23 16
155 26 1 56 27 22 10 29 20
156 31 11 21 45 4 11 9 18
157 0 10 4 300 0 1 7 10
158 6 15 17 55 9 4 16 11
159 26 23 2 22 28 7 35 15
160 24 11 163 31 31 0 38 10
161 13 10 217 20 5 17 12 24
162 28 4 175 26 30 6 37 15
163 0 20 27 34 32 3 38 11
164 35 15 65 56 0 14 6 18
165 2 21 19 31 12 10 17 17
166 29 1 173 23 16 2 25 8
167 19 10 5 39 2 12 10 22
168 26 6 46 59 20 0 30 11
169 38 3 30 30 18 0 23 10
170 21 6 34 26 29 14 37 22
171 11 21 190 85 0 11 15 21
172 36 15 221 61 16 1 24 8
173 0 10 31 49 29 6 35 17
174 8 11 0 43 14 3 27 7
175 33 3 36 88 0 11 5 20
176 6 22 61 23 22 0 28 11
177 22 2 11 26 17 0 25 10
178 29 0 59 31 1 7 9 15
179 21 4 28 300 16 2 26 7
180 37 4 180 49 0 12 6 19
181 0 11 38 26 22 1 28 10
182 22 3 52 81 5 10 13 20
183 15 9 42 39 19 10 26 18
184 30 17 210 39 10 13 17 22
185 0 11 227 174 13 0 28 9
186 6 1 4 58 3 9 11 20
187 26 17 50 37 15 1 26 8
188 1 15 169 37 16 1 26 8
189 0 20 7 26 15 11 21 18
190 26 10 74 25 0 12 5 19
191 19 21 229 38 17 0 24 10
192 30 18 58 81 16 0 26 10
193 3 5 71 29 3 3 8 13
194 26 8 41 21 19 15 27 23
195 21 6 182 24 18 0 23 10
196 0 11 35 31 4 3 12 10
197 29 1 42 22 0 12 14 19
198 39 14 154 20 18 1 32 10
199 0 19 209 21 18 0 24 10
200 8 15 15 21 14 3 28 6
201 17 0 183 39 19 6 24 15
202 26 2 181 22 15 1 27 8
203 20 18 74 25 18 4 32 7
204 37 13 37 80 14 13 19 24
205 20 4 1 32 16 1 25 9
206 22 0 58 24 5 13 11 24
207 29 3 226 48 14 3 28 6
208 15 6 0 33 14 1 27 9
209 31 5 7 23 18 3 32 8
210 31 3 53 30 21 4 29 7
211 2 21 54 21 13 2 28 8
212 24 8 199 51 0 8 6 17
213 24 7 193 26 19 4 31 8
214 36 10 210 59 0 11 10 21
215 28 17 71 57 16 2 25 7
216 20 9 14 69 18 3 32 9
217 20 1 40 26 17 1 32 10
218 20 0 17 61 20 8 26 17
219 0 16 17 68 22 3 27 8
220 39 2 25 289 11 1 18 8
221 15 16 227 26 0 10 15 21
222 6 17 164 42 16 0 25 9
223 26 9 178 300 19 2 25 9
224 3 12 70 41 8 9 13 17
225 23 8 49 27 0 11 10 21
226 10 6 194 25 6 1 14 9
227 0 14 58 174 30 0 37 10
228 38 15 4 37 0 13 5 19
229 19 0 223 40 20 0 29 11
230 9 1 58 68 18 1 24 8
231 38 4 71 22 15 1 27 8
232 30 4 162 37 0 11 13 20
233 2 15 52 24 14 2 28 7
234 27 12 185 30 0 12 13 19
235 3 2 55 27 19 3 31 9
236 14 6 36 45 27 7 32 18
237 21 0 167 25 0 12 5 23
238 20 2 68 75 17 3 32 8
239 28 7 218 80 20 7 26 18
240 16 2 33 110 22 0 27 11
241 30 9 222 37 13 11 18 19
242 38 0 51 300 18 1 31 11
243 17 10 209 45 33 2 38 12
244 37 4 67 21 20 1 29 11
245 0 12 49 52 0 10 7 21
246 0 10 37 33 20 16 28 23
247 8 21 57 22 0 10 8 21
248 23 13 39 28 21 1 29 10
249 18 1 15 42 15 3 27 7
250 26 7 71 58 14 5 21 16
251 22 0 6 29 14 2 28 8
252 31 10 217 94 19 4 31 7
253 25 0 51 91 22 3 28 8
254 4 17 68 58 0 10 11 21
255 0 14 6 30 28 2 33 9
256 11 1 75 118 10 0 17 9
257 17 7 61 26 0 13 8 19
258 24 2 193 97 19 4 31 8
259 25 3 68 70 19 1 30 10
260 23 2 30 62 20 1 30 11
261 3 22 70 23 0 11 12 20
262 9 13 36 20 28 13 34 24
263 20 12 26 62 1 3 9 14
264 16 5 32 55 8 1 14 11
265 25 10 6 21 6 4 12 15
266 0 16 40 32 29 2 34 13
267 21 15 43 39 30 8 36 19
268 0 14 165 55 0 13 5 19
269 19 4 51 27 18 9 23 18
270 28 12 155 21 17 1 24 8
271 21 10 211 21 31 0 39 7
272 17 17 73 22 3 5 8 12
273 16 21 12 59 26 5 34 12
274 0 12 215 23 21 5 29 13
275 0 19 39 28 22 4 27 7
276 0 13 6 36 14 0 28 10
277 24 15 34 38 17 3 32 9
278 30 7 42 34 0 11 11 21
279 26 9 205 28 0 10 8 21
280 19 6 190 38 21 2 28 10
281 12 7 9 117 7 8 13 17
282 0 15 17 21 15 0 26 11
283 23 2 45 20 0 13 9 19
284 26 10 58 23 21 3 29 8
285 9 2 2 46 19 0 31 11
286 23 3 74 94 13 3 28 6
287 23 3 5 24 0 12 5 20
288 9 19 38 35 0 12 14 19
289 29 6 36 31 18 2 32 10
290 26 13 176 62 0 11 14 21
291 25 23 36 30 22 3 28 8
292 3 16 164 20 31 8 38 19
293 0 22 67 27 4 3 12 10
294 0 12 75 63 29 6 35 15
295 35 5 27 54 10 0 16 9
296 21 8 6 28 0 13 15 19
297 17 1 192 36 22 1 27 10
298 23 0 192 22 20 1 30 10
299 23 3 61 42 20 1 30 10
300 18 6 221 20 10 8 15 18
301 0 12 36 25 12 1 17 11
302 1 16 20 26 14 2 22 12
303 25 7 37 28 0 14 10 17
304 38 7 62 54 18 3 32 8
305 21 5 14 31 21 1 29 11
306 8 18 33 225 24 6 30 17
307 7 17 13 24 17 9 25 20
308 22 1 50 34 14 1 27 9
309 0 12 0 24 18 0 31 11
310 16 3 70 32 20 0 27 9
311 0 17 229 40 32 9 39 18
312 3 21 50 28 0 13 11 19
313 19 9 56 38 17 0 25 10
314 16 3 72 23 31 2 38 13
315 23 3 179 40 15 2 26 8
316 24 5 32 20 15 0 26 10
317 24 2 68 32 24 5 31 14
318 3 13 52 29 31 4 38 11
319 22 7 219 51 30 13 37 22
320 4 10 41 22 27 2 34 13
321 5 18 15 21 24 1 29 10
322 13 19 66 23 25 0 32 8
323 16 7 41 22 1 15 6 22
324 38 20 17 36 18 10 24 21
325 0 20 32 125 24 2 32 11
326 1 12 181 21 0 14 14 18
327 6 14 19 91 34 16 39 24
328 22 5 76 110 0 13 7 19
329 0 16 38 200 15 0 27 9
330 20 3 36 25 15 3 27 7
331 23 19 35 25 0 14 14 17
332 36 19 218 300 13 5 21 13
333 15 11 22 197 18 0 24 10
334 26 4 58 48 17 1 32 10
335 23 5 40 26 22 1 28 11
336 22 22 21 33 14 0 27 10
337 23 8 27 103 17 3 32 8
338 28 6 5 24 15 5 22 13
339 11 2 58 92 23 9 31 18
340 1 11 60 65 16 1 26 8
341 0 12 179 300 20 3 30 8
342 24 1 158 27 15 3 27 6
343 22 0 35 30 0 14 13 18
344 5 22 17 34 21 0 28 11
345 5 10 22 20 17 2 25 8
346 20 11 1 36 26 10 33 20
347 25 11 66 24 1 12 9 23
348 24 1 56 23 13 7 21 17
349 24 0 155 26 29 8 34 16
350 0 24 22 300 17 1 24 9
351 4 21 35 22 14 9 22 18
352 12 14 9 78 15 2 26 8
353 3 21 51 23 22 5 29 12
354 1 10 17 39 0 14 7 17
355 3 15 16 98 6 8 11 19
356 0 10 31 21 15 2 27 7
357 31 18 9 136 34 12 39 23
358 1 19 18 77 15 0 26 10
359 16 14 9 23 2 13 10 22
360 2 22 66 56 17 0 25 11
361 9 8 59 71 25 8 31 18
362 21 5 42 26 23 12 31 20
363 18 9 9 32 15 5 20 15
364 0 13 10 21 17 3 25 7
365 7 0 67 97 19 2 31 9
366 0 14 7 23 11 16 19 24
367 25 12 224 22 1 4 6 12
368 23 13 46 33 20 9 28 20
369 0 20 10 23 22 15 27 22
370 29 4 8 28 0 12 12 20
371 5 22 166 31 15 1 21 12
372 6 10 30 46 13 2 28 8
373 1 10 36 26 0 10 5 21
374 21 12 10 34 21 3 27 10
375 0 20 46 25 0 14 6 18
376 0 11 73 20 0 12 8 23
377 26 5 226 153 28 1 35 9
378 0 22 50 99 4 3 9 14
379 0 13 47 24 14 1 22 12
380 6 12 68 33 0 10 14 21
381 23 5 188 126 24 4 29 11
382 4 10 223 25 13 2 28 8
383 7 23 68 27 11 14 17 22
384 0 19 70 20 0 12 7 20
385 26 4 69 50 16 2 26 8
386 28 10 13 40 0 11 13 21
387 8 11 61 155 28 1 34 10
388 5 14 53 32 0 12 5 19
389 0 12 59 25 20 3 29 8
390 25 6 28 21 32 12 37 23
391 21 6 39 25 24 3 31 11
392 36 21 197 29 0 14 10 17
393 26 8 192 27 17 1 25 8
394 23 1 8 34 0 8 5 16
395 0 20 56 22 17 15 22 22
396 2 22 25 21 0 14 15 17
397 22 6 51 25 21 3 28 8
398 37 24 18 37 0 17 8 24
399 19 0 17 35 17 3 24 7
400 21 3 35 20 22 2 28 10
401 28 3 40 125 33 10 38 19
402 19 16 76 47 0 10 11 21
403 1 21 18 163 9 4 15 11
404 15 3 47 24 21 2 27 10
405 23 7 212 28 7 12 14 22
406 25 1 75 27 0 12 6 20
407 26 10 21 81 27 7 32 16
408 4 12 50 79 22 1 28 10
409 22 1 217 43 26 5 33 12
410 29 9 157 33 14 1 28 8
411 27 6 66 26 19 9 27 17
412 25 3 20 90 16 2 24 12
413 19 12 21 29 0 12 13 19
414 20 10 177 27 17 3 24 6
415 22 9 71 21 0 12 12 19
416 19 24 53 21 4 8 9 19
417 34 3 194 71 14 0 27 9
418 29 18 21 86 0 14 6 17
419 0 14 219 21 0 14 8 18
420 0 20 198 42 19 2 30 10
421 6 10 55 33 22 4 28 8
422 25 0 204 50 21 16 27 24
423 18 6 69 30 21 4 29 7
424 0 20 186 172 21 1 28 11
425 22 8 12 36 16 2 26 7
426 20 7 16 23 13 9 21 16
427 3 15 179 52 0 10 5 21
428 35 21 19 41 0 14 7 17
429 27 16 27 22 16 1 21 12
430 0 13 14 33 0 12 10 19
431 0 18 193 27 5 4 12 15
432 22 10 200 39 5 3 11 14
433 29 0 67 29 18 0 24 10
434 17 22 171 23 14 2 28 8
435 18 12 217 214 32 8 37 18
436 0 24 13 33 17 4 23 14
437 5 11 14 48 17 3 32 8
438 29 5 60 35 0 14 6 17
439 21 24 189 28 0 12 15 19
440 19 11 21 33 25 5 30 14
441 26 0 229 23 20 2 30 9
442 4 14 34 29 14 0 27 11
443 30 0 205 32 19 3 30 9
444 26 18 72 48 0 11 9 20
445 0 12 9 29 22 1 28 10
446 1 10 3 23 29 7 36 18
447 19 11 188 30 8 16 16 24
448 22 18 189 62 21 6 27 17
449 18 4 24 61 0 13 5 19
450 5 10 32 31 0 2 5 13
451 1 16 223 40 0 13 10 18
452 32 19 58 26 19 3 30 8
453 4 19 168 42 18 0 24 9
454 2 10 171 26 18 0 24 11
455 0 15 14 44 16 0 25 10
456 28 12 75 28 11 11 17 22
457 10 15 39 21 16 3 21 13
458 1 14 7 55 0 14 12 18
459 18 7 28 23 0 11 8 21
460 18 6 1 35 29 5 37 16
461 22 9 176 56 0 13 10 19
462 14 20 21 37 14 3 28 7
463 10 17 5 28 21 16 27 24
464 2 10 53 21 1 7 9 14
465 19 8 65 50 17 4 32 7
466 22 7 189 89 18 1 23 9
467 4 21 32 32 10 15 15 23
468 3 13 2 22 30 0 38 10
469 11 12 2 25 15 2 26 8
470 14 4 60 75 16 3 26 6
471 22 11 56 71 0 11 9 20
472 29 6 4 22 13 0 28 11
473 21 8 193 57 17 11 24 19
474 37 14 193 22 0 11 8 20
475 16 8 21 23 6 0 14 10
476 27 7 47 20 15 8 20 15
477 0 19 62 24 17 3 24 7
478 20 4 10 112 30 9 35 17
479 24 8 158 28 14 10 19 19
480 12 13 6 34 0 11 11 20
481 22 9 199 23 17 2 32 9
482 18 11 13 62 12 2 19 9
483 26 2 45 78 0 13 5 19
484 3 17 205 26 24 2 31 10
485 30 2 186 46 16 0 26 10
486 0 14 195 40 6 3 11 13
487 17 5 166 58 11 7 18 18
488 15 0 205 147 17 1 25 8
489 7 4 2 31 0 13 15 19
490 3 16 8 56 0 11 15 21
491 22 6 15 113 0 12 11 19
492 15 10 66 26 14 0 28 11
493 22 24 221 66 21 16 28 24
494 27 0 71 67 21 0 28 11
495 39 16 33 76 18 1 23 9
496 8 16 9 48 13 2 28 8
497 36 18 42 24 15 1 27 8
498 17 0 178 26 14 10 22 17
499 17 0 6 21 13 0 28 10
500 4 19 75 24 0 12 14 19
501 0 20 215 87 25 13 32 22
502 10 16 181 26 18 12 26 20
503 15 10 19 26 15 1 26 8
504 20 7 57 25 0 13 15 19
505 11 18 173 81 22 2 28 9
506 38 0 184 31 17 0 25 9
507 30 9 9 300 22 0 29 8
508 39 3 33 24 0 14 8 17
509 21 11 58 102 24 6 30 13
510 20 5 21 120 20 1 30 11
511 6 13 18 22 0 14 7 18
512 21 15 7 36 13 1 28 8
513 4 13 75 296 20 3 30 9
514 1 17 21 35 0 14 11 17
515 30 3 29 24 0 13 15 19
516 24 21 43 300 14 0 27 10
517 23 11 1 22 19 4 31 8
518 37 17 211 36 18 0 24 11
519 7 5 183 20 22 12 27 21
520 5 1 211 24 18 1 31 11
521 0 16 7 27 0 3 8 14
522 3 15 1 22 26 10 32 17
523 31 0 7 45 22 2 28 9
524 28 12 184 30 34 14 39 23
525 31 3 73 23 18 4 31 7
526 0 21 199 22 22 3 28 9
527 24 3 161 26 18 15 25 22
528 0 13 62 33 0 10 8 21
529 36 0 40 25 16 2 25 8
530 31 6 1 48 16 8 22 18
531 28 3 8 59 15 2 26 8
532 28 18 59 102 16 2 26 8
533 35 11 75 23 20 4 30 8
534 0 10 187 21 1 3 7 13
535 23 9 68 26 11 16 19 24
536 25 9 70 29 31 1 38 9
537 0 19 62 300 0 12 5 19
538 31 10 25 32 34 9 39 17
539 15 11 207 118 20 2 30 10
540 1 13 19 20 14 12 22 22
541 4 13 59 35 0 10 14 21
542 0 19 61 21 13 2 28 8
543 19 8 9 37 5 3 12 13
544 0 20 32 22 31 7 36 18
545 6 20 153 40 24 6 29 15
546 27 6 54 25 15 0 27 10
547 7 0 224 92 5 9 10 20
548 22 7 229 154 17 4 32 7
549 0 18 72 32 16 1 26 8
550 29 10 53 25 0 12 15 20
551 3 12 28 71 17 3 32 8
552 33 2 12 88 0 10 5 21
553 26 8 59 24 6 13 14 22
554 16 14 72 39 0 12 7 20
555 26 9 41 28 9 3 14 12
556 5 2 30 300 17 2 24 8
557 22 11 0 35 18 1 23 9
558 23 19 32 34 0 10 13 21
559 21 1 153 30 0 12 5 20
560 2 19 173 149 22 0 27 11
561 13 2 16 50 0 11 8 20
562 22 8 28 29 17 3 32 8
563 26 2 70 20 14 0 27 11
564 1 12 71 35 12 2 20 11
565 31 4 161 84 31 1 38 9
566 30 24 221 70 18 2 24 8
567 27 12 70 22 12 9 18 19
568 20 6 6 153 20 0 29 11
569 37 7 31 38 24 8 30 19
570 20 15 2 26 0 11 9 21
571 33 12 196 34 0 11 12 20
572 33 7 13 26 0 13 11 18
573 16 10 44 22 0 13 11 19
574 34 8 36 26 17 0 25 11
575 38 10 44 58 21 2 28 9
576 29 1 157 25 0 12 9 20
577 29 8 58 22 18 1 32 10
578 24 7 228 22 18 4 31 7
579 20 9 17 133 9 1 15 8
580 23 0 30 98 9 6 15 13
581 35 3 172 22 18 3 31 9
582 19 3 43 56 18 1 23 9
583 21 9 51 76 19 5 26 16
584 9 16 13 22 18 0 23 9
585 23 20 221 24 18 1 23 8
586 21 11 9 59 18 1 31 10
587 7 10 200 89 15 0 27 10
588 11 12 185 62 19 2 30 10
589 11 5 42 38 0 12 6 20
590 35 16 49 24 20 4 30 7
591 19 12 2 28 34 9 39 16
592 19 10 26 29 30 14 35 23
593 23 10 24 32 7 9 12 16
594 27 2 74 23 1 1 9 11
595 5 10 34 51 6 15 11 22
596 5 18 224 39 18 1 23 8
597 6 11 174 35 13 3 28 6
598 26 0 55 36 0 10 13 21
599 12 15 7 104 22 9 29 20
600 0 12 178 54 1 13 9 20
