34 30 700 280
0 0 73 3
1 0 31 1
2 0 157 1
3 0 163 0
4 0 97 1
5 0 189 4
6 0 35 3
7 0 122 7
8 0 156 8
9 0 35 0
10 0 66 7
11 0 108 8
12 0 172 3
13 0 184 7
14 0 49 2
15 0 119 9
16 0 182 1
17 0 53 3
18 0 1 8
19 0 31 0
20 0 160 5
21 0 75 1
22 0 104 8
23 0 145 3
24 0 90 0
25 0 89 8
26 0 1 4
27 0 1 5
28 0 141 3
29 0 38 9
30 0 95 0
31 0 79 6
32 0 46 8
33 0 1 2
0 1 47 0
1 1 153 1
2 1 102 3
3 1 138 5
4 1 143 8
5 1 180 9
6 1 38 4
7 1 106 0
8 1 52 8
9 1 172 5
10 1 103 4
11 1 67 8
12 1 41 7
13 1 64 5
14 1 182 5
15 1 97 4
16 1 156 3
17 1 88 4
18 1 152 7
19 1 183 1
20 1 76 4
21 1 156 9
22 1 178 9
23 1 48 3
24 1 143 0
25 1 35 6
26 1 121 3
27 1 35 1
28 1 196 0
29 1 114 4
30 1 107 3
31 1 161 8
32 1 164 2
33 1 167 1
0 2 116 2
1 2 151 2
2 2 64 7
3 2 132 6
4 2 164 7
5 2 163 3
6 2 161 0
7 2 80 5
8 2 118 5
9 2 138 3
10 2 1 7
11 2 52 2
12 2 163 1
13 2 112 6
14 2 99 0
15 2 166 5
16 2 115 0
17 2 174 3
18 2 166 5
19 2 69 9
20 2 94 5
21 2 156 0
22 2 86 1
23 2 75 4
24 2 78 5
25 2 65 6
26 2 87 4
27 2 147 3
28 2 204 2
29 2 128 4
30 2 85 4
31 2 73 5
32 2 39 5
33 2 41 8
0 3 118 5
1 3 69 7
2 3 67 5
3 3 1 2
4 3 93 8
5 3 51 4
6 3 185 3
7 3 64 7
8 3 73 4
9 3 80 0
10 3 30 6
11 3 136 3
12 3 178 0
13 3 146 8
14 3 54 1
15 3 162 5
16 3 166 8
17 3 1 2
18 3 51 2
19 3 46 4
20 3 142 2
21 3 41 3
22 3 143 3
23 3 44 7
24 3 41 0
25 3 176 6
26 3 153 8
27 3 1 1
28 3 1 3
29 3 1 1
30 3 36 0
31 3 57 6
32 3 88 7
33 3 108 1
0 4 168 4
1 4 186 3
2 4 69 2
3 4 54 7
4 4 127 5
5 4 80 5
6 4 182 0
7 4 105 4
8 4 188 9
9 4 138 0
10 4 35 1
11 4 112 2
12 4 82 9
13 4 59 8
14 4 116 2
15 4 151 2
16 4 92 1
17 4 105 5
18 4 1 3
19 4 44 6
20 4 135 5
21 4 128 9
22 4 46 0
23 4 187 1
24 4 88 1
25 4 56 8
26 4 1 4
27 4 1 7
28 4 118 3
29 4 262 1
30 4 1 6
31 4 172 5
32 4 147 5
33 4 1 3
0 5 177 0
1 5 90 1
2 5 127 7
3 5 60 1
4 5 141 5
5 5 69 3
6 5 36 3
7 5 113 2
8 5 36 5
9 5 96 7
10 5 70 7
11 5 1 2
12 5 59 8
13 5 45 1
14 5 120 6
15 5 50 4
16 5 52 2
17 5 182 3
18 5 126 7
19 5 85 6
20 5 49 6
21 5 97 7
22 5 116 9
23 5 191 5
24 5 136 1
25 5 91 0
26 5 1 8
27 5 1 0
28 5 60 5
29 5 174 3
30 5 118 0
31 5 148 5
32 5 66 5
33 5 124 8
0 6 175 0
1 6 101 4
2 6 79 3
3 6 69 9
4 6 70 2
5 6 55 0
6 6 153 7
7 6 126 3
8 6 162 0
9 6 108 6
10 6 71 0
11 6 130 6
12 6 132 2
13 6 43 2
14 6 166 0
15 6 40 8
16 6 171 2
17 6 82 5
18 6 1 7
19 6 1 4
20 6 92 0
21 6 103 3
22 6 35 5
23 6 160 7
24 6 90 3
25 6 101 8
26 6 168 0
27 6 125 3
28 6 66 5
29 6 34 4
30 6 164 4
31 6 127 0
32 6 61 6
33 6 55 7
0 7 95 1
1 7 184 2
2 7 151 0
3 7 119 2
4 7 35 8
5 7 136 2
6 7 65 7
7 7 77 0
8 7 177 4
9 7 65 9
10 7 33 9
11 7 173 3
12 7 135 2
13 7 52 2
14 7 134 0
15 7 121 6
16 7 147 4
17 7 183 4
18 7 134 0
19 7 37 9
20 7 1 9
21 7 137 0
22 7 100 7
23 7 147 1
24 7 34 3
25 7 176 5
26 7 1 2
27 7 41 5
28 7 35 3
29 7 36 3
30 7 84 4
31 7 156 0
32 7 186 4
33 7 45 3
0 8 117 5
1 8 166 0
2 8 139 7
3 8 102 6
4 8 72 4
5 8 38 2
6 8 1 5
7 8 1 1
8 8 124 4
9 8 48 5
10 8 179 7
11 8 160 2
12 8 128 5
13 8 51 7
14 8 136 5
15 8 170 8
16 8 46 8
17 8 134 1
18 8 1 1
19 8 50 7
20 8 43 3
21 8 62 4
22 8 50 4
23 8 1 9
24 8 193 8
25 8 105 7
26 8 34 5
27 8 147 2
28 8 173 6
29 8 116 8
30 8 68 2
31 8 1 2
32 8 79 9
33 8 30 8
0 9 119 1
1 9 170 5
2 9 64 6
3 9 172 2
4 9 128 1
5 9 119 6
6 9 74 4
7 9 1 2
8 9 44 1
9 9 40 4
10 9 1 4
11 9 51 8
12 9 136 6
13 9 38 0
14 9 66 5
15 9 120 6
16 9 37 5
17 9 190 5
18 9 37 6
19 9 167 5
20 9 147 4
21 9 122 8
22 9 145 6
23 9 151 7
24 9 1 8
25 9 70 5
26 9 195 6
27 9 171 9
28 9 189 5
29 9 151 2
30 9 69 7
31 9 68 5
32 9 59 5
33 9 173 7
0 10 175 7
1 10 53 5
2 10 53 6
3 10 160 1
4 10 89 3
5 10 89 9
6 10 157 7
7 10 153 3
8 10 164 2
9 10 55 6
10 10 50 6
11 10 165 9
12 10 101 1
13 10 167 7
14 10 106 3
15 10 112 1
16 10 168 5
17 10 173 2
18 10 167 9
19 10 1 6
20 10 110 0
21 10 181 5
22 10 43 7
23 10 178 6
24 10 110 2
25 10 52 2
26 10 243 6
27 10 136 6
28 10 146 9
29 10 116 3
30 10 103 1
31 10 76 7
32 10 69 6
33 10 170 3
0 11 55 8
1 11 100 4
2 11 1 6
3 11 160 3
4 11 82 5
5 11 150 6
6 11 169 6
7 11 1 2
8 11 105 6
9 11 1 2
10 11 81 3
11 11 141 1
12 11 187 4
13 11 49 0
14 11 32 5
15 11 30 9
16 11 121 4
17 11 97 6
18 11 46 0
19 11 58 2
20 11 184 2
21 11 1 3
22 11 178 3
23 11 1 1
24 11 202 5
25 11 78 2
26 11 84 8
27 11 200 4
28 11 196 5
29 11 47 6
30 11 197 3
31 11 186 3
32 11 59 1
33 11 100 8
0 12 32 1
1 12 69 6
2 12 92 5
3 12 52 5
4 12 81 2
5 12 1 5
6 12 44 5
7 12 116 4
8 12 122 5
9 12 104 8
10 12 163 7
11 12 128 1
12 12 1 0
13 12 79 9
14 12 131 1
15 12 83 4
16 12 168 4
17 12 81 4
18 12 189 2
19 12 179 3
20 12 156 6
21 12 38 5
22 12 123 3
23 12 158 9
24 12 200 1
25 12 45 4
26 12 136 4
27 12 1 1
28 12 150 4
29 12 1 3
30 12 144 9
31 12 113 5
32 12 95 5
33 12 139 8
0 13 61 0
1 13 37 0
2 13 82 7
3 13 1 2
4 13 162 1
5 13 147 0
6 13 84 2
7 13 141 0
8 13 182 6
9 13 111 8
10 13 1 5
11 13 160 0
12 13 162 7
13 13 131 7
14 13 61 4
15 13 165 9
16 13 159 4
17 13 85 1
18 13 64 2
19 13 171 5
20 13 73 1
21 13 1 5
22 13 79 4
23 13 50 3
24 13 34 2
25 13 89 0
26 13 94 1
27 13 88 0
28 13 120 4
29 13 1 0
30 13 119 4
31 13 52 6
32 13 98 9
33 13 31 2
0 14 149 5
1 14 1 3
2 14 173 6
3 14 157 9
4 14 187 0
5 14 146 3
6 14 173 4
7 14 120 2
8 14 93 6
9 14 87 8
10 14 100 6
11 14 30 2
12 14 1 8
13 14 108 6
14 14 173 5
15 14 1 4
16 14 104 6
17 14 54 3
18 14 116 9
19 14 114 0
20 14 1 2
21 14 67 4
22 14 139 1
23 14 191 2
24 14 62 7
25 14 137 9
26 14 158 0
27 14 191 1
28 14 187 0
29 14 104 7
30 14 147 2
31 14 163 3
32 14 32 9
33 14 134 1
0 15 42 9
1 15 177 9
2 15 105 1
3 15 42 7
4 15 59 0
5 15 162 4
6 15 135 8
7 15 1 4
8 15 39 6
9 15 141 8
10 15 84 8
11 15 147 2
12 15 30 8
13 15 188 0
14 15 78 5
15 15 138 7
16 15 85 4
17 15 89 0
18 15 124 7
19 15 91 6
20 15 47 4
21 15 141 5
22 15 61 4
23 15 141 8
24 15 71 9
25 15 41 8
26 15 133 0
27 15 176 8
28 15 92 7
29 15 96 4
30 15 44 6
31 15 1 3
32 15 135 8
33 15 65 6
0 16 61 0
1 16 100 6
2 16 1 8
3 16 141 5
4 16 186 4
5 16 169 1
6 16 35 5
7 16 93 8
8 16 110 7
9 16 125 1
10 16 172 2
11 16 73 3
12 16 112 5
13 16 1 1
14 16 103 1
15 16 1 8
16 16 43 9
17 16 144 3
18 16 59 5
19 16 75 0
20 16 80 1
21 16 80 1
22 16 1 1
23 16 63 3
24 16 157 0
25 16 1 3
26 16 106 3
27 16 138 7
28 16 53 0
29 16 94 2
30 16 111 8
31 16 38 2
32 16 135 2
33 16 68 1
0 17 173 5
1 17 187 8
2 17 92 7
3 17 111 8
4 17 61 2
5 17 1 8
6 17 124 9
7 17 149 5
8 17 80 2
9 17 72 0
10 17 156 3
11 17 122 6
12 17 72 2
13 17 87 5
14 17 93 7
15 17 87 7
16 17 38 2
17 17 178 8
18 17 180 2
19 17 179 2
20 17 38 8
21 17 147 1
22 17 130 1
23 17 59 8
24 17 1 4
25 17 43 1
26 17 126 6
27 17 174 0
28 17 40 7
29 17 86 0
30 17 86 3
31 17 103 5
32 17 34 4
33 17 120 6
0 18 43 4
1 18 53 8
2 18 59 7
3 18 50 9
4 18 89 4
5 18 104 1
6 18 86 6
7 18 81 2
8 18 105 6
9 18 110 8
10 18 182 6
11 18 104 7
12 18 120 7
13 18 117 7
14 18 113 3
15 18 79 2
16 18 52 7
17 18 1 2
18 18 154 3
19 18 1 0
20 18 63 9
21 18 142 1
22 18 109 0
23 18 112 9
24 18 67 9
25 18 76 5
26 18 78 9
27 18 67 1
28 18 1 5
29 18 62 0
30 18 1 1
31 18 31 4
32 18 186 6
33 18 76 4
0 19 128 6
1 19 59 3
2 19 155 2
3 19 1 6
4 19 136 1
5 19 103 6
6 19 163 5
7 19 136 4
8 19 145 0
9 19 142 0
10 19 122 2
11 19 61 7
12 19 69 9
13 19 41 6
14 19 146 0
15 19 38 5
16 19 133 1
17 19 183 4
18 19 31 2
19 19 148 3
20 19 1 1
21 19 139 2
22 19 1 1
23 19 120 9
24 19 111 6
25 19 113 7
26 19 158 4
27 19 1 5
28 19 126 9
29 19 153 6
30 19 136 0
31 19 110 4
32 19 75 9
33 19 159 9
0 20 62 1
1 20 91 4
2 20 158 9
3 20 61 8
4 20 67 0
5 20 32 2
6 20 169 5
7 20 88 2
8 20 167 7
9 20 186 6
10 20 131 3
11 20 63 2
12 20 55 7
13 20 48 3
14 20 77 5
15 20 135 4
16 20 112 8
17 20 1 4
18 20 184 7
19 20 172 0
20 20 40 5
21 20 56 9
22 20 105 5
23 20 178 9
24 20 67 6
25 20 155 8
26 20 1 3
27 20 131 1
28 20 65 2
29 20 71 0
30 20 102 7
31 20 116 0
32 20 121 2
33 20 113 7
0 21 107 7
1 21 38 5
2 21 59 7
3 21 180 0
4 21 55 6
5 21 37 0
6 21 51 4
7 21 118 2
8 21 171 8
9 21 174 1
10 21 67 2
11 21 88 0
12 21 160 8
13 21 1 6
14 21 76 4
15 21 154 4
16 21 52 5
17 21 62 8
18 21 71 5
19 21 106 6
20 21 91 3
21 21 87 8
22 21 147 0
23 21 137 3
24 21 144 5
25 21 176 8
26 21 136 8
27 21 125 5
28 21 1 7
29 21 87 3
30 21 49 8
31 21 89 5
32 21 157 0
33 21 101 6
0 22 195 2
1 22 129 8
2 22 108 8
3 22 98 6
4 22 59 1
5 22 1 8
6 22 66 0
7 22 171 0
8 22 126 4
9 22 51 0
10 22 154 6
11 22 147 4
12 22 1 0
13 22 82 3
14 22 122 5
15 22 164 3
16 22 133 7
17 22 38 2
18 22 184 6
19 22 143 4
20 22 1 6
21 22 148 7
22 22 112 0
23 22 35 9
24 22 68 3
25 22 56 2
26 22 66 0
27 22 57 7
28 22 113 6
29 22 103 3
30 22 114 5
31 22 119 5
32 22 157 9
33 22 158 6
0 23 71 2
1 23 132 8
2 23 70 8
3 23 182 6
4 23 93 9
5 23 120 9
6 23 33 6
7 23 162 8
8 23 34 6
9 23 103 7
10 23 190 3
11 23 32 8
12 23 111 4
13 23 100 6
14 23 71 6
15 23 106 1
16 23 50 9
17 23 63 0
18 23 44 3
19 23 121 1
20 23 138 4
21 23 1 4
22 23 98 0
23 23 162 9
24 23 170 0
25 23 151 4
26 23 180 9
27 23 1 4
28 23 153 0
29 23 89 9
30 23 39 5
31 23 149 2
32 23 70 2
33 23 181 6
0 24 201 5
1 24 118 8
2 24 194 4
3 24 156 7
4 24 192 6
5 24 98 1
6 24 107 0
7 24 45 6
8 24 39 3
9 24 112 8
10 24 164 5
11 24 120 8
12 24 52 4
13 24 1 9
14 24 154 9
15 24 103 7
16 24 85 5
17 24 82 9
18 24 97 2
19 24 36 1
20 24 190 0
21 24 1 2
22 24 184 7
23 24 110 8
24 24 141 0
25 24 1 9
26 24 124 1
27 24 153 7
28 24 107 9
29 24 118 9
30 24 147 3
31 24 178 3
32 24 69 8
33 24 134 0
0 25 152 2
1 25 126 8
2 25 68 6
3 25 1 3
4 25 114 6
5 25 158 4
6 25 60 9
7 25 62 8
8 25 60 6
9 25 128 3
10 25 139 1
11 25 55 8
12 25 86 3
13 25 185 8
14 25 78 5
15 25 118 1
16 25 79 7
17 25 190 1
18 25 43 8
19 25 93 0
20 25 135 8
21 25 39 8
22 25 79 7
23 25 49 4
24 25 260 1
25 25 70 0
26 25 225 3
27 25 85 2
28 25 69 4
29 25 173 4
30 25 159 7
31 25 146 7
32 25 112 7
33 25 172 8
0 26 54 2
1 26 1 0
2 26 147 6
3 26 1 6
4 26 66 5
5 26 121 3
6 26 132 7
7 26 104 0
8 26 102 3
9 26 64 2
10 26 174 2
11 26 40 6
12 26 41 4
13 26 67 6
14 26 140 0
15 26 104 2
16 26 157 1
17 26 72 3
18 26 95 1
19 26 117 3
20 26 101 8
21 26 144 4
22 26 171 4
23 26 36 3
24 26 158 2
25 26 130 1
26 26 205 6
27 26 88 1
28 26 121 6
29 26 56 0
30 26 62 3
31 26 50 9
32 26 159 6
33 26 128 8
0 27 232 5
1 27 254 5
2 27 209 5
3 27 141 6
4 27 150 5
5 27 1 5
6 27 1 9
7 27 56 3
8 27 70 9
9 27 150 6
10 27 64 8
11 27 135 0
12 27 114 4
13 27 1 3
14 27 108 5
15 27 44 0
16 27 168 6
17 27 119 9
18 27 78 8
19 27 206 1
20 27 225 6
21 27 168 2
22 27 104 0
23 27 177 7
24 27 190 4
25 27 58 0
26 27 110 0
27 27 35 3
28 27 134 1
29 27 54 6
30 27 158 8
31 27 54 0
32 27 122 5
33 27 82 4
0 28 115 7
1 28 65 3
2 28 72 3
3 28 88 5
4 28 153 4
5 28 118 9
6 28 186 0
7 28 97 5
8 28 137 8
9 28 33 6
10 28 135 3
11 28 1 3
12 28 166 1
13 28 43 0
14 28 138 3
15 28 111 4
16 28 128 3
17 28 92 5
18 28 132 8
19 28 236 5
20 28 224 6
21 28 266 1
22 28 165 0
23 28 191 4
24 28 66 3
25 28 182 9
26 28 137 4
27 28 114 4
28 28 125 4
29 28 116 6
30 28 92 3
31 28 86 0
32 28 136 5
33 28 117 2
0 29 45 3
1 29 75 5
2 29 189 4
3 29 120 4
4 29 162 4
5 29 137 0
6 29 114 1
7 29 122 5
8 29 142 4
9 29 152 1
10 29 63 8
11 29 90 6
12 29 106 0
13 29 101 3
14 29 53 7
15 29 83 1
16 29 157 9
17 29 59 1
18 29 192 2
19 29 171 5
20 29 206 7
21 29 178 6
22 29 200 4
23 29 84 2
24 29 202 2
25 29 166 8
26 29 69 5
27 29 98 7
28 29 85 6
29 29 44 0
30 29 1 7
31 29 126 2
32 29 135 5
33 29 74 2
1 25 1 47 80 21 1 28 5
2 32 19 236 47 25 0 31 9
3 3 13 24 44 0 20 10 29
4 17 18 44 45 12 6 20 18
5 12 5 222 59 17 21 22 29
6 27 6 7 40 21 6 31 16
7 7 1 46 43 11 22 21 29
8 21 22 241 42 20 20 27 26
9 30 23 217 55 23 10 30 16
10 22 20 82 43 16 17 25 29
11 19 29 10 71 13 19 18 24
12 26 18 200 92 21 14 25 25
13 32 22 43 63 0 17 6 29
14 29 14 49 57 18 19 23 29
15 10 16 207 61 12 1 17 8
16 10 17 239 109 22 5 30 16
17 5 16 177 45 15 21 26 29
18 21 23 42 55 4 5 8 16
19 1 17 44 44 8 10 12 20
20 28 12 79 43 0 0 9 9
21 29 3 17 133 24 8 28 13
22 16 7 236 54 4 16 16 26
23 19 29 32 300 17 22 24 29
24 33 21 243 49 24 15 28 26
25 22 9 216 96 21 5 30 17
26 22 29 29 88 24 0 32 11
27 25 20 21 122 22 0 31 7
28 32 9 43 46 16 13 24 20
29 0 29 58 117 20 8 31 14
30 18 1 58 73 0 19 7 29
31 32 3 8 71 17 12 22 19
32 19 23 31 45 26 0 31 9
33 27 10 2 54 2 15 14 21
34 15 24 58 54 15 19 26 29
35 32 26 70 60 19 19 27 28
36 18 19 55 43 1 8 6 13
37 3 29 77 50 0 24 7 28
38 17 11 57 42 20 5 31 17
39 7 29 205 51 26 0 30 8
40 21 19 181 61 5 11 13 23
41 31 3 49 47 0 20 6 29
42 12 13 14 45 15 20 27 29
43 23 0 250 62 22 0 33 10
44 25 20 72 40 5 5 17 13
45 9 27 25 62 13 2 21 10
46 26 15 57 75 21 17 25 29
47 0 21 195 44 17 25 25 29
48 0 2 9 71 0 23 4 29
49 20 22 38 43 11 11 22 21
50 31 10 29 76 22 0 33 12
51 5 25 249 83 0 20 5 29
52 14 7 41 48 20 7 31 14
53 24 0 54 42 16 22 26 29
54 5 19 38 82 2 13 11 23
55 20 29 227 41 20 14 26 26
56 10 0 46 41 22 23 27 27
57 33 4 43 66 0 20 12 27
58 22 0 71 55 20 7 31 14
59 26 1 13 42 18 24 24 29
60 0 29 23 45 20 23 30 27
61 16 19 24 41 9 14 18 20
62 16 5 193 57 15 21 26 29
63 25 27 206 47 1 13 7 22
64 31 12 17 45 19 16 30 25
65 5 26 74 65 25 15 32 25
66 4 3 5 50 18 21 23 29
67 13 4 246 42 24 7 28 14
68 30 10 75 208 6 6 18 16
69 24 15 60 47 22 6 28 18
70 20 25 2 61 2 12 11 20
71 24 9 6 168 27 15 33 21
72 28 0 31 48 25 1 31 6
73 28 17 25 61 25 6 32 17
74 25 27 69 41 0 24 10 28
75 22 5 211 48 23 2 32 6
76 33 0 214 49 24 1 32 6
77 15 14 13 233 20 5 32 16
78 11 1 58 41 18 25 23 29
79 33 1 13 46 20 20 31 29
80 13 13 18 106 22 0 33 9
81 5 17 186 46 14 9 25 19
82 24 1 1 53 14 9 24 14
83 29 24 59 41 21 1 33 7
84 16 29 77 43 13 7 21 15
85 23 25 59 46 18 4 24 16
86 13 14 2 66 16 22 26 29
87 31 9 13 78 15 1 19 9
88 5 9 61 40 18 13 28 19
89 30 0 52 47 2 4 11 12
90 9 12 33 82 14 8 26 20
91 5 27 82 42 10 11 18 21
92 22 12 181 49 23 8 28 13
93 22 7 74 52 22 8 29 13
94 30 25 177 42 0 23 9 29
95 33 14 181 87 17 20 25 29
96 0 6 65 92 21 7 31 14
97 23 29 62 57 23 1 32 6
98 22 26 223 53 0 22 6 29
99 13 19 174 41 24 10 32 16
100 28 7 220 71 21 23 32 27
101 29 27 71 58 24 5 28 17
102 25 2 193 47 11 15 22 27
103 17 13 42 42 18 23 24 29
104 24 6 242 44 16 5 27 15
105 32 1 38 44 0 24 12 28
106 24 29 15 73 2 23 9 28
107 2 23 246 57 2 17 8 24
108 10 10 221 118 23 0 32 10
109 31 8 194 62 5 20 9 25
110 18 25 69 62 21 3 25 9
111 17 4 38 135 18 20 24 29
112 22 24 4 55 10 12 19 22
113 33 11 81 42 0 16 5 27
114 26 11 48 48 21 0 33 9
115 2 24 14 42 6 2 16 9
116 1 14 41 63 26 1 30 7
117 22 25 208 50 0 23 10 29
118 21 9 48 61 5 10 14 16
119 3 24 172 51 16 22 25 29
120 16 29 32 52 21 0 33 11
121 33 3 225 46 22 5 32 12
122 18 29 32 109 22 1 33 7
123 24 20 69 51 21 1 33 7
124 26 22 247 57 4 11 15 18
125 16 14 74 58 0 19 5 29
126 8 18 211 62 5 4 16 15
127 24 5 203 41 18 3 29 14
128 31 27 71 52 23 0 33 9
129 31 2 191 53 20 9 31 13
130 20 29 50 40 20 22 29 28
131 30 21 68 85 19 22 30 27
132 28 26 179 124 0 18 10 23
133 26 6 0 44 5 4 11 9
134 6 11 174 70 0 19 12 29
135 13 20 13 44 11 21 16 26
136 28 15 22 45 7 4 19 13
137 1 27 219 100 24 7 28 14
138 31 24 83 41 14 15 22 22
139 7 28 42 53 18 8 25 17
140 10 22 234 65 0 20 5 29
141 23 23 82 51 18 19 24 29
142 22 25 51 50 17 25 25 29
143 28 1 67 188 22 6 30 15
144 30 13 71 82 0 22 10 29
145 29 1 62 115 16 14 24 21
146 2 25 213 44 11 17 16 23
147 0 29 32 66 21 2 33 6
148 32 9 197 50 5 3 9 11
149 25 3 184 75 22 21 28 29
150 2 3 6 46 16 2 24 12
151 0 25 82 45 23 6 28 15
152 7 22 240 47 24 7 30 11
153 0 27 39 56 20 2 27 10
154 25 5 29 55 20 20 30 29
155 6 23 203 70 11 19 21 23
156 12 16 51 53 21 0 33 12
157 31 29 38 45 22 2 33 6
158 26 25 29 72 20 13 25 20
159 11 14 47 41 0 23 7 29
160 19 19 244 80 0 24 6 28
161 26 20 240 53 17 23 24 29
162 33 3 12 117 17 25 24 29
163 12 19 217 64 17 21 24 29
164 19 29 12 42 26 6 30 11
165 23 13 21 106 24 8 28 13
166 0 26 76 53 10 19 18 25
167 17 24 66 74 5 10 15 21
168 24 7 80 175 21 25 28 29
169 26 0 30 40 15 22 27 26
170 12 0 49 44 0 24 9 28
171 28 15 31 58 16 16 23 20
172 27 22 40 41 18 19 23 29
173 23 8 68 59 0 19 9 29
174 12 27 52 76 23 22 27 28
175 22 19 250 66 19 20 30 29
176 23 17 7 73 20 18 30 29
177 18 20 2 55 16 25 25 29
178 11 19 10 94 17 22 24 29
179 22 0 15 109 20 19 29 29
180 24 7 196 52 1 3 11 15
181 32 26 76 68 21 8 31 14
182 28 20 208 60 14 18 26 29
183 0 26 194 58 21 0 33 12
184 30 8 198 57 22 18 28 28
185 1 8 80 50 0 22 12 29
186 25 23 175 53 19 18 30 26
187 12 17 2 42 22 6 27 11
188 0 29 189 50 24 5 31 10
189 12 24 203 50 0 20 7 29
190 25 23 25 41 24 6 28 15
191 25 21 168 68 23 9 29 13
192 20 20 4 65 11 7 20 19
193 21 11 205 55 2 9 8 15
194 29 9 201 111 20 5 31 17
195 12 13 54 43 8 6 20 11
196 28 22 26 114 22 7 30 14
197 22 10 77 59 20 5 28 17
198 19 12 0 72 17 22 25 29
199 28 2 79 59 23 19 33 28
200 26 20 183 42 22 12 31 24
201 24 21 78 86 16 24 25 29
202 2 18 31 63 10 8 20 15
203 29 11 74 94 24 0 31 10
204 20 18 0 46 7 19 12 26
205 25 28 41 52 18 19 24 29
206 11 13 13 57 20 6 31 16
207 30 26 62 93 1 8 12 12
208 10 1 21 45 21 2 30 6
209 25 6 34 54 20 22 29 28
210 23 9 170 46 14 18 20 26
211 8 3 82 49 15 15 22 27
212 4 24 48 41 0 21 12 29
213 31 26 50 47 0 18 11 29
214 26 5 27 49 22 8 29 13
215 7 10 7 40 25 6 29 15
216 15 17 55 77 17 19 28 25
217 26 12 49 42 0 6 7 18
218 24 9 198 57 21 9 32 17
219 2 24 77 43 11 6 21 13
220 13 6 15 86 22 22 28 28
221 21 25 235 43 20 21 30 28
222 12 6 55 40 24 14 32 23
223 9 7 45 93 8 0 15 8
224 31 26 24 94 20 5 32 17
225 27 9 38 95 18 3 22 14
226 8 12 11 49 0 24 11 28
227 18 12 229 48 24 14 28 26
228 20 0 32 50 11 10 23 18
229 30 14 201 46 18 12 25 23
230 31 11 59 47 18 14 23 20
231 15 25 79 73 22 18 28 29
232 26 22 45 46 22 21 28 29
233 21 12 229 50 22 18 28 29
234 22 21 64 48 18 19 23 29
235 0 26 10 42 24 2 31 6
236 7 12 35 44 15 14 22 19
237 25 29 36 81 1 8 11 16
238 25 20 38 103 2 12 11 20
239 21 25 180 42 25 6 30 12
240 28 29 56 43 18 20 23 29
241 33 1 34 102 16 25 26 29
242 19 24 221 55 21 18 29 29
243 8 6 178 41 21 23 28 27
244 30 24 69 53 19 22 30 28
245 29 28 222 120 0 17 5 29
246 30 19 21 46 18 16 24 27
247 1 11 243 86 19 22 31 28
248 19 29 69 41 21 23 29 27
249 7 20 2 49 13 1 24 11
250 17 6 78 40 27 8 31 14
251 28 0 32 51 5 11 12 19
252 26 12 66 43 12 4 24 12
253 23 6 65 42 25 18 32 27
254 0 29 250 53 1 25 5 29
255 26 23 231 68 11 11 23 18
256 4 29 184 83 20 4 29 14
257 31 11 65 42 14 1 25 11
258 16 0 67 122 22 0 33 11
259 26 29 54 46 19 22 31 27
260 20 26 183 40 15 6 23 17
261 25 1 208 40 16 22 26 29
262 1 23 26 40 0 21 11 29
263 20 23 174 61 0 24 10 28
264 1 1 230 46 28 8 33 16
265 22 5 82 44 18 21 23 29
266 0 24 12 47 19 19 23 29
267 19 25 55 44 21 22 29 28
268 15 14 5 250 7 7 18 15
269 22 29 77 69 3 14 11 22
270 20 29 47 66 4 17 11 29
271 3 6 16 49 21 6 31 15
272 7 8 58 52 20 17 29 29
273 22 21 83 42 8 13 18 22
274 16 18 197 50 0 23 10 29
275 4 29 18 47 0 18 10 29
276 14 21 39 47 17 6 27 17
277 12 1 69 45 16 2 27 7
278 26 23 185 42 17 21 22 27
279 23 24 200 189 7 20 14 29
280 25 25 68 44 14 15 19 27
281 4 21 13 42 14 16 22 25
282 31 5 178 43 21 23 29 27
283 21 10 80 53 19 21 30 29
284 21 19 81 57 22 8 29 14
285 33 21 13 43 20 5 31 16
286 16 4 196 45 5 15 15 26
287 26 28 41 106 1 6 11 10
288 22 6 50 53 14 9 21 19
289 26 23 61 233 23 6 28 15
290 24 19 10 51 1 21 5 28
291 16 29 75 44 19 23 30 27
292 26 29 221 49 1 23 7 28
293 28 25 211 45 23 1 33 6
294 20 11 42 84 21 7 30 14
295 6 18 223 68 17 25 24 29
296 30 13 228 60 17 17 24 29
297 2 10 1 79 15 15 22 23
298 22 6 248 48 0 8 10 20
299 33 1 66 47 9 3 17 9
300 28 26 192 41 18 11 27 18
301 22 22 56 60 16 21 25 29
302 7 21 67 68 10 5 20 12
303 10 4 13 42 24 0 32 8
304 5 24 26 46 17 17 23 22
305 27 6 25 57 7 5 14 15
306 13 5 68 80 0 20 8 29
307 17 9 249 184 20 9 32 13
308 32 21 27 79 24 14 31 20
309 5 29 56 42 22 5 30 17
310 25 23 178 42 25 0 31 11
311 27 9 78 84 21 5 31 17
312 0 23 1 41 21 7 30 14
313 26 5 224 41 0 0 8 12
314 31 24 43 52 4 5 9 9
315 33 1 46 44 22 17 27 29
316 30 9 52 57 1 18 9 28
317 7 29 43 48 22 5 29 16
318 26 6 181 46 8 14 13 18
319 10 27 1 54 22 0 33 11
320 32 24 20 197 19 6 28 11
321 7 11 41 99 14 11 21 18
322 31 28 60 44 7 25 17 29
323 21 26 53 82 18 7 26 18
324 16 22 48 58 7 4 19 14
325 20 26 67 44 7 3 18 10
326 21 23 172 64 27 7 31 17
327 6 0 58 42 23 6 28 12
328 14 7 68 47 28 16 33 26
329 26 21 23 46 22 12 31 23
330 0 28 188 55 22 24 33 29
331 8 4 17 41 21 7 30 14
332 27 1 5 47 3 12 15 21
333 5 14 198 41 22 5 30 16
334 10 12 171 58 5 22 13 27
335 33 10 66 42 16 5 28 14
336 32 1 52 70 19 18 31 29
337 24 0 47 41 2 12 12 24
338 15 15 6 42 29 18 33 29
339 0 0 2 42 11 12 17 21
340 10 8 70 104 23 17 27 29
341 16 10 61 59 21 4 26 11
342 29 10 25 42 24 6 28 15
343 6 24 4 43 17 13 25 24
344 0 13 182 98 16 17 25 29
345 31 19 74 68 11 16 19 28
346 10 13 79 44 21 20 29 29
347 22 5 55 54 18 0 30 8
348 14 24 184 44 22 19 27 29
349 22 4 59 43 14 8 24 18
350 23 5 72 42 6 0 12 12
351 10 8 22 52 0 22 4 29
352 28 15 16 42 15 18 27 29
353 31 10 250 51 24 0 31 10
354 20 7 63 70 18 5 27 17
355 33 0 57 47 24 8 28 14
356 31 22 43 148 24 2 32 6
357 23 29 60 42 26 1 30 9
358 23 16 225 65 21 12 26 22
359 20 17 13 52 1 6 11 14
360 32 3 49 53 23 7 28 15
361 5 11 34 89 9 4 18 13
362 27 21 70 41 11 5 16 16
363 26 22 18 55 24 7 29 13
364 31 13 75 58 3 15 12 23
365 30 12 176 58 23 17 27 29
366 4 26 228 46 21 21 28 28
367 23 3 29 62 24 0 32 11
368 19 23 203 48 1 4 10 15
369 23 3 49 45 0 8 10 18
370 24 29 79 50 15 9 20 21
371 0 29 65 68 22 9 30 13
372 19 25 68 45 11 1 22 8
373 24 18 191 44 16 7 26 18
374 16 20 194 90 0 19 9 29
375 4 16 80 48 25 1 31 6
376 20 16 24 72 18 10 26 22
377 23 10 11 49 2 17 8 26
378 30 5 51 151 21 1 29 6
379 3 29 22 55 24 1 31 6
380 20 28 68 63 9 7 16 17
381 7 6 200 96 5 7 15 14
382 0 29 36 45 21 23 29 27
383 12 15 16 58 15 13 24 18
384 2 12 168 50 20 18 29 29
385 25 9 61 47 23 18 27 27
386 1 29 68 46 0 19 5 29
387 23 8 29 71 16 24 25 29
388 27 1 179 43 25 0 30 7
389 29 29 41 212 28 6 33 16
390 18 17 77 48 22 0 33 11
391 26 12 199 57 0 23 7 29
392 26 3 48 66 26 2 30 6
393 11 12 74 59 1 6 8 14
394 24 24 29 44 15 20 24 29
395 5 29 20 43 14 21 24 27
396 0 2 225 75 6 11 17 19
397 30 18 14 49 16 20 25 29
398 6 28 36 42 16 22 26 28
399 24 14 32 44 19 20 30 29
400 28 11 20 42 23 0 33 11
401 25 8 9 59 14 3 24 13
402 14 9 218 48 19 21 31 29
403 14 8 19 45 0 23 10 29
404 24 7 241 53 17 7 26 17
405 26 10 1 45 11 19 21 28
406 17 4 229 73 21 18 29 29
407 30 20 219 82 0 24 12 28
408 12 4 73 48 19 22 23 29
409 21 16 51 112 10 18 21 28
410 20 29 245 42 7 12 17 21
411 20 21 198 44 22 7 29 14
412 16 29 54 41 0 17 9 29
413 7 29 80 41 20 17 29 29
414 21 16 4 85 21 22 29 28
415 29 25 208 41 19 4 29 9
416 19 28 75 300 21 22 27 27
417 33 7 61 57 18 22 23 29
418 7 0 51 46 21 21 26 29
419 28 27 58 44 22 5 29 17
420 21 25 227 45 20 17 30 29
421 24 18 68 42 23 8 29 13
422 20 29 50 44 0 22 11 29
423 26 26 15 45 15 22 27 29
424 10 24 226 63 24 6 28 15
425 9 9 33 55 0 19 10 29
426 20 27 33 52 20 9 31 13
427 30 27 52 51 12 6 16 13
428 31 24 187 41 21 2 33 9
429 3 24 71 63 16 9 27 20
430 30 11 16 59 16 24 26 29
431 18 16 65 42 17 25 24 29
432 23 9 44 41 25 2 31 6
433 13 0 53 41 22 9 28 15
434 33 5 14 67 24 0 32 7
435 13 11 238 56 22 7 30 14
436 11 13 191 82 22 21 28 29
437 17 15 181 46 9 21 15 25
438 28 28 2 70 23 6 31 10
439 16 29 25 57 19 2 29 10
440 0 23 214 43 15 21 26 29
441 30 24 14 53 24 4 29 11
442 31 17 83 53 19 25 28 29
443 32 9 30 67 14 0 20 10
444 12 11 217 48 17 25 25 29
445 29 5 212 42 24 2 33 11
446 22 0 33 55 14 7 24 14
447 25 11 48 112 22 0 33 10
448 11 15 34 44 18 19 24 29
449 19 27 51 41 0 23 7 28
450 30 17 194 177 19 10 25 21
451 6 9 64 61 20 21 30 29
452 18 28 40 42 24 0 32 7
453 25 17 64 41 22 9 30 13
454 22 2 65 61 1 18 10 23
455 26 10 24 53 8 11 19 16
456 29 1 43 42 21 7 30 15
457 26 23 83 46 21 5 31 11
458 29 15 77 300 23 20 33 29
459 0 27 81 48 19 17 30 29
460 23 23 8 49 22 8 29 14
461 0 24 22 51 24 0 31 8
462 31 20 191 50 1 19 10 25
463 8 8 82 52 18 20 23 29
464 12 8 80 54 16 19 25 29
465 29 7 77 43 21 11 28 19
466 0 11 1 40 25 1 31 7
467 23 29 40 41 0 0 5 9
468 17 29 2 48 22 19 27 29
469 30 29 240 45 13 0 18 6
470 11 17 81 55 21 15 33 19
471 18 11 27 45 20 19 29 29
472 26 13 47 53 23 1 32 7
473 30 2 212 154 20 16 31 24
474 4 23 181 43 20 20 29 29
475 26 5 249 60 17 20 24 29
476 23 26 43 55 23 0 32 10
477 20 26 228 44 8 10 19 16
478 5 27 22 42 0 23 11 29
479 24 22 209 42 16 10 28 18
480 25 7 245 42 27 16 32 28
481 1 20 187 197 16 6 27 15
482 7 24 4 103 25 2 31 6
483 28 17 37 53 8 6 15 18
484 6 23 30 45 20 7 29 18
485 32 5 5 50 21 17 29 29
486 24 8 80 57 13 6 24 11
487 31 22 59 42 25 0 30 11
488 30 29 3 125 17 11 27 23
489 30 0 69 114 18 1 27 10
490 30 21 14 48 12 16 23 20
491 3 26 52 300 16 15 23 27
492 14 9 50 56 22 9 29 19
493 29 27 168 44 20 2 29 13
494 30 6 77 43 19 8 23 13
495 20 20 190 41 17 24 25 29
496 28 24 53 73 0 8 10 19
497 33 1 174 42 23 10 31 19
498 26 25 66 83 5 0 13 8
499 2 18 67 121 3 8 12 20
500 6 29 14 41 16 17 23 29
501 19 22 83 52 21 5 31 17
502 0 29 197 77 18 22 24 29
503 15 21 22 43 0 19 6 29
504 21 29 44 48 12 4 21 11
505 4 2 21 54 23 2 32 6
506 29 22 46 62 6 11 15 16
507 32 8 234 43 3 22 10 26
508 12 4 77 43 0 22 4 29
509 29 28 57 58 15 24 26 29
510 18 23 82 50 24 15 32 25
511 30 0 46 43 23 0 33 10
512 28 6 201 236 25 19 30 24
513 2 21 7 74 23 9 29 13
514 20 7 207 127 25 0 31 10
515 31 29 52 54 20 7 32 15
516 11 9 78 43 19 21 30 28
517 9 18 194 75 0 10 6 16
518 0 29 213 51 0 17 11 29
519 0 28 72 55 20 23 29 27
520 24 29 5 151 15 7 27 12
521 33 0 56 50 21 2 33 6
522 27 28 6 71 0 18 10 28
523 29 17 172 53 22 7 29 14
524 7 9 74 40 20 5 31 16
525 24 14 20 48 10 5 20 11
526 31 27 9 51 25 0 31 11
527 27 19 28 82 16 18 25 29
528 19 26 216 48 16 17 25 29
529 20 28 54 78 18 20 23 29
530 1 26 9 51 0 5 9 15
531 27 0 246 50 13 6 20 15
532 28 29 218 96 25 0 30 7
533 22 12 27 66 26 15 33 23
534 26 9 51 44 25 0 31 10
535 24 29 63 41 23 5 28 17
536 27 1 4 55 21 23 28 27
537 19 20 8 41 24 0 32 12
538 20 29 177 58 21 8 31 13
539 31 6 20 177 21 9 32 18
540 7 26 201 102 20 23 30 27
541 13 13 0 48 21 1 33 6
542 29 19 81 51 18 0 28 12
543 21 9 250 62 18 17 24 29
544 8 18 45 52 0 18 12 29
545 21 11 206 52 7 14 15 24
546 32 11 212 49 23 4 31 9
547 6 24 228 45 6 13 15 25
548 15 19 209 115 7 1 12 12
549 10 0 61 93 8 16 17 21
550 20 27 40 51 25 19 33 25
551 0 18 76 61 24 0 32 8
552 2 7 26 44 23 0 33 11
553 23 21 80 90 0 16 8 26
554 16 29 208 63 3 9 10 13
555 9 2 51 53 15 21 25 26
556 33 3 76 164 23 5 29 17
557 27 10 72 55 12 17 23 23
558 15 10 4 79 2 2 10 9
559 7 23 167 42 15 23 26 29
560 30 1 69 45 17 18 24 29
561 26 29 214 45 13 22 19 28
562 19 7 42 56 2 3 11 12
563 4 26 38 49 14 5 24 16
564 9 6 49 52 16 19 25 29
565 24 21 231 42 22 1 33 7
566 27 16 83 109 21 5 31 16
567 7 19 16 71 0 18 10 29
568 10 11 176 68 19 15 27 19
569 23 26 75 52 9 10 17 16
570 3 28 14 75 20 17 29 29
571 9 25 222 193 22 6 30 16
572 22 20 239 43 0 20 8 29
573 24 29 181 77 20 7 32 14
574 12 3 236 42 20 7 31 14
575 27 5 38 40 21 21 29 29
576 20 29 221 70 16 17 26 29
577 7 22 52 76 24 4 32 14
578 31 4 28 47 21 20 29 29
579 3 24 42 300 0 13 10 19
580 30 29 201 41 19 19 23 29
581 3 18 30 79 21 1 33 7
582 21 9 46 43 15 4 27 11
583 5 24 56 47 7 21 18 29
584 13 9 234 106 3 17 10 28
585 0 27 82 53 10 16 15 21
586 0 24 169 47 20 17 30 29
587 6 29 36 41 16 10 27 20
588 16 11 236 43 13 2 22 6
589 1 3 188 44 0 2 9 8
590 3 4 72 44 25 2 31 6
591 18 1 37 54 24 13 29 18
592 26 23 83 106 26 13 30 21
593 28 8 56 45 16 23 25 29
594 9 17 192 50 12 19 17 23
595 33 20 58 41 25 0 30 11
596 7 23 245 46 3 7 13 17
597 32 16 38 52 21 12 28 20
598 26 17 1 41 22 1 33 10
599 25 27 73 47 0 13 10 18
600 17 2 6 40 4 4 15 9
601 26 17 65 68 15 0 26 7
602 24 28 77 49 19 18 31 29
603 23 19 59 67 0 21 6 26
604 29 1 48 40 13 20 20 28
605 28 24 52 67 21 0 33 9
606 4 27 74 152 25 0 30 9
607 25 29 27 99 18 24 23 29
608 14 7 190 40 7 18 18 23
609 26 4 65 76 19 22 31 28
610 6 3 53 45 25 4 33 10
611 14 23 56 87 24 3 30 14
612 25 26 58 160 23 0 33 9
613 33 23 194 48 8 11 12 18
614 0 28 235 46 0 24 7 28
615 6 25 7 55 17 21 24 29
616 26 3 24 185 23 0 32 8
617 11 4 6 85 20 5 31 17
618 31 29 236 41 7 9 17 19
619 30 21 51 45 0 24 7 28
620 6 22 230 43 20 6 31 13
621 22 26 51 136 22 9 30 13
622 25 0 77 76 20 6 31 15
623 0 27 55 48 20 9 32 13
624 0 22 6 115 1 9 12 17
625 30 26 76 106 0 10 7 21
626 27 15 64 51 0 20 5 29
627 31 11 1 83 20 22 30 27
628 10 28 49 101 19 6 29 11
629 24 4 13 75 23 16 28 22
630 0 25 34 51 14 15 25 19
631 0 21 9 48 20 12 26 21
632 32 8 57 62 19 1 31 7
633 32 4 50 40 18 17 23 29
634 28 7 41 43 17 25 25 29
635 1 12 39 59 23 12 33 21
636 32 5 23 50 15 11 27 19
637 16 23 70 54 12 20 21 29
638 2 9 17 43 11 8 15 13
639 19 3 29 110 24 1 31 6
640 19 24 81 45 22 21 27 28
641 24 9 76 42 25 0 30 7
642 17 22 53 50 25 1 30 6
643 2 20 69 58 0 23 11 28
644 0 8 170 41 4 12 13 16
645 10 29 37 47 10 8 20 12
646 30 0 170 63 23 4 33 15
647 24 13 15 114 10 20 14 25
648 33 7 46 40 19 10 29 20
649 27 17 235 97 21 13 27 19
650 2 29 167 41 18 21 24 26
651 17 20 244 56 0 17 6 29
652 0 9 246 47 18 18 28 23
653 19 29 169 98 9 17 16 23
654 33 4 72 47 0 17 12 29
655 24 6 65 155 22 1 33 7
656 27 8 45 72 19 21 31 29
657 21 21 23 77 5 5 13 10
658 7 18 83 41 22 1 33 6
659 28 6 40 45 0 20 9 29
660 5 19 81 59 0 23 9 28
661 0 27 54 64 18 15 24 27
662 0 29 183 47 8 3 19 11
663 26 29 219 73 10 6 16 10
664 17 28 30 46 0 14 5 26
665 29 16 2 59 23 5 28 17
666 22 18 213 43 6 10 13 17
667 13 28 37 59 17 21 25 29
668 25 29 2 43 25 1 30 6
669 29 28 202 42 7 0 19 12
670 4 22 51 57 15 20 24 24
671 9 15 192 51 22 22 31 29
672 19 25 186 41 8 12 13 16
673 21 10 44 53 20 21 29 28
674 0 25 42 51 21 1 33 7
675 26 2 242 85 24 8 28 13
676 27 20 43 54 21 21 29 28
677 5 25 221 47 11 1 17 5
678 21 29 43 79 17 18 24 29
679 31 12 60 47 22 19 28 29
680 2 0 12 70 15 10 22 22
681 0 20 193 53 22 17 27 29
682 23 28 8 60 0 18 6 29
683 5 22 30 45 29 14 33 22
684 22 9 38 44 2 15 12 21
685 26 8 44 43 1 15 13 21
686 11 6 44 48 0 6 7 12
687 26 7 30 70 18 18 23 29
688 8 27 62 144 19 22 30 27
689 0 20 5 44 15 11 25 16
690 3 4 194 96 7 13 19 19
691 15 12 15 59 15 24 27 29
692 24 28 36 45 26 11 33 15
693 20 23 46 46 22 23 27 27
694 28 3 50 44 9 7 18 13
695 22 6 22 94 21 14 32 20
696 1 2 58 95 24 2 32 6
697 7 18 67 61 13 1 25 5
698 26 7 36 55 18 17 30 28
699 31 23 70 54 7 20 15 29
700 20 29 238 48 18 25 23 29
