28 28 500 240
0 0 67 7
1 0 49 6
2 0 125 5
3 0 53 4
4 0 126 3
5 0 102 2
6 0 151 1
7 0 1 0
8 0 120 9
9 0 66 8
10 0 63 7
11 0 72 6
12 0 45 5
13 0 151 4
14 0 107 4
15 0 49 5
16 0 127 6
17 0 163 7
18 0 174 8
19 0 1 9
20 0 171 0
21 0 177 1
22 0 164 2
23 0 147 3
24 0 48 4
25 0 86 5
26 0 61 6
27 0 107 7
0 1 126 6
1 1 58 5
2 1 140 4
3 1 1 3
4 1 62 2
5 1 1 1
6 1 130 0
7 1 143 9
8 1 55 8
9 1 166 7
10 1 99 6
11 1 85 5
12 1 178 4
13 1 1 3
14 1 74 3
15 1 45 4
16 1 130 5
17 1 151 6
18 1 40 7
19 1 56 8
20 1 1 9
21 1 42 0
22 1 1 1
23 1 1 2
24 1 122 3
25 1 1 4
26 1 125 5
27 1 46 6
0 2 82 5
1 2 1 4
2 2 77 3
3 2 100 2
4 2 54 1
5 2 139 0
6 2 77 9
7 2 114 8
8 2 139 7
9 2 176 6
10 2 172 5
11 2 82 4
12 2 139 3
13 2 75 2
14 2 45 2
15 2 156 3
16 2 47 4
17 2 123 5
18 2 171 6
19 2 127 7
20 2 179 8
21 2 97 9
22 2 1 0
23 2 169 1
24 2 122 2
25 2 51 3
26 2 60 4
27 2 169 5
0 3 45 4
1 3 1 3
2 3 1 2
3 3 178 1
4 3 177 0
5 3 163 9
6 3 141 8
7 3 105 7
8 3 164 6
9 3 97 5
10 3 72 4
11 3 41 3
12 3 169 2
13 3 73 1
14 3 134 1
15 3 133 2
16 3 148 3
17 3 95 4
18 3 127 5
19 3 89 6
20 3 86 7
21 3 55 8
22 3 136 9
23 3 84 0
24 3 136 1
25 3 115 2
26 3 107 3
27 3 1 4
0 4 1 3
1 4 148 2
2 4 164 1
3 4 125 0
4 4 155 9
5 4 153 8
6 4 128 7
7 4 156 6
8 4 110 5
9 4 52 4
10 4 45 3
11 4 170 2
12 4 167 1
13 4 170 0
14 4 78 0
15 4 136 1
16 4 97 2
17 4 48 3
18 4 113 4
19 4 43 5
20 4 138 6
21 4 56 7
22 4 112 8
23 4 146 9
24 4 51 0
25 4 167 1
26 4 1 2
27 4 174 3
0 5 186 2
1 5 132 1
2 5 169 0
3 5 1 9
4 5 155 8
5 5 112 7
6 5 174 6
7 5 57 5
8 5 141 4
9 5 155 3
10 5 152 2
11 5 156 1
12 5 84 0
13 5 100 9
14 5 107 9
15 5 105 0
16 5 59 1
17 5 1 2
18 5 122 3
19 5 50 4
20 5 103 5
21 5 151 6
22 5 87 7
23 5 112 8
24 5 123 9
25 5 46 0
26 5 79 1
27 5 146 2
0 6 170 1
1 6 110 0
2 6 188 9
3 6 120 8
4 6 69 7
5 6 159 6
6 6 131 5
7 6 44 4
8 6 131 3
9 6 95 2
10 6 54 1
11 6 68 0
12 6 138 9
13 6 115 8
14 6 97 8
15 6 171 9
16 6 42 0
17 6 63 1
18 6 66 2
19 6 158 3
20 6 91 4
21 6 1 5
22 6 69 6
23 6 63 7
24 6 50 8
25 6 92 9
26 6 100 0
27 6 127 1
0 7 78 0
1 7 171 9
2 7 178 8
3 7 110 7
4 7 57 6
5 7 70 5
6 7 115 4
7 7 40 3
8 7 182 2
9 7 152 1
10 7 142 0
11 7 82 9
12 7 60 8
13 7 194 7
14 7 50 7
15 7 190 8
16 7 1 9
17 7 90 0
18 7 155 1
19 7 177 2
20 7 58 3
21 7 131 4
22 7 163 5
23 7 179 6
24 7 46 7
25 7 47 8
26 7 81 9
27 7 133 0
0 8 111 9
1 8 130 8
2 8 87 7
3 8 131 6
4 8 117 5
5 8 113 4
6 8 72 3
7 8 71 2
8 8 128 1
9 8 125 0
10 8 1 9
11 8 85 8
12 8 228 7
13 8 262 6
14 8 129 6
15 8 91 7
16 8 164 8
17 8 44 9
18 8 75 0
19 8 62 1
20 8 109 2
21 8 140 3
22 8 56 4
23 8 71 5
24 8 140 6
25 8 53 7
26 8 179 8
27 8 119 9
0 9 225 8
1 9 189 7
2 9 96 6
3 9 102 5
4 9 1 4
5 9 58 3
6 9 80 2
7 9 52 1
8 9 57 0
9 9 91 9
10 9 160 8
11 9 1 7
12 9 1 6
13 9 75 5
14 9 149 5
15 9 105 6
16 9 84 7
17 9 1 8
18 9 53 9
19 9 161 0
20 9 125 1
21 9 143 2
22 9 1 3
23 9 95 4
24 9 74 5
25 9 117 6
26 9 147 7
27 9 112 8
0 10 98 7
1 10 1 6
2 10 45 5
3 10 81 4
4 10 67 3
5 10 105 2
6 10 1 1
7 10 115 0
8 10 160 9
9 10 114 8
10 10 130 7
11 10 53 6
12 10 72 5
13 10 169 4
14 10 96 4
15 10 62 5
16 10 142 6
17 10 172 7
18 10 66 8
19 10 165 9
20 10 99 0
21 10 174 1
22 10 120 2
23 10 146 3
24 10 108 4
25 10 163 5
26 10 66 6
27 10 53 7
0 11 81 6
1 11 56 5
2 11 87 4
3 11 146 3
4 11 86 2
5 11 104 1
6 11 86 0
7 11 164 9
8 11 41 8
9 11 111 7
10 11 172 6
11 11 1 5
12 11 170 4
13 11 58 3
14 11 155 3
15 11 127 4
16 11 44 5
17 11 131 6
18 11 101 7
19 11 180 8
20 11 161 9
21 11 127 0
22 11 48 1
23 11 154 2
24 11 160 3
25 11 43 4
26 11 72 5
27 11 131 6
0 12 60 5
1 12 55 4
2 12 74 3
3 12 43 2
4 12 172 1
5 12 1 0
6 12 88 9
7 12 98 8
8 12 146 7
9 12 69 6
10 12 132 5
11 12 138 4
12 12 1 3
13 12 74 2
14 12 1 2
15 12 57 3
16 12 155 4
17 12 152 5
18 12 50 6
19 12 64 7
20 12 169 8
21 12 125 9
22 12 56 0
23 12 87 1
24 12 153 2
25 12 1 3
26 12 92 4
27 12 120 5
0 13 79 4
1 13 165 3
2 13 179 2
3 13 48 1
4 13 79 0
5 13 101 9
6 13 96 8
7 13 81 7
8 13 163 6
9 13 161 5
10 13 159 4
11 13 110 3
12 13 1 2
13 13 144 1
14 13 66 1
15 13 123 2
16 13 176 3
17 13 54 4
18 13 146 5
19 13 153 6
20 13 109 7
21 13 114 8
22 13 173 9
23 13 146 0
24 13 61 1
25 13 1 2
26 13 159 3
27 13 74 4
0 14 129 4
1 14 73 3
2 14 118 2
3 14 81 1
4 14 99 0
5 14 90 9
6 14 52 8
7 14 119 7
8 14 89 6
9 14 46 5
10 14 125 4
11 14 81 3
12 14 66 2
13 14 130 1
14 14 85 1
15 14 152 2
16 14 1 3
17 14 100 4
18 14 146 5
19 14 100 6
20 14 83 7
21 14 72 8
22 14 142 9
23 14 164 0
24 14 150 1
25 14 80 2
26 14 76 3
27 14 116 4
0 15 153 5
1 15 91 4
2 15 83 3
3 15 1 2
4 15 85 1
5 15 167 0
6 15 143 9
7 15 99 8
8 15 150 7
9 15 59 6
10 15 104 5
11 15 108 4
12 15 78 3
13 15 1 2
14 15 63 2
15 15 117 3
16 15 58 4
17 15 122 5
18 15 151 6
19 15 64 7
20 15 46 8
21 15 125 9
22 15 159 0
23 15 69 1
24 15 162 2
25 15 135 3
26 15 99 4
27 15 105 5
0 16 1 6
1 16 42 5
2 16 128 4
3 16 155 3
4 16 78 2
5 16 85 1
6 16 125 0
7 16 155 9
8 16 180 8
9 16 149 7
10 16 81 6
11 16 133 5
12 16 141 4
13 16 151 3
14 16 41 3
15 16 99 4
16 16 97 5
17 16 98 6
18 16 128 7
19 16 122 8
20 16 40 9
21 16 126 0
22 16 53 1
23 16 106 2
24 16 109 3
25 16 86 4
26 16 80 5
27 16 72 6
0 17 110 7
1 17 181 6
2 17 138 5
3 17 106 4
4 17 123 3
5 17 59 2
6 17 152 1
7 17 117 0
8 17 133 9
9 17 146 8
10 17 157 7
11 17 163 6
12 17 54 5
13 17 158 4
14 17 98 4
15 17 1 5
16 17 135 6
17 17 73 7
18 17 1 8
19 17 1 9
20 17 177 0
21 17 177 1
22 17 114 2
23 17 89 3
24 17 140 4
25 17 90 5
26 17 94 6
27 17 48 7
0 18 173 8
1 18 117 7
2 18 162 6
3 18 178 5
4 18 122 4
5 18 1 3
6 18 135 2
7 18 133 1
8 18 152 0
9 18 45 9
10 18 50 8
11 18 140 7
12 18 126 6
13 18 83 5
14 18 117 5
15 18 102 6
16 18 119 7
17 18 124 8
18 18 163 9
19 18 105 0
20 18 164 1
21 18 133 2
22 18 167 3
23 18 74 4
24 18 151 5
25 18 132 6
26 18 166 7
27 18 93 8
0 19 94 9
1 19 84 8
2 19 74 7
3 19 153 6
4 19 172 5
5 19 88 4
6 19 56 3
7 19 98 2
8 19 80 1
9 19 167 0
10 19 92 9
11 19 141 8
12 19 56 7
13 19 119 6
14 19 137 6
15 19 86 7
16 19 148 8
17 19 97 9
18 19 49 0
19 19 151 1
20 19 157 2
21 19 1 3
22 19 44 4
23 19 54 5
24 19 81 6
25 19 64 7
26 19 88 8
27 19 101 9
0 20 105 0
1 20 1 9
2 20 101 8
3 20 77 7
4 20 170 6
5 20 101 5
6 20 67 4
7 20 129 3
8 20 58 2
9 20 155 1
10 20 99 0
11 20 75 9
12 20 102 8
13 20 108 7
14 20 1 7
15 20 1 8
16 20 105 9
17 20 132 0
18 20 69 1
19 20 1 2
20 20 56 3
21 20 1 4
22 20 173 5
23 20 172 6
24 20 134 7
25 20 159 8
26 20 93 9
27 20 1 0
0 21 56 1
1 21 69 0
2 21 158 9
3 21 186 8
4 21 43 7
5 21 93 6
6 21 80 5
7 21 81 4
8 21 117 3
9 21 56 2
10 21 1 1
11 21 63 0
12 21 1 9
13 21 145 8
14 21 158 8
15 21 72 9
16 21 75 0
17 21 177 1
18 21 119 2
19 21 123 3
20 21 113 4
21 21 97 5
22 21 156 6
23 21 63 7
24 21 103 8
25 21 100 9
26 21 119 0
27 21 176 1
0 22 118 2
1 22 202 1
2 22 55 0
3 22 75 9
4 22 76 8
5 22 154 7
6 22 160 6
7 22 72 5
8 22 110 4
9 22 1 3
10 22 112 2
11 22 120 1
12 22 151 0
13 22 103 9
14 22 53 9
15 22 140 0
16 22 48 1
17 22 97 2
18 22 178 3
19 22 58 4
20 22 83 5
21 22 116 6
22 22 87 7
23 22 143 8
24 22 100 9
25 22 154 0
26 22 41 1
27 22 41 2
0 23 108 3
1 23 104 2
2 23 178 1
3 23 68 0
4 23 112 9
5 23 163 8
6 23 52 7
7 23 77 6
8 23 149 5
9 23 56 4
10 23 157 3
11 23 45 2
12 23 77 1
13 23 85 0
14 23 180 0
15 23 1 1
16 23 63 2
17 23 162 3
18 23 174 4
19 23 86 5
20 23 1 6
21 23 105 7
22 23 138 8
23 23 127 9
24 23 44 0
25 23 84 1
26 23 114 2
27 23 1 3
0 24 94 4
1 24 250 3
2 24 354 2
3 24 168 1
4 24 85 0
5 24 180 9
6 24 63 8
7 24 139 7
8 24 46 6
9 24 168 5
10 24 1 4
11 24 162 3
12 24 92 2
13 24 70 1
14 24 136 1
15 24 88 2
16 24 96 3
17 24 175 4
18 24 91 5
19 24 145 6
20 24 87 7
21 24 41 8
22 24 106 9
23 24 1 0
24 24 140 1
25 24 129 2
26 24 159 3
27 24 166 4
0 25 97 5
1 25 188 4
2 25 198 3
3 25 66 2
4 25 46 1
5 25 89 0
6 25 67 9
7 25 135 8
8 25 109 7
9 25 118 6
10 25 173 5
11 25 1 4
12 25 113 3
13 25 47 2
14 25 1 2
15 25 61 3
16 25 58 4
17 25 51 5
18 25 170 6
19 25 157 7
20 25 72 8
21 25 125 9
22 25 109 0
23 25 88 1
24 25 95 2
25 25 157 3
26 25 1 4
27 25 109 5
0 26 1 6
1 26 142 5
2 26 60 4
3 26 83 3
4 26 141 2
5 26 138 1
6 26 183 0
7 26 51 9
8 26 85 8
9 26 123 7
10 26 171 6
11 26 103 5
12 26 178 4
13 26 97 3
14 26 122 3
15 26 129 4
16 26 148 5
17 26 166 6
18 26 54 7
19 26 65 8
20 26 75 9
21 26 114 0
22 26 1 1
23 26 113 2
24 26 85 3
25 26 131 4
26 26 132 5
27 26 94 6
0 27 156 7
1 27 1 6
2 27 171 5
3 27 89 4
4 27 1 3
5 27 95 2
6 27 1 1
7 27 41 0
8 27 180 9
9 27 70 8
10 27 49 7
11 27 100 6
12 27 137 5
13 27 1 4
14 27 149 4
15 27 172 5
16 27 109 6
17 27 56 7
18 27 1 8
19 27 62 9
20 27 152 0
21 27 144 1
22 27 53 2
23 27 1 3
24 27 139 4
25 27 88 5
26 27 61 6
27 27 53 7
1 14 15 11 75 0 1 6 15
2 11 16 41 48 10 2 15 13
3 14 16 47 50 10 1 16 14
4 0 9 48 34 16 15 25 25
5 18 15 48 94 0 4 6 12
6 10 18 187 34 0 3 12 13
7 0 23 66 74 0 20 15 27
8 3 23 142 47 9 19 22 27
9 1 22 37 32 0 13 9 27
10 21 1 28 37 4 12 9 20
11 20 19 40 44 0 1 15 14
12 7 27 47 47 7 3 19 12
13 0 25 6 61 10 10 21 17
14 0 12 24 30 8 1 17 14
15 20 16 165 32 0 11 13 19
16 5 25 138 71 0 4 8 12
17 5 3 162 39 16 12 21 26
18 9 9 28 37 0 2 6 14
19 26 25 144 36 10 1 21 11
20 6 11 194 54 5 10 19 23
21 1 8 33 39 22 0 27 11
22 27 14 58 37 20 12 27 23
23 21 11 193 39 0 13 10 27
24 13 11 35 32 5 9 13 23
25 23 5 173 33 2 9 14 18
26 9 7 20 34 0 15 5 27
27 4 8 52 34 10 2 24 13
28 8 5 26 30 8 5 18 10
29 15 19 14 38 3 10 18 20
30 6 25 29 54 0 18 13 27
31 12 6 17 41 0 21 7 26
32 2 15 31 30 0 1 8 15
33 0 27 58 41 13 11 25 19
34 2 10 16 35 15 4 27 17
35 14 16 36 41 12 2 18 12
36 8 1 14 50 0 1 7 15
37 1 22 159 34 3 3 15 13
38 14 5 29 31 0 21 7 26
39 0 8 63 30 0 1 15 15
40 14 10 25 33 0 4 14 12
41 6 3 54 33 11 12 22 21
42 18 6 156 42 0 21 10 26
43 7 27 33 45 3 12 10 20
44 4 17 61 48 0 15 9 27
45 2 26 146 54 18 3 24 18
46 7 1 23 31 0 15 6 27
47 16 10 174 31 1 11 10 24
48 1 3 35 46 8 1 17 15
49 4 8 54 41 11 12 24 25
50 11 12 193 37 0 10 14 25
51 26 18 44 154 8 4 17 11
52 21 17 185 35 9 4 16 12
53 0 8 8 108 0 21 14 26
54 19 2 50 34 5 17 16 26
55 5 23 150 46 0 18 8 27
56 2 22 26 30 12 6 25 20
57 17 26 176 31 3 15 8 26
58 7 21 161 87 0 13 7 27
59 7 23 33 57 6 15 18 21
60 0 20 172 40 0 5 13 10
61 25 7 20 172 7 4 14 12
62 7 7 9 32 0 1 15 10
63 0 27 3 34 0 2 8 14
64 4 13 61 35 1 8 12 14
65 16 27 133 30 0 4 8 12
66 3 16 52 38 0 1 6 15
67 0 7 21 75 13 12 27 27
68 0 25 11 43 7 2 20 13
69 0 14 28 77 8 5 17 11
70 0 12 149 38 3 4 18 15
71 11 9 38 38 3 6 8 13
72 0 3 21 40 7 4 19 12
73 13 23 140 121 0 20 12 27
74 10 9 40 63 11 11 23 22
75 27 0 64 40 9 9 17 20
76 0 22 38 50 0 1 13 13
77 6 4 200 30 9 1 16 14
78 2 19 60 34 0 14 9 26
79 15 6 18 45 8 5 15 20
80 14 7 34 32 0 2 7 14
81 18 4 53 32 8 2 18 14
82 0 27 25 167 0 21 8 26
83 12 15 46 54 0 7 13 16
84 24 19 57 39 9 17 14 24
85 0 19 197 38 0 1 13 15
86 1 27 10 123 1 11 9 23
87 2 5 54 48 0 12 9 27
88 4 23 9 32 2 10 15 25
89 0 7 39 45 0 21 6 27
90 2 6 25 68 3 6 10 20
91 11 4 166 30 0 3 15 12
92 6 7 171 39 5 16 14 21
93 11 27 26 53 8 0 17 15
94 21 22 42 55 2 3 13 8
95 13 22 23 36 0 1 14 6
96 1 19 135 33 7 2 18 13
97 11 4 169 32 10 10 20 18
98 2 8 138 100 0 1 14 15
99 9 9 21 39 0 19 6 27
100 0 3 29 57 0 15 10 27
101 17 22 28 40 12 14 23 25
102 27 19 0 69 0 2 9 14
103 18 8 3 30 7 10 13 25
104 2 22 33 32 0 1 11 15
105 0 22 31 32 6 19 21 27
106 19 18 11 63 7 1 20 10
107 7 21 59 31 10 2 15 14
108 14 25 169 42 0 1 8 14
109 0 24 37 70 8 1 17 14
110 10 3 52 51 0 21 12 27
111 12 13 8 47 0 5 7 10
112 0 22 158 33 0 1 6 14
113 2 4 62 35 13 9 25 15
114 15 3 24 34 17 3 26 17
115 9 2 59 61 10 12 20 19
116 13 5 53 100 8 3 17 13
117 0 23 30 35 2 16 15 22
118 9 4 181 34 3 1 14 8
119 10 8 148 46 10 2 16 13
120 15 7 62 62 1 8 6 21
121 17 22 2 205 12 7 27 14
122 18 19 58 136 13 0 22 12
123 22 27 56 32 0 2 12 14
124 5 4 62 227 0 14 12 27
125 8 7 165 34 0 12 15 27
126 0 11 182 34 0 13 15 27
127 0 7 200 65 0 14 14 27
128 5 9 63 43 9 3 17 8
129 0 19 159 50 7 21 20 26
130 9 6 191 40 5 4 20 12
131 27 21 64 31 7 6 22 13
132 5 4 34 61 0 3 12 12
133 4 3 8 84 15 17 26 22
134 21 2 13 49 10 17 24 25
135 0 4 162 39 0 13 11 27
136 1 19 1 67 14 22 27 27
137 7 20 63 43 11 11 18 22
138 9 23 12 37 7 15 20 21
139 15 12 10 49 0 19 12 27
140 5 10 154 43 0 4 7 12
141 6 13 32 59 5 10 17 23
142 0 23 197 49 13 2 22 17
143 14 5 47 34 0 13 14 27
144 12 3 23 43 3 4 10 14
145 8 4 19 34 17 7 27 21
146 19 21 11 126 0 15 7 27
147 19 19 12 35 0 14 11 27
148 26 0 62 37 12 13 27 25
149 1 27 189 65 17 4 23 17
150 17 8 185 35 11 0 23 13
151 4 25 56 101 14 6 22 19
152 0 27 149 83 0 2 14 13
153 4 25 12 115 3 6 16 14
154 14 7 58 33 14 1 24 16
155 5 27 5 57 18 10 23 21
156 27 19 161 34 5 17 14 24
157 0 22 51 53 3 4 12 12
158 13 22 19 55 1 11 15 26
159 6 23 142 107 7 10 13 25
160 19 19 36 30 2 4 9 13
161 22 1 45 31 0 4 13 11
162 5 17 154 47 10 9 21 24
163 4 6 28 43 3 14 14 24
164 11 6 49 32 12 7 20 18
165 3 22 26 47 8 5 18 11
166 27 13 23 58 8 16 21 24
167 19 3 34 36 0 13 9 27
168 4 19 47 50 3 11 16 16
169 16 8 10 34 10 1 22 12
170 25 6 31 72 9 12 15 18
171 22 13 33 47 3 12 17 18
172 5 11 61 43 0 15 11 27
173 20 12 187 31 16 6 26 15
174 0 6 29 39 8 4 17 11
175 13 21 41 87 6 9 19 18
176 13 1 196 61 18 5 26 20
177 2 21 15 95 0 5 14 11
178 9 7 9 35 8 4 18 11
179 2 4 142 260 0 21 14 27
180 13 8 196 35 0 15 15 27
181 20 21 3 35 7 1 20 10
182 8 7 48 78 7 4 18 12
183 16 22 13 65 12 17 23 22
184 1 27 190 34 0 8 12 22
185 9 4 8 35 14 7 27 18
186 13 26 20 57 14 8 23 19
187 12 1 44 32 10 9 24 23
188 27 5 37 63 10 1 15 13
189 18 3 16 33 8 12 18 21
190 22 10 22 32 0 5 13 10
191 2 23 151 39 0 17 7 27
192 15 4 9 43 0 20 15 27
193 18 9 141 58 9 22 21 27
194 13 8 189 32 0 15 8 27
195 5 7 22 34 0 17 6 27
196 5 12 153 57 6 3 19 12
197 9 3 48 37 0 3 5 12
198 3 25 146 58 15 8 27 16
199 12 3 155 31 9 5 16 11
200 2 24 0 132 0 21 14 26
201 0 6 15 68 0 13 8 27
202 6 10 13 260 8 4 18 11
203 24 22 24 36 5 10 15 23
204 0 26 62 78 0 5 8 11
205 25 3 11 54 10 2 15 14
206 0 3 50 34 18 6 24 21
207 11 11 18 31 0 1 12 14
208 1 25 52 97 3 9 18 14
209 5 13 43 69 9 1 16 14
210 0 2 135 45 0 3 6 12
211 27 16 153 53 16 4 21 12
212 2 19 50 52 18 10 26 22
213 13 8 23 40 9 2 16 14
214 11 2 33 37 0 19 7 27
215 0 27 180 37 0 17 7 27
216 10 11 31 34 5 15 20 26
217 2 25 137 101 0 13 13 27
218 12 13 192 33 4 1 12 13
219 26 10 40 46 3 11 11 22
220 10 11 146 40 10 9 19 17
221 2 26 59 55 3 15 18 27
222 18 3 39 79 0 3 11 12
223 0 26 21 32 0 4 14 12
224 15 5 32 63 13 4 24 16
225 9 8 178 41 19 18 26 25
226 11 16 31 46 4 9 17 24
227 20 22 29 34 0 14 15 27
228 22 1 9 39 6 5 20 10
229 6 13 171 46 0 21 15 27
230 17 18 188 63 13 7 25 19
231 16 8 166 54 20 1 26 11
232 0 8 21 110 0 21 5 27
233 1 25 148 32 2 4 17 14
234 0 27 58 41 0 3 11 13
235 14 26 23 79 7 3 18 12
236 12 9 45 30 8 12 23 21
237 26 7 31 61 9 1 17 15
238 1 27 16 57 11 1 21 15
239 27 6 46 31 0 0 9 15
240 18 16 149 137 0 2 12 14
241 6 27 195 51 11 3 23 18
242 17 26 35 60 8 11 18 26
243 4 16 46 32 0 15 5 27
244 27 14 21 32 0 18 7 27
245 16 4 3 33 5 2 20 14
246 14 25 55 34 12 2 26 11
247 16 7 17 67 6 2 19 13
248 18 4 27 39 13 2 23 10
249 5 26 51 32 0 15 15 27
250 15 13 151 77 4 7 10 13
251 14 3 15 40 0 3 6 13
252 13 8 40 30 10 3 16 13
253 5 20 25 36 6 3 20 15
254 4 5 178 33 1 16 15 23
255 0 4 63 37 6 1 19 15
256 0 9 13 65 0 21 5 26
257 2 5 181 34 4 13 16 27
258 6 27 61 39 0 21 10 26
259 21 5 20 34 7 4 21 11
260 0 22 185 31 0 15 9 27
261 1 13 58 38 0 19 8 27
262 14 6 12 38 9 9 23 23
263 10 12 58 56 0 9 14 18
264 14 10 22 45 1 2 16 16
265 1 5 162 52 0 1 8 14
266 0 20 26 39 0 17 7 27
267 13 9 55 99 8 16 20 22
268 10 23 58 41 0 17 14 27
269 13 5 35 36 4 12 14 20
270 6 27 174 42 2 6 8 18
271 0 9 51 38 10 11 24 25
272 0 5 141 34 6 2 19 14
273 4 21 178 58 8 1 18 15
274 14 3 181 39 0 15 10 21
275 22 22 195 41 0 4 5 11
276 0 0 28 32 7 0 21 11
277 27 25 171 46 0 1 5 15
278 12 9 60 36 8 2 17 13
279 4 23 46 83 0 9 12 22
280 0 5 163 34 7 13 22 23
281 22 8 198 37 15 20 24 26
282 16 3 43 33 9 10 22 23
283 16 7 145 117 9 3 24 16
284 7 22 8 53 5 4 15 13
285 0 24 66 134 7 5 18 11
286 1 10 36 107 6 15 19 26
287 10 15 25 36 0 4 6 11
288 25 27 11 32 7 20 12 25
289 5 12 6 37 8 5 17 11
290 4 7 4 36 1 7 14 22
291 16 7 2 34 8 0 20 14
292 16 6 181 47 8 1 17 15
293 20 20 178 38 0 16 15 27
294 0 27 64 39 0 15 11 27
295 6 18 58 37 8 0 18 15
296 8 14 173 40 0 21 5 27
297 3 19 61 74 0 3 5 13
298 16 5 165 64 0 5 7 11
299 2 27 62 34 15 2 23 14
300 5 22 3 42 0 3 5 12
301 10 11 41 34 2 3 16 17
302 20 9 30 87 0 21 12 27
303 9 2 171 94 0 21 8 26
304 3 24 187 34 9 2 16 14
305 0 27 140 35 0 13 6 27
306 27 21 39 217 0 15 6 27
307 12 25 33 35 0 3 15 14
308 2 10 17 39 10 3 16 13
309 3 5 22 47 12 9 27 22
310 12 19 139 37 0 1 14 14
311 2 11 183 30 12 11 19 20
312 19 5 164 49 9 4 17 11
313 11 6 10 36 15 12 27 26
314 0 6 17 129 0 2 11 13
315 25 6 187 42 5 4 20 12
316 23 22 17 38 9 18 21 25
317 6 10 179 32 5 3 15 13
318 6 12 153 41 15 21 20 27
319 3 25 40 56 0 3 8 12
320 9 5 145 40 0 13 5 27
321 12 23 7 45 5 5 20 10
322 18 10 2 104 1 3 11 16
323 18 6 167 61 6 13 21 23
324 27 19 46 35 5 5 20 11
325 19 11 30 36 10 12 20 21
326 15 16 0 49 7 5 19 10
327 8 6 66 35 0 1 11 14
328 0 6 40 32 9 0 20 11
329 8 12 49 61 0 5 10 10
330 6 7 31 43 0 12 5 27
331 15 6 197 46 0 3 14 12
332 17 11 57 62 5 2 17 10
333 9 13 164 32 0 2 10 14
334 4 4 42 33 7 12 22 18
335 20 12 9 41 0 20 10 27
336 7 14 4 41 11 10 16 22
337 14 7 53 95 5 4 20 12
338 4 8 4 56 0 4 13 12
339 19 25 4 75 0 15 9 27
340 4 23 1 58 0 1 13 14
341 2 3 28 41 7 3 18 12
342 18 4 3 35 8 5 19 11
343 21 17 149 33 17 5 24 15
344 9 9 28 36 9 3 17 12
345 22 15 10 41 0 21 6 26
346 0 6 25 39 7 2 13 13
347 3 25 60 35 10 4 25 10
348 7 21 46 55 0 21 11 27
349 1 13 148 36 10 3 17 17
350 18 18 171 260 16 2 24 17
351 10 8 183 31 9 7 20 18
352 0 13 17 48 15 0 20 11
353 11 7 10 33 0 19 13 27
354 11 4 18 74 0 3 6 13
355 0 25 3 37 18 0 27 8
356 0 27 54 40 8 2 16 17
357 4 21 26 30 0 12 14 27
358 18 21 167 34 0 4 8 11
359 23 21 163 32 2 14 17 23
360 14 3 2 52 9 5 17 19
361 18 5 133 34 3 18 11 24
362 10 5 23 98 0 19 12 27
363 6 11 133 32 0 1 9 14
364 6 27 42 69 8 8 17 16
365 14 2 62 35 6 5 20 11
366 16 11 39 35 13 3 27 10
367 12 12 195 92 7 16 12 25
368 2 7 2 92 4 6 17 20
369 8 15 142 50 0 15 6 27
370 10 6 4 42 13 12 18 23
371 10 4 133 37 7 9 22 21
372 5 27 62 33 6 3 20 13
373 0 23 55 37 6 1 20 15
374 3 7 169 35 0 21 13 27
375 11 12 20 38 8 6 15 14
376 11 12 42 49 6 18 19 27
377 1 10 32 33 0 5 10 10
378 4 18 29 38 0 15 8 27
379 10 5 178 42 8 4 17 12
380 5 7 62 51 9 0 14 13
381 13 5 133 40 10 0 16 7
382 23 19 66 74 0 3 13 13
383 22 19 193 85 8 22 18 27
384 0 6 26 31 9 12 24 27
385 10 5 152 31 14 10 22 15
386 25 11 3 60 9 5 15 14
387 13 9 195 54 0 1 5 15
388 4 26 16 104 0 15 6 27
389 0 21 36 39 0 4 7 12
390 11 17 9 33 0 12 14 27
391 9 12 7 189 0 2 10 13
392 27 24 157 45 18 12 24 17
393 15 10 57 35 7 15 17 23
394 10 8 36 36 14 2 19 8
395 17 8 56 111 0 5 14 11
396 7 26 64 41 1 17 14 23
397 16 3 2 46 2 19 15 27
398 2 14 193 112 2 2 10 11
399 24 23 192 30 0 3 11 13
400 18 11 51 30 6 10 20 23
401 5 12 31 33 7 5 12 20
402 10 13 57 96 0 9 9 24
403 23 12 10 49 11 14 25 24
404 22 23 134 55 0 21 14 26
405 0 5 39 74 0 2 11 13
406 15 5 64 31 9 5 16 11
407 5 9 14 37 4 8 18 14
408 6 1 170 32 3 5 12 15
409 5 9 45 38 0 21 11 26
410 3 27 20 34 9 2 16 13
411 18 2 39 36 0 13 15 27
412 13 12 191 55 0 5 8 10
413 4 27 158 38 8 2 17 13
414 24 22 55 188 12 11 26 23
415 10 10 49 35 0 2 14 13
416 22 10 189 31 0 21 14 26
417 0 12 49 34 2 12 15 27
418 2 18 148 43 0 1 14 15
419 8 6 66 107 0 1 14 14
420 18 8 178 40 19 16 24 23
421 10 8 42 46 0 12 5 27
422 0 20 171 35 10 14 23 23
423 0 24 30 151 8 3 18 13
424 2 17 28 33 5 4 20 11
425 14 1 167 34 10 11 18 19
426 17 8 186 104 9 1 17 14
427 7 1 59 36 0 2 9 14
428 3 21 63 33 0 8 15 18
429 6 1 146 55 0 12 11 27
430 17 3 52 86 6 18 15 25
431 1 3 193 40 0 4 6 11
432 12 9 196 50 13 6 27 15
433 2 2 61 31 8 4 23 19
434 4 22 3 57 14 5 26 20
435 25 16 1 78 17 4 24 18
436 13 3 194 32 13 4 22 14
437 14 9 38 34 0 1 11 14
438 0 0 176 35 3 8 13 22
439 27 21 181 36 1 0 9 15
440 1 26 58 66 7 2 12 7
441 17 6 26 260 0 17 14 27
442 4 13 64 38 0 15 14 27
443 25 20 8 50 8 18 22 27
444 12 3 17 77 0 15 12 27
445 3 7 17 105 0 15 8 27
446 4 25 28 32 0 14 14 27
447 14 15 16 45 0 17 14 27
448 0 21 66 39 0 1 10 14
449 6 19 41 38 8 10 22 17
450 19 5 29 32 7 0 22 11
451 17 13 184 57 10 2 15 14
452 0 10 47 41 5 1 20 15
453 0 9 30 32 19 0 25 10
454 6 0 54 220 7 1 21 9
455 13 22 63 36 9 1 16 15
456 1 27 185 30 7 3 19 13
457 0 23 28 31 8 18 15 27
458 1 6 158 52 11 10 24 24
459 13 2 64 33 7 1 18 15
460 18 20 142 69 8 15 23 25
461 18 11 44 34 6 12 17 18
462 16 2 37 49 0 3 15 12
463 23 4 6 87 13 14 26 27
464 16 26 37 115 0 21 10 26
465 2 6 0 80 0 4 9 12
466 14 10 46 39 2 8 11 22
467 4 8 8 46 9 4 23 18
468 6 24 154 138 0 10 14 25
469 0 4 32 64 0 2 7 14
470 2 2 174 58 6 4 19 12
471 0 24 54 30 12 5 22 18
472 5 12 49 87 0 2 15 16
473 22 5 175 55 9 20 20 27
474 0 11 197 31 0 1 9 14
475 18 22 177 38 18 8 24 17
476 5 17 1 68 0 15 10 27
477 1 27 49 31 6 0 19 15
478 12 25 61 34 7 7 19 16
479 23 17 36 33 13 15 23 21
480 12 9 12 41 12 11 17 25
481 0 23 53 67 7 1 18 15
482 3 27 196 42 4 7 10 21
483 27 13 195 33 0 14 8 27
484 15 7 17 39 4 10 12 19
485 1 3 200 32 5 14 16 26
486 3 21 52 43 0 9 10 24
487 6 3 56 53 7 10 22 19
488 16 9 192 36 0 14 5 27
489 27 14 153 38 4 0 9 13
490 13 0 163 45 7 6 13 16
491 12 0 179 31 1 16 9 27
492 0 24 64 32 10 1 16 15
493 4 8 15 42 0 2 15 13
494 2 11 48 95 10 13 18 26
495 17 11 189 32 0 1 15 14
496 16 3 1 66 16 1 23 15
497 23 11 42 56 0 4 14 12
498 15 3 62 38 0 21 13 26
499 1 20 178 63 9 14 15 27
500 0 3 138 31 14 2 22 9
