60 60 1800 160
0 0 43 6
1 0 57 0
2 0 64 5
3 0 61 2
4 0 48 5
5 0 55 6
6 0 45 6
7 0 44 7
8 0 46 1
9 0 49 0
10 0 58 9
11 0 70 0
12 0 59 7
13 0 53 8
14 0 76 5
15 0 40 8
16 0 67 9
17 0 71 6
18 0 63 2
19 0 45 4
20 0 50 8
21 0 65 7
22 0 64 5
23 0 41 1
24 0 80 5
25 0 54 8
26 0 43 7
27 0 80 8
28 0 70 2
29 0 74 7
30 0 42 7
31 0 52 5
32 0 57 6
33 0 40 1
34 0 72 1
35 0 45 0
36 0 74 8
37 0 80 5
38 0 56 0
39 0 75 5
40 0 41 2
41 0 66 2
42 0 63 1
43 0 80 8
44 0 64 2
45 0 58 6
46 0 63 5
47 0 73 2
48 0 77 0
49 0 48 0
50 0 62 7
51 0 59 0
52 0 50 8
53 0 72 5
54 0 72 5
55 0 54 5
56 0 45 8
57 0 55 5
58 0 56 8
59 0 45 8
0 1 52 0
1 1 52 3
2 1 45 1
3 1 61 2
4 1 74 7
5 1 71 0
6 1 56 9
7 1 71 3
8 1 72 9
9 1 80 9
10 1 78 5
11 1 77 0
12 1 63 5
13 1 66 3
14 1 68 3
15 1 51 0
16 1 66 4
17 1 51 6
18 1 63 4
19 1 47 8
20 1 78 6
21 1 43 4
22 1 46 5
23 1 55 4
24 1 68 5
25 1 55 7
26 1 72 4
27 1 61 2
28 1 47 7
29 1 48 0
30 1 70 2
31 1 60 3
32 1 78 7
33 1 72 9
34 1 58 0
35 1 60 3
36 1 44 4
37 1 50 5
38 1 67 0
39 1 71 3
40 1 42 2
41 1 73 4
42 1 71 7
43 1 54 1
44 1 46 8
45 1 75 3
46 1 73 1
47 1 80 6
48 1 68 9
49 1 67 6
50 1 73 7
51 1 48 3
52 1 55 3
53 1 53 0
54 1 40 5
55 1 75 3
56 1 67 2
57 1 59 5
58 1 53 5
59 1 49 6
0 2 54 6
1 2 65 6
2 2 44 7
3 2 42 7
4 2 46 7
5 2 62 0
6 2 68 4
7 2 63 0
8 2 46 1
9 2 77 1
10 2 53 2
11 2 66 7
12 2 48 0
13 2 50 1
14 2 61 2
15 2 54 3
16 2 65 2
17 2 47 1
18 2 48 5
19 2 68 3
20 2 55 6
21 2 61 1
22 2 40 6
23 2 62 0
24 2 43 1
25 2 55 2
26 2 75 9
27 2 74 6
28 2 75 2
29 2 66 9
30 2 58 0
31 2 62 0
32 2 58 2
33 2 79 1
34 2 78 8
35 2 52 1
36 2 52 5
37 2 67 4
38 2 75 2
39 2 64 0
40 2 80 3
41 2 63 2
42 2 78 1
43 2 44 4
44 2 63 6
45 2 45 8
46 2 75 8
47 2 47 5
48 2 58 4
49 2 68 0
50 2 45 9
51 2 46 7
52 2 64 5
53 2 51 2
54 2 64 3
55 2 55 6
56 2 48 1
57 2 51 6
58 2 50 6
59 2 59 0
0 3 47 6
1 3 57 8
2 3 52 4
3 3 78 5
4 3 41 4
5 3 58 3
6 3 67 0
7 3 67 2
8 3 50 8
9 3 54 1
10 3 68 3
11 3 65 6
12 3 74 1
13 3 53 0
14 3 74 0
15 3 53 2
16 3 73 0
17 3 66 7
18 3 79 2
19 3 65 1
20 3 45 2
21 3 48 9
22 3 59 6
23 3 56 2
24 3 74 8
25 3 45 0
26 3 77 2
27 3 73 9
28 3 46 3
29 3 80 8
30 3 70 4
31 3 69 4
32 3 74 9
33 3 61 0
34 3 63 1
35 3 71 6
36 3 51 9
37 3 44 6
38 3 48 1
39 3 71 3
40 3 80 7
41 3 61 9
42 3 80 4
43 3 61 2
44 3 55 0
45 3 73 2
46 3 63 2
47 3 49 2
48 3 65 2
49 3 75 8
50 3 51 7
51 3 72 7
52 3 49 8
53 3 80 1
54 3 67 7
55 3 65 6
56 3 66 5
57 3 68 1
58 3 42 5
59 3 63 3
0 4 75 8
1 4 70 9
2 4 61 0
3 4 51 7
4 4 52 7
5 4 67 0
6 4 62 2
7 4 57 5
8 4 74 1
9 4 62 0
10 4 47 8
11 4 40 8
12 4 66 7
13 4 44 2
14 4 62 6
15 4 71 1
16 4 62 6
17 4 46 1
18 4 47 3
19 4 45 6
20 4 68 6
21 4 68 6
22 4 43 4
23 4 72 5
24 4 63 5
25 4 78 0
26 4 68 5
27 4 42 4
28 4 60 2
29 4 60 5
30 4 54 0
31 4 79 2
32 4 53 7
33 4 75 4
34 4 50 7
35 4 61 7
36 4 69 4
37 4 67 4
38 4 45 7
39 4 46 9
40 4 60 9
41 4 79 3
42 4 43 6
43 4 72 9
44 4 57 4
45 4 51 3
46 4 66 1
47 4 77 1
48 4 63 2
49 4 50 9
50 4 48 4
51 4 66 7
52 4 57 9
53 4 52 9
54 4 78 4
55 4 52 0
56 4 51 5
57 4 79 2
58 4 60 3
59 4 42 1
0 5 51 6
1 5 51 8
2 5 73 3
3 5 46 2
4 5 55 2
5 5 68 9
6 5 63 0
7 5 79 6
8 5 67 2
9 5 76 3
10 5 59 7
11 5 72 9
12 5 52 2
13 5 54 1
14 5 46 2
15 5 41 6
16 5 54 3
17 5 79 1
18 5 57 4
19 5 57 2
20 5 79 3
21 5 40 1
22 5 66 7
23 5 44 5
24 5 72 8
25 5 59 7
26 5 80 4
27 5 61 7
28 5 59 7
29 5 70 5
30 5 47 5
31 5 56 8
32 5 45 5
33 5 63 7
34 5 64 3
35 5 51 5
36 5 53 2
37 5 75 6
38 5 63 4
39 5 76 6
40 5 74 0
41 5 54 3
42 5 78 9
43 5 62 9
44 5 60 0
45 5 69 0
46 5 55 2
47 5 57 2
48 5 50 2
49 5 51 6
50 5 75 6
51 5 76 5
52 5 48 7
53 5 59 5
54 5 50 4
55 5 69 7
56 5 79 3
57 5 49 6
58 5 54 7
59 5 42 9
0 6 79 5
1 6 48 3
2 6 41 1
3 6 44 8
4 6 70 7
5 6 58 3
6 6 60 3
7 6 73 3
8 6 42 8
9 6 52 4
10 6 57 4
11 6 48 6
12 6 60 2
13 6 44 3
14 6 63 7
15 6 43 0
16 6 63 9
17 6 42 6
18 6 61 2
19 6 80 4
20 6 66 9
21 6 80 9
22 6 61 7
23 6 77 4
24 6 80 8
25 6 77 7
26 6 71 2
27 6 49 0
28 6 63 7
29 6 53 0
30 6 53 2
31 6 79 3
32 6 67 9
33 6 72 3
34 6 40 9
35 6 78 2
36 6 55 7
37 6 61 6
38 6 65 1
39 6 74 6
40 6 51 6
41 6 51 5
42 6 74 9
43 6 42 6
44 6 80 7
45 6 47 0
46 6 79 0
47 6 65 1
48 6 48 3
49 6 56 3
50 6 68 1
51 6 72 5
52 6 75 2
53 6 71 9
54 6 79 6
55 6 46 5
56 6 44 7
57 6 77 8
58 6 48 3
59 6 50 4
0 7 79 3
1 7 55 4
2 7 63 1
3 7 55 4
4 7 40 4
5 7 45 8
6 7 73 5
7 7 61 9
8 7 53 7
9 7 42 0
10 7 46 7
11 7 65 8
12 7 40 3
13 7 62 2
14 7 48 9
15 7 50 9
16 7 59 1
17 7 68 1
18 7 57 1
19 7 56 7
20 7 61 7
21 7 48 9
22 7 74 9
23 7 59 8
24 7 60 9
25 7 58 3
26 7 69 1
27 7 70 3
28 7 68 6
29 7 59 8
30 7 57 8
31 7 77 0
32 7 73 2
33 7 48 6
34 7 48 7
35 7 47 4
36 7 48 1
37 7 46 9
38 7 58 5
39 7 67 3
40 7 76 8
41 7 65 0
42 7 56 3
43 7 58 8
44 7 53 3
45 7 53 2
46 7 72 4
47 7 48 4
48 7 45 3
49 7 66 7
50 7 50 8
51 7 79 3
52 7 68 4
53 7 59 0
54 7 55 7
55 7 54 0
56 7 63 2
57 7 67 9
58 7 44 7
59 7 50 8
0 8 49 2
1 8 75 8
2 8 73 1
3 8 55 7
4 8 73 2
5 8 66 1
6 8 41 9
7 8 56 6
8 8 78 8
9 8 76 2
10 8 51 4
11 8 51 6
12 8 48 7
13 8 74 4
14 8 49 3
15 8 77 5
16 8 44 5
17 8 41 7
18 8 66 9
19 8 70 3
20 8 64 8
21 8 78 1
22 8 52 3
23 8 73 8
24 8 52 6
25 8 58 2
26 8 77 4
27 8 75 1
28 8 40 6
29 8 66 9
30 8 62 7
31 8 71 2
32 8 45 1
33 8 63 0
34 8 40 2
35 8 78 1
36 8 54 5
37 8 77 9
38 8 50 2
39 8 73 8
40 8 42 4
41 8 64 1
42 8 74 1
43 8 56 8
44 8 53 8
45 8 79 0
46 8 48 5
47 8 74 9
48 8 51 3
49 8 76 6
50 8 55 4
51 8 66 0
52 8 61 0
53 8 52 5
54 8 62 8
55 8 63 0
56 8 47 9
57 8 51 5
58 8 56 5
59 8 55 8
0 9 75 3
1 9 60 9
2 9 62 6
3 9 62 7
4 9 43 1
5 9 64 8
6 9 58 7
7 9 44 1
8 9 47 7
9 9 62 5
10 9 44 3
11 9 62 1
12 9 67 7
13 9 51 3
14 9 43 8
15 9 50 0
16 9 75 1
17 9 55 8
18 9 55 6
19 9 62 0
20 9 48 3
21 9 73 4
22 9 79 8
23 9 44 9
24 9 45 7
25 9 73 0
26 9 43 2
27 9 41 3
28 9 53 1
29 9 58 6
30 9 69 7
31 9 70 1
32 9 48 3
33 9 47 6
34 9 62 6
35 9 60 5
36 9 46 6
37 9 45 4
38 9 74 7
39 9 76 8
40 9 61 2
41 9 66 6
42 9 68 4
43 9 63 8
44 9 70 9
45 9 70 6
46 9 45 3
47 9 52 3
48 9 75 6
49 9 42 2
50 9 68 0
51 9 40 4
52 9 45 2
53 9 60 4
54 9 80 1
55 9 49 1
56 9 63 5
57 9 73 9
58 9 79 7
59 9 59 8
0 10 45 4
1 10 48 6
2 10 57 0
3 10 46 9
4 10 69 0
5 10 54 9
6 10 44 5
7 10 67 0
8 10 40 8
9 10 52 8
10 10 57 5
11 10 77 9
12 10 69 1
13 10 41 4
14 10 43 4
15 10 66 5
16 10 64 2
17 10 50 4
18 10 52 6
19 10 68 8
20 10 74 8
21 10 62 5
22 10 73 5
23 10 41 7
24 10 42 0
25 10 44 3
26 10 54 2
27 10 46 3
28 10 74 0
29 10 40 8
30 10 48 1
31 10 65 3
32 10 79 2
33 10 42 7
34 10 80 3
35 10 45 6
36 10 66 9
37 10 42 0
38 10 80 4
39 10 76 7
40 10 57 7
41 10 78 5
42 10 64 5
43 10 63 4
44 10 75 2
45 10 41 0
46 10 51 7
47 10 40 7
48 10 80 2
49 10 66 6
50 10 77 5
51 10 79 7
52 10 74 5
53 10 63 4
54 10 73 8
55 10 60 6
56 10 52 2
57 10 78 2
58 10 60 9
59 10 70 1
0 11 59 9
1 11 46 2
2 11 74 5
3 11 40 1
4 11 75 5
5 11 49 0
6 11 42 9
7 11 66 8
8 11 79 4
9 11 50 9
10 11 53 7
11 11 45 0
12 11 40 5
13 11 71 9
14 11 68 5
15 11 55 4
16 11 78 6
17 11 54 2
18 11 46 4
19 11 57 4
20 11 54 2
21 11 70 4
22 11 49 9
23 11 65 1
24 11 55 6
25 11 44 9
26 11 58 1
27 11 75 7
28 11 71 7
29 11 54 5
30 11 67 6
31 11 70 2
32 11 68 7
33 11 73 0
34 11 69 8
35 11 58 9
36 11 47 1
37 11 77 0
38 11 41 1
39 11 59 8
40 11 46 8
41 11 43 3
42 11 69 7
43 11 60 1
44 11 63 2
45 11 44 0
46 11 61 0
47 11 57 1
48 11 52 4
49 11 71 1
50 11 46 9
51 11 61 6
52 11 69 3
53 11 45 3
54 11 79 1
55 11 48 0
56 11 67 6
57 11 49 5
58 11 65 9
59 11 53 2
0 12 69 6
1 12 60 0
2 12 65 9
3 12 57 6
4 12 72 3
5 12 47 0
6 12 48 2
7 12 70 3
8 12 70 7
9 12 57 7
10 12 61 9
11 12 46 1
12 12 76 8
13 12 78 9
14 12 51 3
15 12 66 7
16 12 40 8
17 12 74 5
18 12 48 4
19 12 74 5
20 12 62 0
21 12 66 4
22 12 63 0
23 12 76 9
24 12 49 1
25 12 47 8
26 12 75 5
27 12 50 9
28 12 54 7
29 12 78 0
30 12 77 3
31 12 77 5
32 12 41 1
33 12 59 8
34 12 60 3
35 12 66 2
36 12 55 1
37 12 40 1
38 12 43 4
39 12 78 1
40 12 79 2
41 12 65 6
42 12 57 8
43 12 63 8
44 12 58 2
45 12 63 6
46 12 54 4
47 12 48 6
48 12 62 2
49 12 53 9
50 12 73 6
51 12 75 0
52 12 76 0
53 12 67 7
54 12 40 6
55 12 75 4
56 12 68 2
57 12 77 5
58 12 80 2
59 12 78 0
0 13 69 3
1 13 70 0
2 13 80 4
3 13 73 3
4 13 51 2
5 13 54 2
6 13 41 2
7 13 53 9
8 13 61 9
9 13 44 8
10 13 58 3
11 13 70 1
12 13 78 0
13 13 49 2
14 13 54 6
15 13 70 1
16 13 41 5
17 13 77 0
18 13 56 8
19 13 72 0
20 13 66 3
21 13 55 1
22 13 72 6
23 13 77 5
24 13 44 5
25 13 69 4
26 13 60 2
27 13 48 1
28 13 76 4
29 13 68 6
30 13 73 7
31 13 48 8
32 13 65 1
33 13 69 0
34 13 54 6
35 13 43 4
36 13 44 2
37 13 49 7
38 13 48 8
39 13 79 3
40 13 48 3
41 13 66 4
42 13 77 2
43 13 41 3
44 13 53 1
45 13 43 2
46 13 72 3
47 13 79 8
48 13 66 0
49 13 43 5
50 13 62 7
51 13 48 2
52 13 64 5
53 13 52 2
54 13 68 5
55 13 63 0
56 13 46 8
57 13 75 3
58 13 64 4
59 13 49 0
0 14 53 4
1 14 59 8
2 14 70 0
3 14 42 0
4 14 46 8
5 14 63 9
6 14 48 2
7 14 61 0
8 14 58 3
9 14 77 4
10 14 68 7
11 14 70 1
12 14 49 9
13 14 76 4
14 14 62 6
15 14 57 9
16 14 57 6
17 14 51 6
18 14 72 1
19 14 42 6
20 14 64 9
21 14 60 5
22 14 65 3
23 14 80 0
24 14 43 5
25 14 52 6
26 14 70 5
27 14 57 8
28 14 74 9
29 14 55 9
30 14 50 7
31 14 75 0
32 14 42 4
33 14 74 4
34 14 45 3
35 14 75 5
36 14 68 8
37 14 79 6
38 14 57 8
39 14 45 5
40 14 52 0
41 14 72 0
42 14 57 2
43 14 45 6
44 14 61 7
45 14 57 0
46 14 59 7
47 14 77 0
48 14 73 2
49 14 80 3
50 14 63 6
51 14 54 6
52 14 46 5
53 14 47 3
54 14 68 3
55 14 50 2
56 14 49 6
57 14 41 8
58 14 54 1
59 14 56 0
0 15 47 4
1 15 53 4
2 15 74 4
3 15 40 2
4 15 72 5
5 15 54 4
6 15 66 8
7 15 59 1
8 15 41 4
9 15 64 0
10 15 44 4
11 15 67 2
12 15 64 9
13 15 41 0
14 15 71 4
15 15 41 0
16 15 70 6
17 15 64 3
18 15 45 4
19 15 49 5
20 15 55 4
21 15 49 5
22 15 48 0
23 15 66 9
24 15 78 1
25 15 65 2
26 15 74 0
27 15 70 3
28 15 41 6
29 15 40 4
30 15 65 5
31 15 69 8
32 15 54 6
33 15 66 9
34 15 79 0
35 15 50 0
36 15 57 1
37 15 77 4
38 15 77 0
39 15 42 1
40 15 80 1
41 15 60 3
42 15 71 1
43 15 71 3
44 15 66 9
45 15 46 7
46 15 50 0
47 15 55 3
48 15 66 6
49 15 78 7
50 15 45 9
51 15 64 7
52 15 43 7
53 15 80 7
54 15 60 9
55 15 40 4
56 15 69 4
57 15 58 0
58 15 42 1
59 15 52 4
0 16 51 5
1 16 66 2
2 16 74 4
3 16 73 2
4 16 43 6
5 16 59 4
6 16 71 1
7 16 51 4
8 16 48 1
9 16 63 5
10 16 51 0
11 16 64 1
12 16 53 9
13 16 52 4
14 16 49 1
15 16 72 2
16 16 64 7
17 16 50 7
18 16 45 6
19 16 58 9
20 16 68 7
21 16 52 4
22 16 56 8
23 16 52 4
24 16 44 7
25 16 53 7
26 16 62 5
27 16 64 5
28 16 51 6
29 16 44 1
30 16 58 2
31 16 59 6
32 16 55 9
33 16 60 8
34 16 47 3
35 16 51 1
36 16 47 6
37 16 79 6
38 16 50 0
39 16 67 2
40 16 61 1
41 16 64 6
42 16 44 4
43 16 78 4
44 16 71 5
45 16 40 8
46 16 75 4
47 16 41 9
48 16 74 3
49 16 58 8
50 16 62 7
51 16 42 9
52 16 57 7
53 16 67 7
54 16 58 9
55 16 68 1
56 16 75 7
57 16 61 9
58 16 44 7
59 16 40 5
0 17 63 4
1 17 54 4
2 17 53 7
3 17 45 2
4 17 72 6
5 17 44 9
6 17 61 2
7 17 59 8
8 17 51 5
9 17 79 7
10 17 40 9
11 17 67 7
12 17 67 3
13 17 41 3
14 17 66 1
15 17 53 1
16 17 73 9
17 17 59 5
18 17 69 1
19 17 75 3
20 17 63 9
21 17 76 0
22 17 41 2
23 17 68 8
24 17 50 5
25 17 40 3
26 17 40 0
27 17 71 3
28 17 75 5
29 17 80 6
30 17 40 7
31 17 74 1
32 17 47 5
33 17 74 9
34 17 52 8
35 17 54 4
36 17 46 3
37 17 74 8
38 17 70 9
39 17 46 8
40 17 52 0
41 17 50 8
42 17 40 6
43 17 55 1
44 17 46 7
45 17 76 2
46 17 64 0
47 17 58 4
48 17 46 8
49 17 47 7
50 17 47 7
51 17 79 1
52 17 61 7
53 17 67 3
54 17 51 2
55 17 68 4
56 17 55 3
57 17 79 6
58 17 59 3
59 17 56 7
0 18 74 0
1 18 76 2
2 18 59 8
3 18 61 4
4 18 66 7
5 18 67 8
6 18 63 6
7 18 71 9
8 18 76 8
9 18 56 2
10 18 68 0
11 18 48 1
12 18 48 4
13 18 49 2
14 18 47 5
15 18 79 7
16 18 73 7
17 18 60 0
18 18 63 7
19 18 68 7
20 18 41 6
21 18 55 6
22 18 72 0
23 18 67 7
24 18 79 5
25 18 69 1
26 18 75 9
27 18 78 8
28 18 49 1
29 18 73 4
30 18 57 9
31 18 60 6
32 18 44 7
33 18 75 7
34 18 51 6
35 18 46 7
36 18 44 0
37 18 52 8
38 18 68 6
39 18 41 8
40 18 48 2
41 18 50 6
42 18 69 7
43 18 66 1
44 18 43 8
45 18 74 3
46 18 60 6
47 18 56 7
48 18 40 5
49 18 68 4
50 18 65 6
51 18 67 9
52 18 60 6
53 18 76 9
54 18 61 9
55 18 56 4
56 18 50 0
57 18 48 1
58 18 52 6
59 18 57 2
0 19 57 2
1 19 64 3
2 19 45 2
3 19 56 4
4 19 77 1
5 19 40 6
6 19 77 6
7 19 80 2
8 19 45 3
9 19 77 7
10 19 58 9
11 19 55 4
12 19 45 2
13 19 42 5
14 19 45 1
15 19 73 2
16 19 63 8
17 19 80 5
18 19 41 6
19 19 80 9
20 19 66 3
21 19 47 7
22 19 49 5
23 19 79 7
24 19 46 3
25 19 52 6
26 19 75 3
27 19 67 3
28 19 64 6
29 19 55 3
30 19 63 1
31 19 62 0
32 19 67 2
33 19 54 6
34 19 75 8
35 19 72 9
36 19 46 4
37 19 46 4
38 19 56 3
39 19 49 4
40 19 63 8
41 19 41 6
42 19 77 5
43 19 60 8
44 19 75 6
45 19 61 0
46 19 53 9
47 19 55 1
48 19 45 6
49 19 78 6
50 19 41 4
51 19 63 9
52 19 46 3
53 19 51 8
54 19 70 5
55 19 72 6
56 19 68 6
57 19 67 8
58 19 60 4
59 19 73 2
0 20 41 7
1 20 54 5
2 20 80 6
3 20 46 1
4 20 68 8
5 20 58 6
6 20 42 9
7 20 71 4
8 20 52 5
9 20 60 5
10 20 61 9
11 20 47 3
12 20 42 9
13 20 46 1
14 20 58 1
15 20 40 5
16 20 48 2
17 20 65 1
18 20 42 0
19 20 75 4
20 20 76 4
21 20 61 8
22 20 71 2
23 20 58 7
24 20 80 1
25 20 41 4
26 20 75 7
27 20 43 0
28 20 56 6
29 20 47 6
30 20 53 2
31 20 78 4
32 20 69 9
33 20 79 6
34 20 74 6
35 20 58 9
36 20 68 7
37 20 78 9
38 20 58 1
39 20 54 6
40 20 55 6
41 20 54 3
42 20 69 4
43 20 65 7
44 20 64 8
45 20 62 9
46 20 77 6
47 20 51 4
48 20 52 9
49 20 41 5
50 20 43 9
51 20 43 2
52 20 55 5
53 20 57 4
54 20 65 5
55 20 43 1
56 20 49 8
57 20 40 6
58 20 61 4
59 20 49 0
0 21 43 5
1 21 66 7
2 21 44 1
3 21 67 8
4 21 63 2
5 21 42 6
6 21 44 7
7 21 68 3
8 21 79 5
9 21 63 8
10 21 68 3
11 21 64 3
12 21 69 0
13 21 76 4
14 21 52 9
15 21 75 4
16 21 73 1
17 21 62 2
18 21 65 2
19 21 55 8
20 21 74 1
21 21 58 1
22 21 64 3
23 21 43 1
24 21 46 8
25 21 70 7
26 21 57 4
27 21 40 2
28 21 45 2
29 21 44 7
30 21 61 0
31 21 42 4
32 21 66 0
33 21 52 4
34 21 53 1
35 21 50 4
36 21 62 9
37 21 53 8
38 21 46 0
39 21 62 5
40 21 49 4
41 21 52 5
42 21 74 3
43 21 43 7
44 21 57 7
45 21 47 9
46 21 54 1
47 21 77 1
48 21 46 4
49 21 60 9
50 21 42 2
51 21 49 9
52 21 61 7
53 21 60 9
54 21 66 5
55 21 62 2
56 21 40 7
57 21 74 4
58 21 56 3
59 21 66 5
0 22 80 4
1 22 71 9
2 22 80 5
3 22 50 0
4 22 49 0
5 22 44 0
6 22 65 3
7 22 51 4
8 22 72 2
9 22 58 7
10 22 41 8
11 22 49 1
12 22 79 6
13 22 58 4
14 22 52 9
15 22 61 5
16 22 60 2
17 22 72 2
18 22 69 5
19 22 44 4
20 22 80 6
21 22 56 3
22 22 44 3
23 22 79 5
24 22 80 9
25 22 63 2
26 22 60 2
27 22 75 3
28 22 59 6
29 22 63 2
30 22 68 2
31 22 42 4
32 22 57 9
33 22 51 8
34 22 57 8
35 22 69 0
36 22 53 7
37 22 48 0
38 22 68 5
39 22 64 6
40 22 52 5
41 22 44 2
42 22 72 1
43 22 73 7
44 22 58 5
45 22 58 5
46 22 62 6
47 22 69 7
48 22 54 7
49 22 77 4
50 22 47 0
51 22 43 5
52 22 78 3
53 22 69 2
54 22 71 9
55 22 52 8
56 22 68 7
57 22 56 7
58 22 64 6
59 22 49 4
0 23 56 5
1 23 71 2
2 23 49 9
3 23 61 7
4 23 76 4
5 23 75 9
6 23 73 7
7 23 53 3
8 23 73 4
9 23 74 0
10 23 58 8
11 23 42 9
12 23 42 1
13 23 51 4
14 23 64 9
15 23 70 1
16 23 74 6
17 23 52 7
18 23 69 3
19 23 71 8
20 23 63 4
21 23 56 1
22 23 60 0
23 23 69 3
24 23 42 1
25 23 50 1
26 23 76 1
27 23 40 4
28 23 67 1
29 23 42 5
30 23 50 1
31 23 59 3
32 23 74 7
33 23 71 2
34 23 46 5
35 23 64 1
36 23 49 3
37 23 68 4
38 23 42 4
39 23 64 5
40 23 57 4
41 23 73 3
42 23 73 3
43 23 50 3
44 23 77 7
45 23 58 8
46 23 53 3
47 23 74 9
48 23 62 3
49 23 79 5
50 23 41 4
51 23 78 9
52 23 72 2
53 23 42 8
54 23 46 7
55 23 66 9
56 23 77 7
57 23 59 0
58 23 68 5
59 23 52 8
0 24 76 4
1 24 53 7
2 24 60 4
3 24 48 2
4 24 63 1
5 24 68 7
6 24 68 2
7 24 65 5
8 24 50 4
9 24 68 8
10 24 47 0
11 24 66 7
12 24 74 5
13 24 49 9
14 24 59 1
15 24 69 8
16 24 58 2
17 24 50 0
18 24 72 9
19 24 80 9
20 24 53 5
21 24 55 6
22 24 44 2
23 24 70 6
24 24 52 5
25 24 80 5
26 24 77 2
27 24 47 2
28 24 45 2
29 24 55 9
30 24 64 3
31 24 47 1
32 24 50 1
33 24 63 6
34 24 56 5
35 24 60 1
36 24 60 5
37 24 75 1
38 24 51 7
39 24 77 7
40 24 67 9
41 24 49 0
42 24 62 8
43 24 76 2
44 24 46 2
45 24 52 7
46 24 54 0
47 24 73 4
48 24 40 6
49 24 46 5
50 24 75 0
51 24 52 6
52 24 50 9
53 24 64 4
54 24 71 0
55 24 43 9
56 24 42 8
57 24 58 5
58 24 40 2
59 24 79 2
0 25 74 9
1 25 50 4
2 25 58 1
3 25 54 6
4 25 42 7
5 25 59 3
6 25 53 8
7 25 69 3
8 25 70 7
9 25 65 5
10 25 46 9
11 25 78 0
12 25 62 9
13 25 60 3
14 25 50 9
15 25 57 4
16 25 44 6
17 25 70 2
18 25 64 9
19 25 46 3
20 25 62 2
21 25 75 6
22 25 78 3
23 25 72 5
24 25 49 3
25 25 55 0
26 25 59 2
27 25 63 5
28 25 66 6
29 25 44 6
30 25 70 8
31 25 60 7
32 25 71 8
33 25 71 5
34 25 80 8
35 25 77 9
36 25 63 2
37 25 64 6
38 25 78 3
39 25 74 7
40 25 70 1
41 25 71 3
42 25 51 4
43 25 69 9
44 25 52 9
45 25 78 3
46 25 51 9
47 25 44 5
48 25 51 7
49 25 71 1
50 25 62 1
51 25 62 9
52 25 64 6
53 25 74 6
54 25 61 1
55 25 41 5
56 25 71 6
57 25 46 4
58 25 41 9
59 25 54 8
0 26 75 6
1 26 71 4
2 26 42 4
3 26 72 9
4 26 77 4
5 26 59 5
6 26 70 4
7 26 67 7
8 26 70 5
9 26 46 1
10 26 71 0
11 26 78 3
12 26 58 2
13 26 55 0
14 26 63 6
15 26 79 4
16 26 72 4
17 26 44 2
18 26 51 0
19 26 54 8
20 26 42 8
21 26 76 0
22 26 78 4
23 26 46 8
24 26 79 5
25 26 57 1
26 26 57 0
27 26 63 2
28 26 48 6
29 26 51 0
30 26 73 0
31 26 76 6
32 26 62 5
33 26 71 4
34 26 43 8
35 26 66 3
36 26 61 3
37 26 77 0
38 26 46 6
39 26 80 2
40 26 40 3
41 26 50 4
42 26 43 0
43 26 57 4
44 26 45 2
45 26 55 0
46 26 42 8
47 26 47 8
48 26 73 0
49 26 48 7
50 26 76 4
51 26 42 8
52 26 53 6
53 26 62 4
54 26 76 8
55 26 62 2
56 26 55 6
57 26 59 1
58 26 72 8
59 26 75 8
0 27 49 6
1 27 70 3
2 27 77 9
3 27 69 0
4 27 70 5
5 27 78 7
6 27 58 8
7 27 49 7
8 27 40 9
9 27 47 7
10 27 48 0
11 27 43 2
12 27 73 6
13 27 56 5
14 27 40 2
15 27 63 9
16 27 47 9
17 27 55 1
18 27 56 5
19 27 41 5
20 27 49 5
21 27 71 2
22 27 74 5
23 27 72 9
24 27 79 4
25 27 53 1
26 27 46 4
27 27 71 4
28 27 44 4
29 27 45 5
30 27 56 1
31 27 67 5
32 27 78 2
33 27 69 7
34 27 41 1
35 27 43 1
36 27 56 7
37 27 70 0
38 27 53 6
39 27 45 3
40 27 64 4
41 27 57 0
42 27 46 1
43 27 64 2
44 27 48 3
45 27 77 5
46 27 46 2
47 27 51 9
48 27 73 8
49 27 64 5
50 27 78 9
51 27 52 9
52 27 73 0
53 27 67 0
54 27 65 5
55 27 49 6
56 27 62 9
57 27 51 3
58 27 60 3
59 27 51 9
0 28 55 3
1 28 49 9
2 28 45 7
3 28 77 0
4 28 44 3
5 28 56 8
6 28 48 2
7 28 50 6
8 28 53 6
9 28 69 0
10 28 80 3
11 28 64 9
12 28 41 7
13 28 49 4
14 28 76 3
15 28 61 5
16 28 63 1
17 28 67 9
18 28 50 0
19 28 41 1
20 28 71 1
21 28 61 9
22 28 60 4
23 28 48 4
24 28 65 1
25 28 49 1
26 28 72 1
27 28 61 9
28 28 63 2
29 28 63 1
30 28 50 0
31 28 76 0
32 28 44 7
33 28 61 3
34 28 78 3
35 28 47 4
36 28 80 5
37 28 65 9
38 28 80 5
39 28 71 9
40 28 47 9
41 28 62 3
42 28 74 5
43 28 58 5
44 28 64 7
45 28 72 0
46 28 61 8
47 28 70 0
48 28 55 9
49 28 73 3
50 28 44 8
51 28 58 2
52 28 53 5
53 28 80 6
54 28 66 0
55 28 70 6
56 28 66 3
57 28 43 1
58 28 63 7
59 28 55 4
0 29 57 7
1 29 40 6
2 29 41 7
3 29 53 8
4 29 72 7
5 29 52 5
6 29 73 8
7 29 59 3
8 29 55 7
9 29 53 4
10 29 67 3
11 29 40 5
12 29 71 2
13 29 49 9
14 29 61 1
15 29 80 6
16 29 80 6
17 29 44 0
18 29 66 2
19 29 44 0
20 29 79 0
21 29 71 7
22 29 43 7
23 29 62 0
24 29 69 8
25 29 49 1
26 29 78 3
27 29 49 5
28 29 42 1
29 29 61 8
30 29 52 9
31 29 73 0
32 29 48 7
33 29 59 6
34 29 70 9
35 29 40 2
36 29 79 8
37 29 54 6
38 29 43 3
39 29 71 8
40 29 67 3
41 29 79 1
42 29 75 8
43 29 65 4
44 29 50 8
45 29 62 2
46 29 62 8
47 29 78 9
48 29 59 3
49 29 65 8
50 29 55 2
51 29 71 9
52 29 77 7
53 29 50 6
54 29 47 0
55 29 58 2
56 29 53 3
57 29 74 1
58 29 66 1
59 29 46 7
0 30 54 1
1 30 49 5
2 30 48 5
3 30 56 7
4 30 70 6
5 30 44 3
6 30 60 3
7 30 47 9
8 30 54 9
9 30 60 1
10 30 77 2
11 30 59 3
12 30 73 9
13 30 51 0
14 30 65 0
15 30 64 4
16 30 54 1
17 30 44 5
18 30 48 8
19 30 43 0
20 30 63 0
21 30 45 3
22 30 56 3
23 30 72 0
24 30 76 2
25 30 69 1
26 30 62 0
27 30 59 9
28 30 74 4
29 30 55 0
30 30 63 3
31 30 80 6
32 30 72 3
33 30 56 1
34 30 57 2
35 30 68 3
36 30 54 9
37 30 80 9
38 30 77 9
39 30 43 3
40 30 50 8
41 30 55 8
42 30 59 7
43 30 58 6
44 30 40 0
45 30 58 7
46 30 53 4
47 30 63 9
48 30 51 0
49 30 68 1
50 30 76 8
51 30 49 2
52 30 41 5
53 30 54 4
54 30 68 1
55 30 75 0
56 30 71 0
57 30 58 3
58 30 50 9
59 30 72 2
0 31 80 3
1 31 56 6
2 31 69 7
3 31 78 9
4 31 77 9
5 31 73 8
6 31 59 9
7 31 48 7
8 31 73 9
9 31 71 9
10 31 40 8
11 31 51 0
12 31 66 0
13 31 45 0
14 31 73 4
15 31 67 4
16 31 70 8
17 31 44 3
18 31 58 7
19 31 41 2
20 31 53 9
21 31 42 9
22 31 40 6
23 31 65 5
24 31 49 0
25 31 78 0
26 31 70 4
27 31 60 8
28 31 44 7
29 31 57 9
30 31 60 5
31 31 53 6
32 31 79 5
33 31 74 9
34 31 77 0
35 31 70 4
36 31 41 5
37 31 62 8
38 31 47 8
39 31 53 4
40 31 79 9
41 31 52 2
42 31 54 3
43 31 66 3
44 31 79 5
45 31 60 8
46 31 57 1
47 31 67 7
48 31 54 4
49 31 41 2
50 31 61 0
51 31 71 6
52 31 78 3
53 31 78 3
54 31 57 5
55 31 50 8
56 31 62 7
57 31 42 4
58 31 54 1
59 31 77 3
0 32 71 6
1 32 42 0
2 32 45 5
3 32 49 0
4 32 72 6
5 32 44 5
6 32 40 9
7 32 80 2
8 32 40 3
9 32 72 9
10 32 76 1
11 32 79 0
12 32 56 2
13 32 47 3
14 32 64 6
15 32 78 5
16 32 50 2
17 32 49 3
18 32 42 5
19 32 70 7
20 32 65 7
21 32 46 9
22 32 50 9
23 32 60 6
24 32 71 1
25 32 70 9
26 32 68 5
27 32 68 2
28 32 44 6
29 32 47 5
30 32 60 8
31 32 62 8
32 32 47 0
33 32 48 5
34 32 63 1
35 32 53 9
36 32 80 8
37 32 44 0
38 32 41 2
39 32 40 8
40 32 52 9
41 32 77 0
42 32 76 7
43 32 61 7
44 32 60 5
45 32 54 7
46 32 43 2
47 32 63 4
48 32 60 0
49 32 45 1
50 32 75 7
51 32 43 1
52 32 78 3
53 32 72 8
54 32 70 7
55 32 75 8
56 32 54 6
57 32 58 6
58 32 76 3
59 32 51 9
0 33 73 7
1 33 74 3
2 33 55 1
3 33 44 4
4 33 69 1
5 33 72 5
6 33 43 8
7 33 78 9
8 33 51 8
9 33 65 2
10 33 76 2
11 33 55 6
12 33 43 3
13 33 62 5
14 33 66 9
15 33 74 7
16 33 44 2
17 33 59 0
18 33 76 6
19 33 42 9
20 33 45 9
21 33 78 7
22 33 56 7
23 33 40 4
24 33 63 9
25 33 40 3
26 33 45 4
27 33 59 7
28 33 43 6
29 33 64 7
30 33 48 8
31 33 48 2
32 33 44 2
33 33 77 4
34 33 47 9
35 33 79 4
36 33 56 3
37 33 42 4
38 33 51 4
39 33 61 2
40 33 46 9
41 33 65 5
42 33 76 7
43 33 69 0
44 33 70 6
45 33 80 2
46 33 53 2
47 33 67 9
48 33 44 4
49 33 59 9
50 33 46 9
51 33 61 6
52 33 69 1
53 33 40 0
54 33 75 1
55 33 52 4
56 33 70 4
57 33 64 3
58 33 54 0
59 33 69 9
0 34 68 5
1 34 62 2
2 34 69 6
3 34 65 2
4 34 77 2
5 34 61 7
6 34 60 9
7 34 40 2
8 34 49 6
9 34 78 2
10 34 76 9
11 34 41 6
12 34 41 2
13 34 77 6
14 34 80 3
15 34 40 1
16 34 45 2
17 34 79 1
18 34 80 7
19 34 62 0
20 34 50 1
21 34 64 5
22 34 61 4
23 34 46 0
24 34 58 3
25 34 46 4
26 34 72 8
27 34 57 7
28 34 60 0
29 34 63 3
30 34 41 5
31 34 62 1
32 34 74 3
33 34 45 2
34 34 69 9
35 34 57 8
36 34 49 3
37 34 61 0
38 34 75 6
39 34 44 3
40 34 72 3
41 34 43 7
42 34 44 1
43 34 58 7
44 34 46 8
45 34 71 1
46 34 80 9
47 34 56 3
48 34 43 1
49 34 56 4
50 34 64 8
51 34 46 6
52 34 46 4
53 34 57 3
54 34 76 3
55 34 63 1
56 34 70 0
57 34 75 1
58 34 50 4
59 34 66 7
0 35 60 9
1 35 57 3
2 35 76 1
3 35 46 7
4 35 73 8
5 35 56 6
6 35 68 0
7 35 41 8
8 35 70 7
9 35 60 8
10 35 48 0
11 35 47 4
12 35 48 8
13 35 59 6
14 35 46 7
15 35 65 4
16 35 63 7
17 35 69 9
18 35 59 2
19 35 53 8
20 35 41 7
21 35 61 9
22 35 45 9
23 35 47 5
24 35 64 9
25 35 41 0
26 35 40 4
27 35 56 2
28 35 52 2
29 35 41 0
30 35 55 3
31 35 51 3
32 35 76 0
33 35 40 7
34 35 79 3
35 35 74 8
36 35 78 7
37 35 77 9
38 35 44 9
39 35 57 9
40 35 43 4
41 35 43 2
42 35 47 4
43 35 70 0
44 35 68 7
45 35 57 2
46 35 44 9
47 35 60 0
48 35 49 3
49 35 68 5
50 35 78 7
51 35 70 2
52 35 65 7
53 35 76 4
54 35 49 9
55 35 73 8
56 35 76 4
57 35 40 4
58 35 71 9
59 35 42 5
0 36 76 9
1 36 48 5
2 36 78 3
3 36 80 6
4 36 69 0
5 36 61 9
6 36 62 7
7 36 60 0
8 36 69 0
9 36 57 8
10 36 63 1
11 36 80 4
12 36 46 3
13 36 55 1
14 36 62 0
15 36 76 0
16 36 46 8
17 36 67 6
18 36 77 7
19 36 80 1
20 36 66 7
21 36 71 7
22 36 75 0
23 36 43 8
24 36 66 4
25 36 49 7
26 36 62 4
27 36 46 9
28 36 54 9
29 36 77 4
30 36 77 0
31 36 53 9
32 36 52 3
33 36 74 0
34 36 66 8
35 36 53 6
36 36 79 9
37 36 67 1
38 36 63 7
39 36 61 8
40 36 71 5
41 36 68 6
42 36 47 3
43 36 65 8
44 36 45 4
45 36 60 8
46 36 48 4
47 36 43 5
48 36 43 8
49 36 50 8
50 36 72 4
51 36 43 7
52 36 59 3
53 36 45 5
54 36 40 2
55 36 42 4
56 36 54 6
57 36 68 5
58 36 75 4
59 36 77 6
0 37 61 8
1 37 62 1
2 37 63 9
3 37 76 6
4 37 56 3
5 37 50 0
6 37 76 2
7 37 40 2
8 37 56 3
9 37 57 3
10 37 49 1
11 37 45 5
12 37 54 8
13 37 73 6
14 37 55 2
15 37 67 5
16 37 73 6
17 37 63 0
18 37 76 9
19 37 74 1
20 37 47 9
21 37 41 2
22 37 49 4
23 37 44 6
24 37 51 5
25 37 41 3
26 37 73 8
27 37 42 1
28 37 56 9
29 37 59 1
30 37 78 1
31 37 56 2
32 37 75 0
33 37 50 1
34 37 59 7
35 37 43 4
36 37 77 3
37 37 54 4
38 37 64 9
39 37 70 7
40 37 59 3
41 37 66 8
42 37 75 2
43 37 61 9
44 37 67 0
45 37 59 6
46 37 76 1
47 37 71 0
48 37 42 9
49 37 64 5
50 37 47 4
51 37 46 2
52 37 63 6
53 37 79 1
54 37 79 7
55 37 80 9
56 37 49 7
57 37 67 7
58 37 43 5
59 37 54 3
0 38 75 4
1 38 48 8
2 38 55 2
3 38 78 3
4 38 50 7
5 38 73 3
6 38 66 2
7 38 69 4
8 38 66 6
9 38 66 5
10 38 41 3
11 38 52 1
12 38 68 2
13 38 57 5
14 38 73 7
15 38 69 4
16 38 66 8
17 38 68 2
18 38 77 3
19 38 41 0
20 38 80 0
21 38 74 6
22 38 44 1
23 38 60 3
24 38 53 6
25 38 41 8
26 38 63 7
27 38 52 8
28 38 59 4
29 38 40 0
30 38 72 1
31 38 73 1
32 38 76 2
33 38 56 1
34 38 69 4
35 38 44 4
36 38 52 8
37 38 60 8
38 38 77 1
39 38 79 3
40 38 74 4
41 38 77 1
42 38 68 0
43 38 52 8
44 38 61 0
45 38 50 2
46 38 78 8
47 38 47 5
48 38 76 5
49 38 55 4
50 38 47 1
51 38 78 5
52 38 78 9
53 38 46 5
54 38 74 0
55 38 47 4
56 38 44 4
57 38 66 1
58 38 49 9
59 38 42 5
0 39 54 7
1 39 44 9
2 39 46 0
3 39 42 8
4 39 51 4
5 39 61 5
6 39 65 6
7 39 45 2
8 39 76 7
9 39 53 9
10 39 64 1
11 39 44 3
12 39 74 3
13 39 70 9
14 39 61 3
15 39 63 0
16 39 42 7
17 39 73 0
18 39 44 9
19 39 56 3
20 39 46 6
21 39 45 2
22 39 64 2
23 39 64 6
24 39 58 2
25 39 61 8
26 39 57 8
27 39 60 8
28 39 75 5
29 39 74 8
30 39 54 9
31 39 41 8
32 39 54 0
33 39 44 6
34 39 69 2
35 39 78 3
36 39 44 9
37 39 49 4
38 39 74 5
39 39 69 4
40 39 54 1
41 39 71 1
42 39 67 9
43 39 47 0
44 39 79 0
45 39 71 8
46 39 42 4
47 39 78 4
48 39 67 6
49 39 73 2
50 39 42 0
51 39 55 6
52 39 70 2
53 39 60 0
54 39 44 2
55 39 60 1
56 39 52 5
57 39 58 7
58 39 41 4
59 39 76 1
0 40 59 7
1 40 49 6
2 40 73 2
3 40 73 7
4 40 44 0
5 40 59 6
6 40 43 4
7 40 59 3
8 40 60 4
9 40 44 1
10 40 70 4
11 40 68 8
12 40 59 7
13 40 60 4
14 40 74 0
15 40 53 1
16 40 53 9
17 40 58 8
18 40 60 3
19 40 42 7
20 40 71 7
21 40 69 7
22 40 56 4
23 40 77 5
24 40 40 4
25 40 58 0
26 40 79 9
27 40 80 3
28 40 62 1
29 40 70 2
30 40 56 5
31 40 67 8
32 40 47 1
33 40 76 6
34 40 54 3
35 40 52 3
36 40 74 4
37 40 50 5
38 40 75 6
39 40 65 7
40 40 68 9
41 40 73 8
42 40 65 0
43 40 68 0
44 40 76 5
45 40 62 9
46 40 55 0
47 40 53 1
48 40 64 3
49 40 51 0
50 40 45 5
51 40 80 8
52 40 57 4
53 40 69 1
54 40 77 4
55 40 64 0
56 40 60 8
57 40 42 8
58 40 78 3
59 40 53 3
0 41 69 0
1 41 44 8
2 41 55 7
3 41 60 7
4 41 42 7
5 41 50 9
6 41 80 3
7 41 62 2
8 41 66 5
9 41 46 6
10 41 80 4
11 41 49 0
12 41 78 4
13 41 41 2
14 41 64 7
15 41 62 0
16 41 42 4
17 41 58 4
18 41 52 1
19 41 56 5
20 41 51 4
21 41 51 4
22 41 44 8
23 41 54 1
24 41 74 5
25 41 61 8
26 41 67 1
27 41 65 0
28 41 41 7
29 41 77 8
30 41 70 9
31 41 65 6
32 41 44 9
33 41 53 3
34 41 76 4
35 41 80 4
36 41 67 7
37 41 76 9
38 41 52 7
39 41 55 9
40 41 53 0
41 41 53 4
42 41 45 9
43 41 71 4
44 41 52 2
45 41 68 4
46 41 65 4
47 41 57 4
48 41 55 2
49 41 68 6
50 41 41 9
51 41 73 4
52 41 62 4
53 41 46 3
54 41 79 6
55 41 42 6
56 41 50 6
57 41 59 2
58 41 72 5
59 41 65 3
0 42 62 6
1 42 69 8
2 42 72 7
3 42 43 8
4 42 64 2
5 42 44 1
6 42 52 8
7 42 78 7
8 42 63 4
9 42 68 7
10 42 72 7
11 42 70 4
12 42 73 7
13 42 65 2
14 42 78 3
15 42 68 8
16 42 74 7
17 42 77 1
18 42 45 0
19 42 75 8
20 42 53 6
21 42 77 9
22 42 50 7
23 42 53 1
24 42 49 1
25 42 51 2
26 42 68 9
27 42 53 0
28 42 68 0
29 42 69 5
30 42 40 5
31 42 73 8
32 42 78 9
33 42 47 4
34 42 47 8
35 42 67 8
36 42 61 8
37 42 72 1
38 42 47 0
39 42 78 6
40 42 60 3
41 42 57 2
42 42 59 3
43 42 53 2
44 42 74 2
45 42 49 6
46 42 74 8
47 42 70 4
48 42 79 0
49 42 65 2
50 42 57 6
51 42 80 0
52 42 56 8
53 42 42 7
54 42 53 6
55 42 46 1
56 42 77 8
57 42 75 4
58 42 44 3
59 42 61 7
0 43 65 4
1 43 62 8
2 43 60 4
3 43 52 8
4 43 45 6
5 43 64 7
6 43 69 2
7 43 80 9
8 43 46 5
9 43 58 5
10 43 64 4
11 43 44 1
12 43 78 7
13 43 68 1
14 43 80 2
15 43 73 2
16 43 47 0
17 43 42 2
18 43 68 6
19 43 53 6
20 43 69 4
21 43 79 8
22 43 79 9
23 43 47 4
24 43 42 8
25 43 68 8
26 43 64 6
27 43 53 1
28 43 67 0
29 43 40 0
30 43 60 2
31 43 54 1
32 43 71 8
33 43 47 5
34 43 74 3
35 43 42 3
36 43 74 2
37 43 41 0
38 43 61 5
39 43 74 1
40 43 50 9
41 43 50 4
42 43 43 5
43 43 70 1
44 43 59 8
45 43 78 2
46 43 54 6
47 43 78 1
48 43 68 1
49 43 57 0
50 43 73 2
51 43 61 5
52 43 72 4
53 43 56 6
54 43 61 1
55 43 46 8
56 43 43 7
57 43 58 5
58 43 79 3
59 43 59 5
0 44 46 6
1 44 65 2
2 44 77 2
3 44 48 9
4 44 74 0
5 44 57 5
6 44 76 0
7 44 71 8
8 44 41 0
9 44 72 9
10 44 55 9
11 44 49 4
12 44 75 5
13 44 74 8
14 44 56 3
15 44 41 8
16 44 69 2
17 44 44 6
18 44 76 1
19 44 74 2
20 44 41 1
21 44 59 7
22 44 76 5
23 44 52 0
24 44 52 0
25 44 62 0
26 44 58 9
27 44 45 1
28 44 41 9
29 44 80 3
30 44 51 6
31 44 54 0
32 44 65 1
33 44 66 9
34 44 62 0
35 44 77 2
36 44 45 6
37 44 71 5
38 44 42 0
39 44 67 9
40 44 52 6
41 44 76 4
42 44 55 8
43 44 41 6
44 44 43 6
45 44 40 3
46 44 42 1
47 44 55 6
48 44 58 8
49 44 51 7
50 44 72 0
51 44 77 4
52 44 43 3
53 44 44 2
54 44 70 5
55 44 64 5
56 44 42 4
57 44 41 3
58 44 76 8
59 44 72 2
0 45 69 1
1 45 43 7
2 45 79 5
3 45 62 6
4 45 61 7
5 45 64 4
6 45 42 8
7 45 47 1
8 45 45 8
9 45 45 1
10 45 76 1
11 45 50 7
12 45 60 1
13 45 57 8
14 45 40 1
15 45 71 6
16 45 40 7
17 45 79 8
18 45 59 7
19 45 61 5
20 45 66 2
21 45 58 4
22 45 76 1
23 45 58 0
24 45 54 6
25 45 63 6
26 45 56 6
27 45 79 4
28 45 53 8
29 45 41 2
30 45 68 1
31 45 59 3
32 45 72 0
33 45 61 8
34 45 69 1
35 45 76 6
36 45 45 7
37 45 76 0
38 45 51 5
39 45 74 0
40 45 75 2
41 45 46 6
42 45 63 7
43 45 72 6
44 45 62 4
45 45 75 8
46 45 75 6
47 45 54 6
48 45 77 4
49 45 56 3
50 45 59 9
51 45 56 3
52 45 75 4
53 45 59 6
54 45 72 6
55 45 70 7
56 45 79 3
57 45 54 5
58 45 54 0
59 45 70 1
0 46 44 5
1 46 69 7
2 46 42 8
3 46 42 1
4 46 55 1
5 46 49 9
6 46 77 0
7 46 53 1
8 46 47 5
9 46 70 7
10 46 67 1
11 46 76 5
12 46 64 9
13 46 67 1
14 46 41 9
15 46 70 2
16 46 77 8
17 46 57 8
18 46 75 7
19 46 52 1
20 46 80 0
21 46 53 2
22 46 78 0
23 46 80 8
24 46 63 8
25 46 42 4
26 46 41 5
27 46 40 2
28 46 65 5
29 46 57 1
30 46 44 9
31 46 65 5
32 46 52 0
33 46 51 5
34 46 61 6
35 46 46 8
36 46 44 9
37 46 73 8
38 46 62 4
39 46 41 5
40 46 68 6
41 46 67 1
42 46 45 6
43 46 40 9
44 46 76 7
45 46 63 7
46 46 64 5
47 46 50 6
48 46 52 0
49 46 62 2
50 46 44 7
51 46 62 8
52 46 57 0
53 46 46 0
54 46 52 7
55 46 55 4
56 46 60 6
57 46 60 0
58 46 60 5
59 46 61 9
0 47 78 4
1 47 58 2
2 47 72 5
3 47 63 1
4 47 48 0
5 47 64 1
6 47 58 1
7 47 66 2
8 47 70 4
9 47 47 5
10 47 67 5
11 47 64 2
12 47 76 5
13 47 59 7
14 47 79 5
15 47 72 8
16 47 79 0
17 47 74 3
18 47 74 0
19 47 77 0
20 47 62 4
21 47 64 3
22 47 64 8
23 47 56 3
24 47 44 7
25 47 43 3
26 47 56 7
27 47 50 3
28 47 72 3
29 47 75 6
30 47 74 7
31 47 79 4
32 47 49 6
33 47 61 2
34 47 78 4
35 47 51 2
36 47 51 6
37 47 63 1
38 47 58 6
39 47 75 4
40 47 47 9
41 47 64 2
42 47 66 2
43 47 43 0
44 47 74 9
45 47 80 6
46 47 64 3
47 47 76 4
48 47 55 0
49 47 57 5
50 47 45 0
51 47 66 0
52 47 56 7
53 47 61 9
54 47 68 9
55 47 80 7
56 47 46 1
57 47 60 2
58 47 77 1
59 47 53 8
0 48 79 1
1 48 61 6
2 48 79 5
3 48 54 3
4 48 75 2
5 48 40 8
6 48 54 0
7 48 51 0
8 48 66 5
9 48 44 5
10 48 41 2
11 48 73 4
12 48 57 7
13 48 56 3
14 48 62 4
15 48 45 2
16 48 45 1
17 48 70 6
18 48 68 7
19 48 48 3
20 48 64 4
21 48 47 8
22 48 79 0
23 48 75 4
24 48 54 7
25 48 62 6
26 48 53 9
27 48 41 0
28 48 63 4
29 48 46 8
30 48 68 9
31 48 69 6
32 48 46 9
33 48 55 3
34 48 51 0
35 48 61 1
36 48 76 1
37 48 65 6
38 48 76 9
39 48 70 1
40 48 55 3
41 48 45 9
42 48 71 1
43 48 77 2
44 48 56 0
45 48 43 6
46 48 54 4
47 48 66 0
48 48 53 8
49 48 59 5
50 48 54 5
51 48 48 1
52 48 45 8
53 48 62 4
54 48 44 8
55 48 63 7
56 48 60 0
57 48 79 6
58 48 47 4
59 48 65 7
0 49 48 2
1 49 68 2
2 49 72 5
3 49 71 7
4 49 52 6
5 49 53 3
6 49 51 5
7 49 52 6
8 49 40 0
9 49 72 5
10 49 52 6
11 49 45 1
12 49 76 6
13 49 44 7
14 49 42 2
15 49 78 2
16 49 63 5
17 49 45 4
18 49 56 2
19 49 46 0
20 49 69 9
21 49 44 2
22 49 47 7
23 49 67 9
24 49 79 7
25 49 70 2
26 49 49 5
27 49 77 4
28 49 48 2
29 49 73 8
30 49 71 5
31 49 40 6
32 49 59 8
33 49 46 4
34 49 65 4
35 49 76 6
36 49 77 1
37 49 78 3
38 49 42 3
39 49 55 1
40 49 75 6
41 49 60 1
42 49 74 6
43 49 65 8
44 49 49 3
45 49 48 9
46 49 64 2
47 49 48 0
48 49 69 5
49 49 64 4
50 49 65 6
51 49 54 9
52 49 61 3
53 49 55 9
54 49 77 1
55 49 68 9
56 49 55 0
57 49 60 9
58 49 40 3
59 49 69 6
0 50 76 2
1 50 54 3
2 50 70 2
3 50 68 2
4 50 61 6
5 50 44 6
6 50 49 7
7 50 74 1
8 50 62 1
9 50 71 1
10 50 55 2
11 50 58 7
12 50 62 0
13 50 71 5
14 50 48 2
15 50 69 5
16 50 58 8
17 50 80 0
18 50 57 2
19 50 75 9
20 50 56 0
21 50 69 2
22 50 44 7
23 50 49 0
24 50 57 4
25 50 42 5
26 50 71 2
27 50 77 9
28 50 55 6
29 50 61 9
30 50 59 2
31 50 47 2
32 50 70 7
33 50 55 5
34 50 64 4
35 50 44 8
36 50 41 5
37 50 61 6
38 50 55 0
39 50 40 5
40 50 50 3
41 50 77 4
42 50 72 1
43 50 79 8
44 50 74 5
45 50 69 0
46 50 45 0
47 50 67 0
48 50 73 4
49 50 77 1
50 50 45 0
51 50 66 9
52 50 63 7
53 50 41 5
54 50 80 0
55 50 80 1
56 50 54 9
57 50 61 3
58 50 51 2
59 50 70 7
0 51 78 5
1 51 48 4
2 51 70 1
3 51 67 4
4 51 78 3
5 51 71 6
6 51 78 7
7 51 70 0
8 51 55 5
9 51 44 3
10 51 56 3
11 51 69 7
12 51 66 5
13 51 64 1
14 51 62 8
15 51 57 3
16 51 40 7
17 51 41 8
18 51 76 0
19 51 43 0
20 51 70 7
21 51 79 6
22 51 61 9
23 51 80 3
24 51 47 7
25 51 50 6
26 51 71 1
27 51 65 0
28 51 46 1
29 51 68 1
30 51 55 2
31 51 42 5
32 51 74 6
33 51 45 3
34 51 53 8
35 51 72 8
36 51 62 1
37 51 70 7
38 51 43 0
39 51 48 8
40 51 59 1
41 51 48 7
42 51 74 3
43 51 61 1
44 51 77 2
45 51 65 6
46 51 43 5
47 51 71 9
48 51 60 2
49 51 71 7
50 51 52 6
51 51 40 6
52 51 50 8
53 51 57 0
54 51 49 4
55 51 62 8
56 51 61 3
57 51 61 1
58 51 67 6
59 51 74 2
0 52 56 7
1 52 51 2
2 52 61 0
3 52 67 8
4 52 41 1
5 52 79 5
6 52 65 9
7 52 65 8
8 52 67 6
9 52 62 6
10 52 70 9
11 52 50 3
12 52 59 4
13 52 57 1
14 52 70 4
15 52 64 0
16 52 59 2
17 52 42 0
18 52 71 2
19 52 51 7
20 52 70 0
21 52 49 6
22 52 65 1
23 52 48 1
24 52 68 9
25 52 70 2
26 52 52 3
27 52 43 7
28 52 52 4
29 52 55 7
30 52 67 8
31 52 60 3
32 52 66 9
33 52 56 6
34 52 75 4
35 52 56 4
36 52 78 9
37 52 46 0
38 52 55 7
39 52 42 6
40 52 62 8
41 52 65 9
42 52 59 3
43 52 69 0
44 52 53 4
45 52 63 8
46 52 80 3
47 52 47 6
48 52 64 5
49 52 46 7
50 52 78 0
51 52 66 3
52 52 61 6
53 52 79 4
54 52 65 0
55 52 52 5
56 52 50 2
57 52 43 0
58 52 61 4
59 52 66 7
0 53 45 5
1 53 68 4
2 53 54 5
3 53 61 9
4 53 74 0
5 53 48 6
6 53 45 7
7 53 51 9
8 53 49 3
9 53 60 7
10 53 56 3
11 53 75 6
12 53 74 5
13 53 73 6
14 53 46 9
15 53 66 0
16 53 54 6
17 53 68 8
18 53 65 4
19 53 55 5
20 53 66 2
21 53 76 3
22 53 49 1
23 53 62 8
24 53 45 7
25 53 55 1
26 53 55 0
27 53 40 1
28 53 57 2
29 53 66 3
30 53 46 4
31 53 61 8
32 53 50 0
33 53 56 7
34 53 60 5
35 53 78 6
36 53 40 7
37 53 56 6
38 53 52 0
39 53 53 7
40 53 56 9
41 53 46 1
42 53 51 6
43 53 61 5
44 53 53 2
45 53 57 5
46 53 71 9
47 53 65 8
48 53 78 6
49 53 65 6
50 53 49 3
51 53 76 8
52 53 52 2
53 53 72 3
54 53 74 4
55 53 70 0
56 53 77 8
57 53 79 5
58 53 57 9
59 53 76 3
0 54 65 6
1 54 55 7
2 54 66 8
3 54 47 4
4 54 68 3
5 54 58 4
6 54 72 0
7 54 49 0
8 54 79 6
9 54 62 1
10 54 44 4
11 54 56 6
12 54 62 6
13 54 46 1
14 54 56 1
15 54 50 6
16 54 58 4
17 54 52 6
18 54 77 5
19 54 66 3
20 54 61 8
21 54 75 2
22 54 54 5
23 54 49 7
24 54 43 6
25 54 40 4
26 54 62 0
27 54 57 9
28 54 49 9
29 54 71 0
30 54 54 9
31 54 75 4
32 54 42 7
33 54 52 7
34 54 45 3
35 54 51 0
36 54 61 6
37 54 63 3
38 54 70 1
39 54 41 0
40 54 63 4
41 54 56 8
42 54 65 9
43 54 66 2
44 54 70 7
45 54 63 9
46 54 42 2
47 54 68 6
48 54 45 2
49 54 43 3
50 54 49 2
51 54 53 0
52 54 71 3
53 54 48 5
54 54 40 7
55 54 71 5
56 54 61 0
57 54 63 3
58 54 51 5
59 54 69 1
0 55 51 7
1 55 71 3
2 55 45 8
3 55 45 9
4 55 48 8
5 55 53 5
6 55 80 6
7 55 65 1
8 55 50 5
9 55 42 8
10 55 54 3
11 55 51 3
12 55 55 0
13 55 49 1
14 55 48 5
15 55 51 2
16 55 70 1
17 55 50 0
18 55 50 0
19 55 53 4
20 55 63 0
21 55 50 0
22 55 71 5
23 55 54 8
24 55 51 9
25 55 56 9
26 55 41 9
27 55 72 0
28 55 62 1
29 55 73 0
30 55 43 6
31 55 73 3
32 55 61 4
33 55 64 9
34 55 79 8
35 55 57 2
36 55 64 7
37 55 69 8
38 55 52 5
39 55 60 2
40 55 78 9
41 55 49 8
42 55 57 6
43 55 54 8
44 55 62 4
45 55 59 0
46 55 66 3
47 55 62 7
48 55 79 3
49 55 60 1
50 55 65 6
51 55 68 9
52 55 51 0
53 55 70 8
54 55 49 3
55 55 60 0
56 55 54 6
57 55 59 4
58 55 56 6
59 55 40 4
0 56 41 7
1 56 79 5
2 56 60 0
3 56 53 6
4 56 42 8
5 56 66 7
6 56 65 6
7 56 51 3
8 56 62 4
9 56 68 6
10 56 73 6
11 56 68 9
12 56 64 8
13 56 50 8
14 56 62 0
15 56 63 1
16 56 55 5
17 56 49 8
18 56 49 7
19 56 75 0
20 56 80 5
21 56 75 4
22 56 46 1
23 56 61 8
24 56 80 5
25 56 55 7
26 56 66 0
27 56 68 8
28 56 73 0
29 56 76 1
30 56 40 4
31 56 79 5
32 56 51 8
33 56 70 5
34 56 66 0
35 56 60 9
36 56 52 8
37 56 54 6
38 56 66 6
39 56 55 3
40 56 76 6
41 56 54 3
42 56 67 2
43 56 43 2
44 56 57 8
45 56 69 4
46 56 62 4
47 56 62 1
48 56 72 0
49 56 53 1
50 56 63 9
51 56 70 3
52 56 78 3
53 56 73 6
54 56 60 1
55 56 53 3
56 56 53 6
57 56 72 9
58 56 62 2
59 56 79 0
0 57 51 8
1 57 73 4
2 57 74 2
3 57 70 3
4 57 72 7
5 57 78 2
6 57 62 9
7 57 76 2
8 57 74 0
9 57 57 0
10 57 48 3
11 57 64 3
12 57 44 3
13 57 60 2
14 57 77 5
15 57 42 4
16 57 56 0
17 57 72 6
18 57 45 3
19 57 58 5
20 57 73 9
21 57 63 9
22 57 45 0
23 57 46 9
24 57 40 4
25 57 58 2
26 57 49 3
27 57 45 7
28 57 67 0
29 57 54 6
30 57 71 5
31 57 63 0
32 57 54 1
33 57 42 6
34 57 70 9
35 57 66 0
36 57 75 0
37 57 44 5
38 57 78 1
39 57 55 5
40 57 71 6
41 57 41 7
42 57 52 4
43 57 69 0
44 57 69 7
45 57 61 3
46 57 53 6
47 57 53 9
48 57 41 2
49 57 74 7
50 57 78 4
51 57 49 7
52 57 71 4
53 57 69 0
54 57 67 4
55 57 74 6
56 57 72 0
57 57 51 3
58 57 64 9
59 57 58 1
0 58 64 0
1 58 53 3
2 58 50 7
3 58 47 1
4 58 55 9
5 58 59 4
6 58 70 0
7 58 75 9
8 58 48 7
9 58 41 7
10 58 61 1
11 58 61 6
12 58 77 0
13 58 80 6
14 58 78 8
15 58 51 5
16 58 68 9
17 58 74 9
18 58 69 5
19 58 76 1
20 58 62 3
21 58 47 4
22 58 40 1
23 58 79 7
24 58 43 5
25 58 40 1
26 58 43 4
27 58 66 4
28 58 50 6
29 58 64 9
30 58 64 0
31 58 76 2
32 58 40 5
33 58 69 6
34 58 79 1
35 58 51 3
36 58 59 7
37 58 70 5
38 58 78 2
39 58 72 7
40 58 50 9
41 58 61 0
42 58 53 4
43 58 56 3
44 58 49 1
45 58 41 7
46 58 42 5
47 58 73 8
48 58 57 1
49 58 76 4
50 58 61 2
51 58 67 1
52 58 55 9
53 58 47 4
54 58 62 8
55 58 43 1
56 58 63 3
57 58 58 6
58 58 42 3
59 58 51 4
0 59 42 5
1 59 48 1
2 59 63 0
3 59 69 5
4 59 67 6
5 59 57 7
6 59 71 1
7 59 59 2
8 59 72 2
9 59 73 1
10 59 71 1
11 59 48 8
12 59 70 8
13 59 40 8
14 59 77 9
15 59 45 2
16 59 67 9
17 59 68 4
18 59 79 5
19 59 42 7
20 59 55 2
21 59 50 1
22 59 71 4
23 59 76 7
24 59 78 4
25 59 80 2
26 59 54 4
27 59 76 3
28 59 53 1
29 59 66 2
30 59 55 6
31 59 75 6
32 59 40 5
33 59 47 9
34 59 56 3
35 59 42 8
36 59 74 5
37 59 55 8
38 59 80 8
39 59 55 5
40 59 50 5
41 59 76 0
42 59 51 4
43 59 74 3
44 59 62 3
45 59 57 1
46 59 43 1
47 59 63 5
48 59 40 1
49 59 78 4
50 59 71 7
51 59 62 3
52 59 78 8
53 59 49 6
54 59 69 7
55 59 68 4
56 59 72 5
57 59 62 9
58 59 79 7
59 59 41 0
1 52 27 35 5797 48 23 56 31
2 20 26 109 14089 16 22 24 30
3 30 6 2 9695 26 2 34 10
4 40 47 113 12415 36 43 44 51
5 26 43 21 7609 22 39 30 47
6 32 20 15 10650 28 16 36 24
7 10 35 2 15143 6 31 14 39
8 47 15 37 6658 43 11 51 19
9 22 11 1 4419 18 7 26 15
10 31 6 130 10542 27 2 35 10
11 31 5 41 9022 27 1 35 9
12 11 29 119 13239 7 25 15 33
13 55 52 25 10785 51 48 59 56
14 25 51 18 5465 21 47 29 55
15 35 18 20 7928 31 14 39 22
16 48 17 119 10041 44 13 52 21
17 46 36 31 14693 42 32 50 40
18 10 5 10 10561 6 1 14 9
19 45 17 135 4937 41 13 49 21
20 40 9 4 7915 36 5 44 13
21 25 23 14 4178 21 19 29 27
22 12 37 5 9874 8 33 16 41
23 37 6 19 4675 33 2 41 10
24 38 8 29 9629 34 4 42 12
25 15 35 108 15036 11 31 19 39
26 15 21 8 13497 11 17 19 25
27 33 49 113 9080 29 45 37 53
28 0 17 14 8949 0 13 4 21
29 1 48 11 12353 0 44 5 52
30 1 16 125 10965 0 12 5 20
31 5 9 23 12535 1 5 9 13
32 12 52 44 7406 8 48 16 56
33 55 20 25 11478 51 16 59 24
34 47 0 138 14093 43 0 51 4
35 18 22 14 8536 14 18 22 26
36 48 29 13 9061 44 25 52 33
37 2 53 97 10912 0 49 6 57
38 29 22 128 9800 25 18 33 26
39 45 9 104 5789 41 5 49 13
40 25 12 7 8198 21 8 29 16
41 52 29 7 5647 48 25 56 33
42 22 7 0 7112 18 3 26 11
43 22 59 41 12446 18 55 26 59
44 17 23 33 12592 13 19 21 27
45 40 47 132 8965 36 43 44 51
46 15 39 32 4971 11 35 19 43
47 42 56 46 9331 38 52 46 59
48 31 57 102 6713 27 53 35 59
49 10 28 7 10734 6 24 14 32
50 57 31 13 8693 53 27 59 35
51 31 10 106 7767 27 6 35 14
52 19 56 13 12812 15 52 23 59
53 58 15 12 9583 54 11 59 19
54 51 43 37 6518 47 39 55 47
55 39 7 45 5119 35 3 43 11
56 44 9 19 13991 40 5 48 13
57 38 0 113 11432 34 0 42 4
58 20 58 102 12766 16 54 24 59
59 41 2 28 5964 37 0 45 6
60 28 49 37 6444 24 45 32 53
61 45 54 140 4734 41 50 49 58
62 30 14 17 10965 26 10 34 18
63 7 13 39 8676 3 9 11 17
64 9 8 44 3812 5 4 13 12
65 9 22 19 4730 5 18 13 26
66 4 57 21 9581 0 53 8 59
67 17 3 105 12083 13 0 21 7
68 0 18 1 8947 0 14 4 22
69 37 32 131 8380 33 28 41 36
70 57 26 9 11789 53 22 59 30
71 32 56 32 14406 28 52 36 59
72 46 36 37 6974 42 32 50 40
73 58 48 46 11440 54 44 59 52
74 10 49 5 5692 6 45 14 53
75 52 38 25 10855 48 34 56 42
76 42 39 12 4149 38 35 46 43
77 10 20 40 13693 6 16 14 24
78 52 2 140 8211 48 0 56 6
79 13 3 5 4419 9 0 17 7
80 4 3 106 8724 0 0 8 7
81 14 49 30 5182 10 45 18 53
82 19 1 22 12506 15 0 23 5
83 54 51 1 9483 50 47 58 55
84 27 32 41 11039 23 28 31 36
85 37 47 119 11918 33 43 41 51
86 16 56 19 15044 12 52 20 59
87 31 55 0 15162 27 51 35 59
88 31 23 25 13863 27 19 35 27
89 29 24 9 12476 25 20 33 28
90 12 27 99 14609 8 23 16 31
91 58 39 103 5859 54 35 59 43
92 59 31 18 11531 55 27 59 35
93 55 31 31 10718 51 27 59 35
94 49 48 46 12825 45 44 53 52
95 52 18 116 14535 48 14 56 22
96 13 3 5 3821 9 0 17 7
97 33 46 25 12719 29 42 37 50
98 46 38 38 6943 42 34 50 42
99 44 29 0 7981 40 25 48 33
100 29 18 104 8674 25 14 33 22
101 19 37 46 10884 15 33 23 41
102 53 48 25 5835 49 44 57 52
103 12 34 31 6083 8 30 16 38
104 27 2 6 4747 23 0 31 6
105 10 50 93 11812 6 46 14 54
106 41 13 24 9916 37 9 45 17
107 52 36 39 8059 48 32 56 40
108 17 50 124 13659 13 46 21 54
109 26 42 1 5835 22 38 30 46
110 11 55 46 5055 7 51 15 59
111 14 27 1 5539 10 23 18 31
112 2 50 9 3921 0 46 6 54
113 23 48 119 7395 19 44 27 52
114 55 9 22 10496 51 5 59 13
115 33 10 18 14427 29 6 37 14
116 55 41 27 11212 51 37 59 45
117 18 57 26 4508 14 53 22 59
118 22 30 17 11899 18 26 26 34
119 57 33 1 4865 53 29 59 37
120 4 41 16 9697 0 37 8 45
121 33 18 41 13979 29 14 37 22
122 11 2 14 10136 7 0 15 6
123 22 39 23 11149 18 35 26 43
124 15 54 5 12157 11 50 19 58
125 12 2 2 14689 8 0 16 6
126 17 33 130 4654 13 29 21 37
127 43 31 17 4726 39 27 47 35
128 12 1 126 10107 8 0 16 5
129 13 50 103 8158 9 46 17 54
130 18 14 107 7336 14 10 22 18
131 20 44 27 11333 16 40 24 48
132 59 25 22 7782 55 21 59 29
133 13 7 117 7258 9 3 17 11
134 48 15 24 12216 44 11 52 19
135 41 39 6 11149 37 35 45 43
136 31 8 7 6696 27 4 35 12
137 3 17 41 5912 0 13 7 21
138 14 41 6 11848 10 37 18 45
139 3 57 45 11128 0 53 7 59
140 23 23 131 12558 19 19 27 27
141 59 30 33 6641 55 26 59 34
142 51 33 26 9591 47 29 55 37
143 10 19 119 12795 6 15 14 23
144 11 28 136 10772 7 24 15 32
145 32 42 1 9168 28 38 36 46
146 29 7 42 9164 25 3 33 11
147 44 9 1 7854 40 5 48 13
148 17 5 109 14837 13 1 21 9
149 4 19 13 9367 0 15 8 23
150 20 56 19 6736 16 52 24 59
151 59 35 45 11294 55 31 59 39
152 58 32 10 4159 54 28 59 36
153 54 4 24 8002 50 0 58 8
154 45 55 3 9904 41 51 49 59
155 53 49 44 11755 49 45 57 53
156 33 14 15 8834 29 10 37 18
157 16 50 23 10468 12 46 20 54
158 57 32 139 14761 53 28 59 36
159 5 35 41 11364 1 31 9 39
160 23 13 115 4646 19 9 27 17
161 14 9 122 9711 10 5 18 13
162 49 19 37 10077 45 15 53 23
163 24 43 108 5926 20 39 28 47
164 45 14 10 14420 41 10 49 18
165 3 43 17 4859 0 39 7 47
166 2 58 16 7216 0 54 6 59
167 33 13 44 13431 29 9 37 17
168 55 55 31 5398 51 51 59 59
169 24 45 4 14551 20 41 28 49
170 55 14 33 12730 51 10 59 18
171 3 2 135 12093 0 0 7 6
172 24 47 26 12093 20 43 28 51
173 36 50 94 8017 32 46 40 54
174 47 0 25 6349 43 0 51 4
175 37 52 18 9703 33 48 41 56
176 1 59 26 11483 0 55 5 59
177 35 21 5 8118 31 17 39 25
178 3 11 43 14258 0 7 7 15
179 58 59 115 14737 54 55 59 59
180 55 9 44 9181 51 5 59 13
181 10 42 32 9189 6 38 14 46
182 33 42 17 10485 29 38 37 46
183 22 16 117 10637 18 12 26 20
184 35 35 1 6064 31 31 39 39
185 36 19 17 9693 32 15 40 23
186 24 34 21 7036 20 30 28 38
187 19 40 7 13131 15 36 23 44
188 33 47 42 5244 29 43 37 51
189 51 2 120 14501 47 0 55 6
190 43 48 17 5958 39 44 47 52
191 56 58 46 10762 52 54 59 59
192 55 44 1 9471 51 40 59 48
193 52 22 103 3906 48 18 56 26
194 55 43 16 14015 51 39 59 47
195 20 29 134 14192 16 25 24 33
196 56 50 40 10726 52 46 59 54
197 7 55 45 13081 3 51 11 59
198 20 55 34 11049 16 51 24 59
199 50 18 14 6936 46 14 54 22
200 46 1 45 8429 42 0 50 5
201 31 4 33 5193 27 0 35 8
202 49 38 29 4274 45 34 53 42
203 27 9 37 4958 23 5 31 13
204 26 28 5 3823 22 24 30 32
205 55 4 98 11517 51 0 59 8
206 46 48 17 5480 42 44 50 52
207 1 16 10 15014 0 12 5 20
208 19 40 30 8894 15 36 23 44
209 10 16 43 13774 6 12 14 20
210 42 6 35 7122 38 2 46 10
211 34 45 9 12592 30 41 38 49
212 56 13 43 5400 52 9 59 17
213 41 0 123 9936 37 0 45 4
214 43 6 9 12890 39 2 47 10
215 20 42 6 6351 16 38 24 46
216 14 42 14 5149 10 38 18 46
217 9 18 26 6154 5 14 13 22
218 31 32 5 9215 27 28 35 36
219 30 32 0 4468 26 28 34 36
220 32 17 19 8105 28 13 36 21
221 22 50 8 10343 18 46 26 54
222 42 42 115 5533 38 38 46 46
223 54 45 113 5125 50 41 58 49
224 5 12 44 14175 1 8 9 16
225 8 3 10 7055 4 0 12 7
226 24 54 5 6440 20 50 28 58
227 37 14 2 11990 33 10 41 18
228 40 26 13 4328 36 22 44 30
229 47 51 93 11962 43 47 51 55
230 44 7 4 12580 40 3 48 11
231 35 41 42 15088 31 37 39 45
232 54 20 29 11250 50 16 58 24
233 6 31 106 13985 2 27 10 35
234 33 17 20 10937 29 13 37 21
235 12 32 6 7919 8 28 16 36
236 33 10 19 8849 29 6 37 14
237 49 52 11 14289 45 48 53 56
238 45 16 27 12201 41 12 49 20
239 55 24 9 5895 51 20 59 28
240 26 29 10 10481 22 25 30 33
241 47 51 32 10168 43 47 51 55
242 47 59 105 9352 43 55 51 59
243 16 19 97 11083 12 15 20 23
244 24 9 107 5880 20 5 28 13
245 41 35 17 8672 37 31 45 39
246 33 25 26 4827 29 21 37 29
247 24 56 4 12810 20 52 28 59
248 58 34 44 10773 54 30 59 38
249 59 16 17 4743 55 12 59 20
250 1 44 18 14653 0 40 5 48
251 36 46 125 9430 32 42 40 50
252 36 26 15 6285 32 22 40 30
253 15 1 128 4552 11 0 19 5
254 43 37 31 6484 39 33 47 41
255 31 52 140 3994 27 48 35 56
256 47 57 6 6628 43 53 51 59
257 4 10 30 11081 0 6 8 14
258 59 23 15 4424 55 19 59 27
259 53 40 9 5508 49 36 57 44
260 17 13 14 6173 13 9 21 17
261 21 3 107 9557 17 0 25 7
262 16 10 40 9629 12 6 20 14
263 48 56 7 4597 44 52 52 59
264 24 34 45 5385 20 30 28 38
265 27 43 118 3861 23 39 31 47
266 52 38 19 5072 48 34 56 42
267 54 27 1 8847 50 23 58 31
268 49 16 107 12611 45 12 53 20
269 0 26 105 5675 0 22 4 30
270 59 24 12 13429 55 20 59 28
271 17 25 116 5757 13 21 21 29
272 52 54 6 14146 48 50 56 58
273 28 6 19 12474 24 2 32 10
274 36 47 123 14687 32 43 40 51
275 13 33 29 10472 9 29 17 37
276 59 56 24 12586 55 52 59 59
277 0 31 34 8355 0 27 4 35
278 44 4 14 5594 40 0 48 8
279 3 51 36 10642 0 47 7 55
280 18 52 129 10160 14 48 22 56
281 24 46 128 6583 20 42 28 50
282 43 18 16 6738 39 14 47 22
283 10 26 139 7108 6 22 14 30
284 7 24 42 6761 3 20 11 28
285 50 39 7 15073 46 35 54 43
286 22 49 34 13898 18 45 26 53
287 21 18 120 8706 17 14 25 22
288 8 52 6 4844 4 48 12 56
289 9 59 32 9540 5 55 13 59
290 1 42 46 13974 0 38 5 46
291 53 14 36 11656 49 10 57 18
292 58 47 140 12626 54 43 59 51
293 0 38 95 13915 0 34 4 42
294 20 40 46 9407 16 36 24 44
295 5 18 120 9122 1 14 9 22
296 23 42 32 10637 19 38 27 46
297 50 13 21 12339 46 9 54 17
298 30 39 34 13397 26 35 34 43
299 59 44 35 7437 55 40 59 48
300 40 30 42 13402 36 26 44 34
301 26 33 23 13391 22 29 30 37
302 46 0 43 7503 42 0 50 4
303 31 24 14 11022 27 20 35 28
304 44 28 9 11943 40 24 48 32
305 40 10 44 6653 36 6 44 14
306 6 10 44 13305 2 6 10 14
307 15 52 3 9143 11 48 19 56
308 29 40 100 4328 25 36 33 44
309 17 27 39 8733 13 23 21 31
310 22 59 130 11808 18 55 26 59
311 22 56 36 7254 18 52 26 59
312 58 19 94 5299 54 15 59 23
313 16 42 36 4590 12 38 20 46
314 49 41 124 9741 45 37 53 45
315 59 55 96 4506 55 51 59 59
316 45 18 2 11032 41 14 49 22
317 14 58 118 11563 10 54 18 59
318 5 27 120 5089 1 23 9 31
319 37 29 29 3872 33 25 41 33
320 50 45 28 4603 46 41 54 49
321 56 22 107 10950 52 18 59 26
322 26 19 13 4295 22 15 30 23
323 6 23 16 12282 2 19 10 27
324 41 30 107 8836 37 26 45 34
325 34 4 109 13679 30 0 38 8
326 26 24 137 9557 22 20 30 28
327 55 33 21 7167 51 29 59 37
328 36 15 8 10836 32 11 40 19
329 3 18 23 5966 0 14 7 22
330 16 30 136 13074 12 26 20 34
331 57 39 36 14344 53 35 59 43
332 20 34 121 12757 16 30 24 38
333 23 46 120 10758 19 42 27 50
334 25 12 15 14632 21 8 29 16
335 21 23 20 13262 17 19 25 27
336 47 58 0 8832 43 54 51 59
337 41 23 45 6776 37 19 45 27
338 49 4 39 9293 45 0 53 8
339 18 45 36 8291 14 41 22 49
340 55 23 21 9494 51 19 59 27
341 18 45 25 13938 14 41 22 49
342 23 52 1 7877 19 48 27 56
343 10 12 116 6890 6 8 14 16
344 27 2 7 10445 23 0 31 6
345 45 52 26 10969 41 48 49 56
346 49 45 19 5242 45 41 53 49
347 51 30 43 8545 47 26 55 34
348 3 38 10 14279 0 34 7 42
349 32 18 18 3933 28 14 36 22
350 10 2 19 13068 6 0 14 6
351 25 14 1 13019 21 10 29 18
352 49 19 10 11216 45 15 53 23
353 22 31 115 14275 18 27 26 35
354 6 47 136 5089 2 43 10 51
355 22 27 2 14930 18 23 26 31
356 32 16 43 4024 28 12 36 20
357 55 35 28 13518 51 31 59 39
358 35 38 39 11703 31 34 39 42
359 55 48 8 11576 51 44 59 52
360 18 3 31 9767 14 0 22 7
361 3 26 46 10633 0 22 7 30
362 22 55 18 14866 18 51 26 59
363 23 21 116 12689 19 17 27 25
364 47 7 102 13803 43 3 51 11
365 1 35 7 7254 0 31 5 39
366 55 27 4 9889 51 23 59 31
367 52 38 30 6205 48 34 56 42
368 15 10 0 14492 11 6 19 14
369 0 50 107 14425 0 46 4 54
370 51 44 16 4927 47 40 55 48
371 39 37 102 7932 35 33 43 41
372 6 16 36 10325 2 12 10 20
373 42 18 35 13049 38 14 46 22
374 22 2 31 10436 18 0 26 6
375 43 27 27 13833 39 23 47 31
376 2 8 105 3899 0 4 6 12
377 45 9 16 8839 41 5 49 13
378 59 43 29 10977 55 39 59 47
379 23 48 17 14361 19 44 27 52
380 51 56 23 7951 47 52 55 59
381 12 11 12 10365 8 7 16 15
382 0 6 45 9166 0 2 4 10
383 58 56 18 13571 54 52 59 59
384 9 6 22 11094 5 2 13 10
385 57 58 14 10817 53 54 59 59
386 12 8 5 15111 8 4 16 12
387 24 51 7 6765 20 47 28 55
388 16 26 22 9099 12 22 20 30
389 16 50 12 7355 12 46 20 54
390 52 12 23 14422 48 8 56 16
391 50 47 44 10764 46 43 54 51
392 52 2 20 10145 48 0 56 6
393 52 15 116 10056 48 11 56 19
394 57 57 8 4035 53 53 59 59
395 1 17 37 5567 0 13 5 21
396 11 39 23 9376 7 35 15 43
397 0 51 132 14444 0 47 4 55
398 9 2 137 9963 5 0 13 6
399 32 57 8 9906 28 53 36 59
400 58 15 99 6732 54 11 59 19
401 58 7 20 5351 54 3 59 11
402 5 30 20 10354 1 26 9 34
403 33 22 45 10280 29 18 37 26
404 24 34 31 5332 20 30 28 38
405 58 3 10 8951 54 0 59 7
406 55 12 33 7790 51 8 59 16
407 5 53 40 14338 1 49 9 57
408 26 40 14 5738 22 36 30 44
409 33 44 1 10056 29 40 37 48
410 50 38 17 7664 46 34 54 42
411 38 9 8 4457 34 5 42 13
412 9 5 93 6404 5 1 13 9
413 0 56 113 10633 0 52 4 59
414 5 26 104 7030 1 22 9 30
415 21 19 136 6723 17 15 25 23
416 8 57 19 4973 4 53 12 59
417 27 16 129 5882 23 12 31 20
418 56 39 22 10162 52 35 59 43
419 19 21 44 11590 15 17 23 25
420 59 23 111 13793 55 19 59 27
421 37 45 29 11565 33 41 41 49
422 14 6 103 13767 10 2 18 10
423 15 12 28 4817 11 8 19 16
424 7 47 105 11246 3 43 11 51
425 40 59 24 13657 36 55 44 59
426 38 14 99 3978 34 10 42 18
427 29 24 122 15074 25 20 33 28
428 35 51 113 5037 31 47 39 55
429 56 35 104 11381 52 31 59 39
430 24 32 95 5584 20 28 28 36
431 14 31 9 13211 10 27 18 35
432 41 2 128 13209 37 0 45 6
433 41 39 44 11145 37 35 45 43
434 24 36 12 3847 20 32 28 40
435 54 19 119 7615 50 15 58 23
436 56 4 8 14674 52 0 59 8
437 0 4 103 8758 0 0 4 8
438 36 50 31 8974 32 46 40 54
439 11 59 45 8589 7 55 15 59
440 47 42 27 14814 43 38 51 46
441 50 46 0 14974 46 42 54 50
442 7 16 21 4686 3 12 11 20
443 13 15 25 15154 9 11 17 19
444 6 50 8 3825 2 46 10 54
445 16 34 93 6882 12 30 20 38
446 36 59 10 14300 32 55 40 59
447 30 52 26 13981 26 48 34 56
448 5 43 107 8414 1 39 9 47
449 38 58 37 13343 34 54 42 59
450 10 23 108 5142 6 19 14 27
451 41 1 3 15086 37 0 45 5
452 43 3 8 9952 39 0 47 7
453 46 21 21 14393 42 17 50 25
454 23 20 8 12740 19 16 27 24
455 27 17 140 9314 23 13 31 21
456 29 8 110 9397 25 4 33 12
457 17 28 43 5783 13 24 21 32
458 51 32 31 4379 47 28 55 36
459 45 32 21 5837 41 28 49 36
460 22 12 137 11202 18 8 26 16
461 8 18 128 11595 4 14 12 22
462 7 15 24 9105 3 11 11 19
463 5 16 109 7135 1 12 9 20
464 58 38 103 5142 54 34 59 42
465 2 57 10 12227 0 53 6 59
466 47 8 36 3931 43 4 51 12
467 21 24 9 9908 17 20 25 28
468 23 26 127 9557 19 22 27 30
469 9 14 131 6651 5 10 13 18
470 6 46 103 14951 2 42 10 50
471 23 22 3 9870 19 18 27 26
472 9 32 97 12451 5 28 13 36
473 6 26 33 14636 2 22 10 30
474 58 40 126 9959 54 36 59 44
475 20 49 37 5432 16 45 24 53
476 48 46 1 11660 44 42 52 50
477 58 35 14 14084 54 31 59 39
478 53 26 27 9268 49 22 57 30
479 45 33 131 13518 41 29 49 37
480 37 59 107 7526 33 55 41 59
481 59 42 23 8938 55 38 59 46
482 54 57 37 7824 50 53 58 59
483 43 28 6 5745 39 24 47 32
484 7 8 22 11855 3 4 11 12
485 27 45 128 9190 23 41 31 49
486 39 46 20 3828 35 42 43 50
487 23 9 32 5132 19 5 27 13
488 58 0 100 12436 54 0 59 4
489 53 14 42 6042 49 10 57 18
490 6 52 113 8427 2 48 10 56
491 18 7 41 8016 14 3 22 11
492 44 36 19 14663 40 32 48 40
493 49 49 21 7478 45 45 53 53
494 3 43 28 4796 0 39 7 47
495 46 6 6 11743 42 2 50 10
496 54 0 31 11208 50 0 58 4
497 29 37 14 12131 25 33 33 41
498 5 29 28 14099 1 25 9 33
499 25 39 101 10314 21 35 29 43
500 49 41 98 3906 45 37 53 45
501 57 26 25 10151 53 22 59 30
502 56 59 22 10753 52 55 59 59
503 27 36 7 5905 23 32 31 40
504 15 1 6 8803 11 0 19 5
505 30 55 32 11519 26 51 34 59
506 1 10 23 4430 0 6 5 14
507 9 55 120 10415 5 51 13 59
508 40 6 128 9661 36 2 44 10
509 21 29 39 4318 17 25 25 33
510 30 55 32 6918 26 51 34 59
511 13 36 17 11590 9 32 17 40
512 53 41 21 9413 49 37 57 45
513 29 17 6 9166 25 13 33 21
514 28 44 20 4045 24 40 32 48
515 31 16 120 12842 27 12 35 20
516 27 39 39 14668 23 35 31 43
517 55 15 98 6072 51 11 59 19
518 52 26 116 8433 48 22 56 30
519 53 32 126 7283 49 28 57 36
520 53 58 39 4126 49 54 57 59
521 2 57 32 7253 0 53 6 59
522 18 8 15 11100 14 4 22 12
523 35 52 121 6873 31 48 39 56
524 49 44 93 8167 45 40 53 48
525 46 5 130 13683 42 1 50 9
526 32 6 39 13630 28 2 36 10
527 40 38 33 10908 36 34 44 42
528 37 49 103 8674 33 45 41 53
529 15 56 20 4297 11 52 19 59
530 27 46 30 13748 23 42 31 50
531 57 51 30 12512 53 47 59 55
532 36 2 19 11878 32 0 40 6
533 21 13 35 14112 17 9 25 17
534 41 34 0 11920 37 30 45 38
535 10 38 27 10130 6 34 14 42
536 12 39 12 11724 8 35 16 43
537 14 45 25 6313 10 41 18 49
538 53 36 28 3997 49 32 57 40
539 38 14 4 5584 34 10 42 18
540 1 36 139 5290 0 32 5 40
541 1 38 113 4696 0 34 5 42
542 41 20 1 4485 37 16 45 24
543 29 34 127 6979 25 30 33 38
544 11 39 9 5354 7 35 15 43
545 26 10 104 5854 22 6 30 14
546 30 57 33 10381 26 53 34 59
547 26 57 22 11392 22 53 30 59
548 56 11 2 12231 52 7 59 15
549 53 55 125 14638 49 51 57 59
550 18 16 35 9606 14 12 22 20
551 22 12 10 14596 18 8 26 16
552 0 5 13 8877 0 1 4 9
553 43 17 29 7974 39 13 47 21
554 9 18 5 9039 5 14 13 22
555 30 29 2 8219 26 25 34 33
556 54 33 39 13824 50 29 58 37
557 16 43 14 10959 12 39 20 47
558 32 0 121 3872 28 0 36 4
559 45 29 113 9965 41 25 49 33
560 48 5 24 12182 44 1 52 9
561 15 53 24 13814 11 49 19 57
562 11 55 40 11092 7 51 15 59
563 14 10 7 14792 10 6 18 14
564 25 5 41 11800 21 1 29 9
565 20 27 10 6676 16 23 24 31
566 0 29 118 5451 0 25 4 33
567 53 38 138 3961 49 34 57 42
568 19 11 16 12854 15 7 23 15
569 8 39 13 10352 4 35 12 43
570 2 20 140 8217 0 16 6 24
571 8 7 21 3925 4 3 12 11
572 32 10 113 13180 28 6 36 14
573 28 3 21 10219 24 0 32 7
574 42 36 45 12392 38 32 46 40
575 19 43 31 4787 15 39 23 47
576 24 15 133 15122 20 11 28 19
577 58 58 8 4197 54 54 59 59
578 21 14 34 10709 17 10 25 18
579 59 40 107 12914 55 36 59 44
580 57 47 40 14630 53 43 59 51
581 36 29 13 4088 32 25 40 33
582 57 18 28 4789 53 14 59 22
583 19 53 39 13624 15 49 23 57
584 55 48 39 5313 51 44 59 52
585 29 6 118 8649 25 2 33 10
586 29 28 31 8560 25 24 33 32
587 28 51 34 4090 24 47 32 55
588 10 48 28 6343 6 44 14 52
589 3 47 39 11502 0 43 7 51
590 59 11 33 11821 55 7 59 15
591 2 6 42 15099 0 2 6 10
592 45 36 100 9908 41 32 49 40
593 19 39 34 9986 15 35 23 43
594 34 29 14 4886 30 25 38 33
595 56 15 95 5920 52 11 59 19
596 9 45 13 9526 5 41 13 49
597 17 59 37 8942 13 55 21 59
598 36 56 30 8439 32 52 40 59
599 1 42 3 8805 0 38 5 46
600 59 51 29 9714 55 47 59 55
601 56 32 9 11833 52 28 59 36
602 1 14 33 8877 0 10 5 18
603 15 15 116 13319 11 11 19 19
604 27 41 41 15167 23 37 31 45
605 14 11 131 13190 10 7 18 15
606 1 47 41 9817 0 43 5 51
607 40 48 134 9152 36 44 44 52
608 19 26 30 8947 15 22 23 30
609 28 32 124 14268 24 28 32 36
610 8 33 17 8517 4 29 12 37
611 4 2 29 6638 0 0 8 6
612 6 54 124 11588 2 50 10 58
613 12 7 122 12941 8 3 16 11
614 23 6 46 10779 19 2 27 10
615 58 16 119 7718 54 12 59 20
616 40 36 9 14740 36 32 44 40
617 43 7 25 10274 39 3 47 11
618 26 7 39 14795 22 3 30 11
619 36 30 15 12076 32 26 40 34
620 39 17 21 6488 35 13 43 21
621 5 16 10 9821 1 12 9 20
622 1 2 11 11962 0 0 5 6
623 3 7 20 11423 0 3 7 11
624 18 23 41 9830 14 19 22 27
625 36 9 3 10504 32 5 40 13
626 31 13 20 5089 27 9 35 17
627 10 12 41 14478 6 8 14 16
628 28 14 7 12871 24 10 32 18
629 39 38 17 15158 35 34 43 42
630 22 33 135 8462 18 29 26 37
631 46 0 120 10823 42 0 50 4
632 34 42 94 4121 30 38 38 46
633 27 11 133 11157 23 7 31 15
634 6 42 33 13157 2 38 10 46
635 19 3 27 12721 15 0 23 7
636 14 16 116 5157 10 12 18 20
637 45 20 10 9050 41 16 49 24
638 19 41 12 13930 15 37 23 45
639 29 48 30 11472 25 44 33 52
640 58 14 109 14332 54 10 59 18
641 49 16 26 8323 45 12 53 20
642 54 29 7 9976 50 25 58 33
643 15 40 33 14323 11 36 19 44
644 6 56 129 3882 2 52 10 59
645 0 41 131 7526 0 37 4 45
646 40 11 6 3938 36 7 44 15
647 35 37 121 14319 31 33 39 41
648 20 45 131 11411 16 41 24 49
649 52 54 8 12533 48 50 56 58
650 33 35 5 13347 29 31 37 39
651 33 27 34 8465 29 23 37 31
652 19 1 20 5381 15 0 23 5
653 20 15 24 11724 16 11 24 19
654 53 53 5 9164 49 49 57 57
655 38 46 110 7275 34 42 42 50
656 28 18 43 4106 24 14 32 22
657 32 31 109 6932 28 27 36 35
658 17 4 38 8927 13 0 21 8
659 58 44 131 13004 54 40 59 48
660 6 56 27 11011 2 52 10 59
661 14 57 24 5884 10 53 18 59
662 29 17 38 8765 25 13 33 21
663 56 3 12 7099 52 0 59 7
664 39 31 33 14961 35 27 43 35
665 49 1 7 8213 45 0 53 5
666 9 38 105 13786 5 34 13 42
667 33 20 34 4722 29 16 37 24
668 22 13 95 13975 18 9 26 17
669 9 49 43 11090 5 45 13 53
670 43 53 0 7657 39 49 47 57
671 36 2 14 4812 32 0 40 6
672 6 13 42 9737 2 9 10 17
673 10 22 30 7311 6 18 14 26
674 7 11 19 14146 3 7 11 15
675 17 59 13 11371 13 55 21 59
676 55 20 18 5489 51 16 59 24
677 32 22 20 4269 28 18 36 26
678 18 53 11 11172 14 49 22 57
679 1 39 27 11983 0 35 5 43
680 29 50 4 7828 25 46 33 54
681 33 8 102 7216 29 4 37 12
682 33 57 103 8930 29 53 37 59
683 32 12 95 13007 28 8 36 16
684 42 7 36 14351 38 3 46 11
685 17 39 35 15012 13 35 21 43
686 50 15 22 11033 46 11 54 19
687 7 57 31 12066 3 53 11 59
688 22 6 131 6178 18 2 26 10
689 7 37 33 9187 3 33 11 41
690 10 35 10 7824 6 31 14 39
691 30 21 3 5964 26 17 34 25
692 33 3 9 7799 29 0 37 7
693 37 18 102 9428 33 14 41 22
694 54 6 131 11517 50 2 58 10
695 22 0 6 6091 18 0 26 4
696 7 28 115 12544 3 24 11 32
697 1 52 20 4043 0 48 5 56
698 5 47 23 5248 1 43 9 51
699 33 37 5 12271 29 33 37 41
700 58 1 17 8515 54 0 59 5
701 7 37 121 11330 3 33 11 41
702 56 19 5 12299 52 15 59 23
703 22 34 44 10540 18 30 26 38
704 6 56 11 14940 2 52 10 59
705 35 21 2 9297 31 17 39 25
706 19 15 19 8312 15 11 23 19
707 56 12 97 6152 52 8 59 16
708 21 45 127 7905 17 41 25 49
709 32 37 112 14346 28 33 36 41
710 27 21 9 5313 23 17 31 25
711 11 28 43 14551 7 24 15 32
712 53 9 41 6953 49 5 57 13
713 19 30 4 11170 15 26 23 34
714 34 26 44 13901 30 22 38 30
715 23 47 138 9760 19 43 27 51
716 13 5 107 6939 9 1 17 9
717 26 1 120 11983 22 0 30 5
718 39 28 32 8534 35 24 43 32
719 46 41 28 6357 42 37 50 45
720 40 24 45 9657 36 20 44 28
721 1 12 36 9648 0 8 5 16
722 20 49 3 14970 16 45 24 53
723 21 11 37 12577 17 7 25 15
724 19 19 12 5210 15 15 23 23
725 7 23 21 12672 3 19 11 27
726 29 53 39 12146 25 49 33 57
727 47 41 103 7571 43 37 51 45
728 9 47 11 6385 5 43 13 51
729 21 36 123 11284 17 32 25 40
730 16 30 22 11686 12 26 20 34
731 44 1 32 11324 40 0 48 5
732 48 42 34 5713 44 38 52 46
733 17 56 30 9454 13 52 21 59
734 14 39 123 3872 10 35 18 43
735 52 0 21 6717 48 0 56 4
736 37 47 126 11878 33 43 41 51
737 26 13 15 15086 22 9 30 17
738 15 13 94 14571 11 9 19 17
739 53 0 105 6178 49 0 57 4
740 31 13 11 9154 27 9 35 17
741 41 47 10 13607 37 43 45 51
742 54 21 113 5091 50 17 58 25
743 3 33 18 15147 0 29 7 37
744 3 40 101 9452 0 36 7 44
745 51 45 23 10887 47 41 55 49
746 0 36 26 11312 0 32 4 40
747 57 7 108 12630 53 3 59 11
748 9 46 46 14962 5 42 13 50
749 22 59 111 13672 18 55 26 59
750 38 58 94 12897 34 54 42 59
751 22 12 27 8281 18 8 26 16
752 6 51 9 9724 2 47 10 55
753 22 42 22 9333 18 38 26 46
754 52 35 131 13218 48 31 56 39
755 46 19 35 14782 42 15 50 23
756 0 53 36 10470 0 49 4 57
757 12 29 46 5191 8 25 16 33
758 48 17 35 6712 44 13 52 21
759 46 49 98 8090 42 45 50 53
760 35 39 17 11793 31 35 39 43
761 53 23 6 10481 49 19 57 27
762 17 57 7 14420 13 53 21 59
763 19 25 36 4525 15 21 23 29
764 23 4 42 9940 19 0 27 8
765 13 11 121 9828 9 7 17 15
766 47 41 26 8353 43 37 51 45
767 32 24 131 9862 28 20 36 28
768 15 18 8 11592 11 14 19 22
769 32 36 35 6319 28 32 36 40
770 6 16 121 5036 2 12 10 20
771 22 49 12 7573 18 45 26 53
772 59 15 0 7733 55 11 59 19
773 30 45 14 5981 26 41 34 49
774 57 9 104 8839 53 5 59 13
775 38 14 113 10665 34 10 42 18
776 31 50 16 5368 27 46 35 54
777 14 10 12 5793 10 6 18 14
778 8 38 9 11037 4 34 12 42
779 23 39 41 12301 19 35 27 43
780 15 53 23 9067 11 49 19 57
781 24 13 26 11472 20 9 28 17
782 41 45 25 11094 37 41 45 49
783 48 51 34 8384 44 47 52 55
784 24 52 134 14890 20 48 28 56
785 39 6 37 9097 35 2 43 10
786 11 24 24 14589 7 20 15 28
787 22 45 34 4751 18 41 26 49
788 43 37 6 4870 39 33 47 41
789 43 12 8 7735 39 8 47 16
790 24 42 20 8898 20 38 28 46
791 40 38 16 5857 36 34 44 42
792 0 10 1 13442 0 6 4 14
793 59 49 3 13547 55 45 59 53
794 42 7 28 5840 38 3 46 11
795 28 22 26 9424 24 18 32 26
796 32 13 4 12939 28 9 36 17
797 6 55 29 4466 2 51 10 59
798 37 2 40 7201 33 0 41 6
799 7 47 8 12837 3 43 11 51
800 5 48 111 4836 1 44 9 52
801 15 12 10 9323 11 8 19 16
802 24 2 16 4561 20 0 28 6
803 46 58 5 8817 42 54 50 59
804 16 39 103 14230 12 35 20 43
805 35 45 35 14890 31 41 39 49
806 7 0 129 12398 3 0 11 4
807 52 56 46 15027 48 52 56 59
808 20 53 46 14769 16 49 24 57
809 45 11 40 7632 41 7 49 15
810 8 30 22 14258 4 26 12 34
811 45 50 126 10337 41 46 49 54
812 28 30 135 12937 24 26 32 34
813 27 13 5 5227 23 9 31 17
814 31 2 18 8934 27 0 35 6
815 59 55 3 13509 55 51 59 59
816 46 45 46 14124 42 41 50 49
817 7 57 115 9196 3 53 11 59
818 53 21 41 9251 49 17 57 25
819 42 40 12 5542 38 36 46 44
820 33 59 20 6296 29 55 37 59
821 13 40 134 9991 9 36 17 44
822 6 49 23 13038 2 45 10 53
823 1 57 125 8109 0 53 5 59
824 5 23 2 14349 1 19 9 27
825 18 48 105 15120 14 44 22 52
826 11 51 11 5939 7 47 15 55
827 9 28 44 6114 5 24 13 32
828 48 47 8 14923 44 43 52 51
829 57 0 93 6713 53 0 59 4
830 25 14 21 9591 21 10 29 18
831 39 4 115 7782 35 0 43 8
832 0 33 16 8860 0 29 4 37
833 5 49 24 8545 1 45 9 53
834 54 25 17 4692 50 21 58 29
835 54 57 102 11612 50 53 58 59
836 22 38 17 4722 18 34 26 42
837 43 47 0 8854 39 43 47 51
838 9 57 5 4337 5 53 13 59
839 27 48 36 4802 23 44 31 52
840 17 4 94 8927 13 0 21 8
841 26 55 93 9929 22 51 30 59
842 37 12 94 8471 33 8 41 16
843 30 29 119 5831 26 25 34 33
844 56 2 29 14999 52 0 59 6
845 44 17 94 6410 40 13 48 21
846 24 5 5 3845 20 1 28 9
847 18 46 9 9316 14 42 22 50
848 46 14 132 12178 42 10 50 18
849 43 10 23 3866 39 6 47 14
850 4 57 43 9722 0 53 8 59
851 47 51 22 7778 43 47 51 55
852 16 47 37 8238 12 43 20 51
853 50 0 14 8342 46 0 54 4
854 35 58 135 15158 31 54 39 59
855 46 18 6 4516 42 14 50 22
856 52 33 26 8234 48 29 56 37
857 31 24 34 11117 27 20 35 28
858 51 50 120 12461 47 46 55 54
859 52 45 12 11787 48 41 56 49
860 50 19 21 6047 46 15 54 23
861 31 35 31 12746 27 31 35 39
862 45 30 26 9483 41 26 49 34
863 18 9 10 12136 14 5 22 13
864 54 38 20 9208 50 34 58 42
865 49 34 139 10426 45 30 53 38
866 31 26 34 3840 27 22 35 30
867 5 23 42 14680 1 19 9 27
868 58 46 7 9927 54 42 59 50
869 32 14 2 8334 28 10 36 18
870 42 4 45 5005 38 0 46 8
871 9 8 130 8446 5 4 13 12
872 32 17 132 9156 28 13 36 21
873 51 24 17 4878 47 20 55 28
874 26 40 105 5609 22 36 30 44
875 35 42 43 8530 31 38 39 46
876 27 5 14 5455 23 1 31 9
877 42 33 16 4481 38 29 46 37
878 3 45 2 8760 0 41 7 49
879 2 52 34 11707 0 48 6 56
880 55 55 12 5485 51 51 59 59
881 38 53 140 4574 34 49 42 57
882 10 24 105 14761 6 20 14 28
883 34 41 32 14139 30 37 38 45
884 9 12 129 14152 5 8 13 16
885 20 41 34 12151 16 37 24 45
886 37 46 8 11740 33 42 41 50
887 32 30 4 11806 28 26 36 34
888 57 8 25 10204 53 4 59 12
889 30 21 35 4893 26 17 34 25
890 31 12 129 10403 27 8 35 16
891 31 22 15 14663 27 18 35 26
892 3 38 6 11060 0 34 7 42
893 48 43 109 13342 44 39 52 47
894 7 14 20 5299 3 10 11 18
895 12 2 97 10064 8 0 16 6
896 46 3 3 14934 42 0 50 7
897 39 14 12 7737 35 10 43 18
898 59 22 132 12368 55 18 59 26
899 40 57 28 7926 36 53 44 59
900 33 44 103 10637 29 40 37 48
901 48 21 1 6527 44 17 52 25
902 25 14 7 9684 21 10 29 18
903 31 24 26 11931 27 20 35 28
904 20 31 41 10409 16 27 24 35
905 49 17 137 7985 45 13 53 21
906 59 24 40 4191 55 20 59 28
907 30 35 2 5700 26 31 34 39
908 43 47 21 10684 39 43 47 51
909 40 23 32 4772 36 19 44 27
910 53 21 113 12985 49 17 57 25
911 30 43 139 13567 26 39 34 47
912 27 45 112 5011 23 41 31 49
913 24 54 5 14987 20 50 28 58
914 7 57 1 6452 3 53 11 59
915 39 8 33 14247 35 4 43 12
916 36 53 101 12322 32 49 40 57
917 36 30 31 10305 32 26 40 34
918 43 18 7 6759 39 14 47 22
919 42 46 33 8355 38 42 46 50
920 19 53 104 5292 15 49 23 57
921 9 8 17 10234 5 4 13 12
922 1 58 11 12622 0 54 5 59
923 33 45 24 7048 29 41 37 49
924 22 1 6 8103 18 0 26 5
925 9 11 28 11588 5 7 13 15
926 27 5 36 4481 23 1 31 9
927 0 34 5 4755 0 30 4 38
928 0 31 7 13964 0 27 4 35
929 51 44 24 13949 47 40 55 48
930 36 25 0 4191 32 21 40 29
931 24 21 46 13605 20 17 28 25
932 25 2 20 12072 21 0 29 6
933 49 47 8 11753 45 43 53 51
934 18 34 2 13659 14 30 22 38
935 13 19 122 12212 9 15 17 23
936 5 57 19 12013 1 53 9 59
937 51 55 130 8655 47 51 55 59
938 57 49 110 7340 53 45 59 53
939 19 39 17 9409 15 35 23 43
940 28 55 4 13863 24 51 32 59
941 56 45 25 14921 52 41 59 49
942 12 32 125 12394 8 28 16 36
943 9 59 134 13165 5 55 13 59
944 24 19 41 9921 20 15 28 23
945 18 57 26 4576 14 53 22 59
946 37 23 140 13702 33 19 41 27
947 43 5 113 9731 39 1 47 9
948 11 59 120 7304 7 55 15 59
949 44 32 12 10686 40 28 48 36
950 8 21 94 11717 4 17 12 25
951 5 5 43 4610 1 1 9 9
952 28 23 0 11584 24 19 32 27
953 27 23 26 12996 23 19 31 27
954 38 58 119 11417 34 54 42 59
955 2 31 30 8678 0 27 6 35
956 34 55 33 8849 30 51 38 59
957 40 48 35 4402 36 44 44 52
958 1 17 117 9733 0 13 5 21
959 50 21 13 4056 46 17 54 25
960 30 31 138 13231 26 27 34 35
961 42 34 103 4098 38 30 46 38
962 30 58 38 10726 26 54 34 59
963 52 53 5 9356 48 49 56 57
964 2 12 5 8953 0 8 6 16
965 55 28 40 6393 51 24 59 32
966 40 29 115 13968 36 25 44 33
967 17 11 41 3956 13 7 21 15
968 29 6 116 4825 25 2 33 10
969 7 21 111 8380 3 17 11 25
970 2 0 20 8632 0 0 6 4
971 49 26 106 11726 45 22 53 30
972 31 9 2 12706 27 5 35 13
973 14 54 4 7746 10 50 18 58
974 27 42 16 8321 23 38 31 46
975 46 55 27 10464 42 51 50 59
976 37 36 2 9065 33 32 41 40
977 51 29 30 11827 47 25 55 33
978 23 31 31 11214 19 27 27 35
979 55 33 21 5119 51 29 59 37
980 2 9 31 12876 0 5 6 13
981 51 52 1 12360 47 48 55 56
982 19 40 12 7600 15 36 23 44
983 31 2 35 6355 27 0 35 6
984 33 14 3 14327 29 10 37 18
985 32 20 25 10016 28 16 36 24
986 8 55 35 12685 4 51 12 59
987 25 13 121 12956 21 9 29 17
988 21 56 37 8452 17 52 25 59
989 40 57 25 10365 36 53 44 59
990 20 8 127 14835 16 4 24 12
991 2 57 46 14478 0 53 6 59
992 22 15 117 13192 18 11 26 19
993 44 2 7 6083 40 0 48 6
994 13 57 3 4168 9 53 17 59
995 24 31 135 10422 20 27 28 35
996 35 39 1 4855 31 35 39 43
997 31 41 126 10766 27 37 35 45
998 58 11 34 14518 54 7 59 15
999 23 13 18 13854 19 9 27 17
1000 35 45 123 13603 31 41 39 49
1001 46 7 46 8300 42 3 50 11
1002 56 25 27 9570 52 21 59 29
1003 53 33 7 11219 49 29 57 37
1004 22 24 21 5277 18 20 26 28
1005 11 13 103 5189 7 9 15 17
1006 5 9 113 7993 1 5 9 13
1007 31 50 106 6004 27 46 35 54
1008 18 28 42 12653 14 24 22 32
1009 51 24 12 12954 47 20 55 28
1010 55 46 17 13199 51 42 59 50
1011 50 42 0 7858 46 38 54 46
1012 51 36 104 7596 47 32 55 40
1013 49 42 21 10134 45 38 53 46
1014 11 39 10 12178 7 35 15 43
1015 13 39 120 15179 9 35 17 43
1016 32 49 22 12081 28 45 36 53
1017 48 33 23 11201 44 29 52 37
1018 47 35 45 13357 43 31 51 39
1019 57 57 100 10100 53 53 59 59
1020 37 44 35 6700 33 40 41 48
1021 17 15 19 8686 13 11 21 19
1022 48 45 30 6412 44 41 52 49
1023 13 45 103 13565 9 41 17 49
1024 2 32 9 6558 0 28 6 36
1025 24 53 13 8820 20 49 28 57
1026 55 22 102 11764 51 18 59 26
1027 7 28 31 4367 3 24 11 32
1028 30 11 27 5180 26 7 34 15
1029 4 5 19 12518 0 1 8 9
1030 6 26 42 6820 2 22 10 30
1031 38 26 115 4624 34 22 42 30
1032 51 22 113 14374 47 18 55 26
1033 25 26 100 9173 21 22 29 30
1034 3 25 93 8801 0 21 7 29
1035 10 9 129 9468 6 5 14 13
1036 35 7 127 12637 31 3 39 11
1037 46 55 22 7222 42 51 50 59
1038 37 59 11 5968 33 55 41 59
1039 7 26 22 14496 3 22 11 30
1040 1 43 45 5030 0 39 5 47
1041 58 9 46 9802 54 5 59 13
1042 14 24 34 6624 10 20 18 28
1043 58 19 20 3902 54 15 59 23
1044 13 27 31 12081 9 23 17 31
1045 10 18 43 14919 6 14 14 22
1046 30 1 18 5780 26 0 34 5
1047 43 50 123 5907 39 46 47 54
1048 19 45 123 4544 15 41 23 49
1049 52 36 35 8556 48 32 56 40
1050 54 12 126 10413 50 8 58 16
1051 54 46 112 12525 50 42 58 50
1052 25 53 113 9566 21 49 29 57
1053 53 19 20 9058 49 15 57 23
1054 29 3 19 4189 25 0 33 7
1055 22 33 96 10977 18 29 26 37
1056 38 0 18 7588 34 0 42 4
1057 57 40 31 7429 53 36 59 44
1058 55 23 110 12616 51 19 59 27
1059 52 45 29 4599 48 41 56 49
1060 49 1 38 8298 45 0 53 5
1061 24 47 132 8822 20 43 28 51
1062 21 21 9 9477 17 17 25 25
1063 22 59 32 6408 18 55 26 59
1064 17 4 107 10337 13 0 21 8
1065 21 58 103 4690 17 54 25 59
1066 33 44 101 11354 29 40 37 48
1067 28 3 139 3836 24 0 32 7
1068 3 4 130 11962 0 0 7 8
1069 5 47 45 11474 1 43 9 51
1070 24 33 116 14926 20 29 28 37
1071 4 0 15 8687 0 0 8 4
1072 39 17 5 10111 35 13 43 21
1073 58 5 96 12702 54 1 59 9
1074 46 16 31 9189 42 12 50 20
1075 24 10 42 11157 20 6 28 14
1076 20 3 20 8355 16 0 24 7
1077 34 25 28 12977 30 21 38 29
1078 8 8 46 8338 4 4 12 12
1079 24 19 41 14317 20 15 28 23
1080 56 36 111 7347 52 32 59 40
1081 23 36 42 7974 19 32 27 40
1082 8 56 10 4620 4 52 12 59
1083 33 52 38 5635 29 48 37 56
1084 12 43 108 7655 8 39 16 47
1085 45 38 124 4728 41 34 49 42
1086 56 22 130 7421 52 18 59 26
1087 54 16 44 13214 50 12 58 20
1088 37 3 115 13118 33 0 41 7
1089 18 59 30 6715 14 55 22 59
1090 54 45 114 7467 50 41 58 49
1091 56 23 19 5503 52 19 59 27
1092 51 55 104 10365 47 51 55 59
1093 11 12 44 4650 7 8 15 16
1094 18 5 107 8091 14 1 22 9
1095 44 35 18 8029 40 31 48 39
1096 4 12 95 9291 0 8 8 16
1097 59 43 33 12108 55 39 59 47
1098 48 20 124 9487 44 16 52 24
1099 36 48 5 7997 32 44 40 52
1100 23 49 45 7141 19 45 27 53
1101 52 39 4 13871 48 35 56 43
1102 42 17 8 12187 38 13 46 21
1103 42 34 21 4180 38 30 46 38
1104 52 35 46 14890 48 31 56 39
1105 49 29 107 14828 45 25 53 33
1106 55 42 33 10141 51 38 59 46
1107 48 24 18 4523 44 20 52 28
1108 7 37 109 9760 3 33 11 41
1109 58 50 131 8177 54 46 59 54
1110 17 1 120 12081 13 0 21 5
1111 5 32 28 14435 1 28 9 36
1112 28 36 41 5381 24 32 32 40
1113 48 49 13 8323 44 45 52 53
1114 0 34 16 7328 0 30 4 38
1115 56 21 21 6059 52 17 59 25
1116 14 53 26 12596 10 49 18 57
1117 38 58 122 10906 34 54 42 59
1118 12 49 41 4703 8 45 16 53
1119 31 12 19 14721 27 8 35 16
1120 36 51 37 5497 32 47 40 55
1121 39 36 24 11032 35 32 43 40
1122 21 29 42 13000 17 25 25 33
1123 28 38 19 4639 24 34 32 42
1124 54 2 8 8507 50 0 58 6
1125 59 48 126 4453 55 44 59 52
1126 43 5 45 6484 39 1 47 9
1127 5 35 22 14306 1 31 9 39
1128 36 47 21 9487 32 43 40 51
1129 42 31 11 12679 38 27 46 35
1130 22 13 0 10367 18 9 26 17
1131 15 1 31 15175 11 0 19 5
1132 45 14 40 5277 41 10 49 18
1133 31 39 13 6590 27 35 35 43
1134 47 18 113 5273 43 14 51 22
1135 14 27 39 5736 10 23 18 31
1136 4 11 14 8706 0 7 8 15
1137 18 0 103 9386 14 0 22 4
1138 48 28 21 12113 44 24 52 32
1139 43 27 13 9891 39 23 47 31
1140 54 44 126 4248 50 40 58 48
1141 48 58 21 10956 44 54 52 59
1142 58 34 41 15181 54 30 59 38
1143 17 16 120 10244 13 12 21 20
1144 59 27 24 12112 55 23 59 31
1145 24 39 46 9141 20 35 28 43
1146 21 19 13 13852 17 15 25 23
1147 20 10 28 10149 16 6 24 14
1148 42 23 22 10176 38 19 46 27
1149 45 48 39 4020 41 44 49 52
1150 4 52 8 14938 0 48 8 56
1151 28 13 24 14981 24 9 32 17
1152 19 58 8 10555 15 54 23 59
1153 49 5 27 7268 45 1 53 9
1154 3 12 114 14410 0 8 7 16
1155 59 42 111 12005 55 38 59 46
1156 17 52 114 9843 13 48 21 56
1157 48 44 45 7640 44 40 52 48
1158 14 57 112 3954 10 53 18 59
1159 54 19 125 9006 50 15 58 23
1160 36 45 108 14329 32 41 40 49
1161 3 25 15 5328 0 21 7 29
1162 2 47 132 8581 0 43 6 51
1163 53 14 22 14325 49 10 57 18
1164 30 54 122 3906 26 50 34 58
1165 50 44 93 11140 46 40 54 48
1166 24 26 6 9261 20 22 28 30
1167 6 8 24 8564 2 4 10 12
1168 35 2 5 4347 31 0 39 6
1169 39 14 41 4764 35 10 43 18
1170 29 53 19 13567 25 49 33 57
1171 45 51 10 6939 41 47 49 55
1172 12 51 137 8908 8 47 16 55
1173 21 25 18 8462 17 21 25 29
1174 45 38 33 14943 41 34 49 42
1175 49 6 24 10018 45 2 53 10
1176 56 17 94 12738 52 13 59 21
1177 9 12 40 6385 5 8 13 16
1178 39 21 136 4487 35 17 43 25
1179 16 40 20 7260 12 36 20 44
1180 0 21 44 10707 0 17 4 25
1181 9 8 39 4941 5 4 13 12
1182 27 11 15 15002 23 7 31 15
1183 52 44 46 8243 48 40 56 48
1184 44 53 117 7943 40 49 48 57
1185 36 27 104 8691 32 23 40 31
1186 7 16 23 5861 3 12 11 20
1187 44 46 13 5962 40 42 48 50
1188 52 33 126 11457 48 29 56 37
1189 26 56 24 8845 22 52 30 59
1190 31 17 6 11610 27 13 35 21
1191 40 28 29 15046 36 24 44 32
1192 12 41 3 11096 8 37 16 45
1193 50 57 140 12546 46 53 54 59
1194 46 52 25 8224 42 48 50 56
1195 54 51 0 7888 50 47 58 55
1196 6 25 102 8619 2 21 10 29
1197 2 32 31 10356 0 28 6 36
1198 21 48 117 8824 17 44 25 52
1199 28 17 43 12370 24 13 32 21
1200 44 36 36 5167 40 32 48 40
1201 12 17 127 3795 8 13 16 21
1202 11 37 126 4109 7 33 15 41
1203 36 13 0 11390 32 9 40 17
1204 35 48 3 10781 31 44 39 52
1205 20 19 128 9927 16 15 24 23
1206 30 38 14 10481 26 34 34 42
1207 49 38 33 5091 45 34 53 42
1208 0 30 127 13482 0 26 4 34
1209 45 1 11 4236 41 0 49 5
1210 33 22 41 14678 29 18 37 26
1211 38 58 126 11121 34 54 42 59
1212 26 1 45 7237 22 0 30 5
1213 32 15 31 8955 28 11 36 19
1214 35 10 129 11967 31 6 39 14
1215 33 39 42 11322 29 35 37 43
1216 9 18 17 11294 5 14 13 22
1217 2 0 42 7875 0 0 6 4
1218 34 36 39 14285 30 32 38 40
1219 48 8 12 11884 44 4 52 12
1220 9 29 28 8262 5 25 13 33
1221 41 0 124 6822 37 0 45 4
1222 13 43 108 14032 9 39 17 47
1223 56 29 96 14691 52 25 59 33
1224 57 11 108 8118 53 7 59 15
1225 46 40 37 10806 42 36 50 44
1226 29 47 43 7169 25 43 33 51
1227 3 0 42 8834 0 0 7 4
1228 24 24 19 10673 20 20 28 28
1229 54 9 31 6286 50 5 58 13
1230 14 52 23 7484 10 48 18 56
1231 49 13 126 10267 45 9 53 17
1232 22 55 19 14915 18 51 26 59
1233 39 6 46 10489 35 2 43 10
1234 26 51 20 13649 22 47 30 55
1235 31 43 44 5066 27 39 35 47
1236 17 1 31 8203 13 0 21 5
1237 48 41 13 13579 44 37 52 45
1238 42 51 35 5945 38 47 46 55
1239 55 29 37 7997 51 25 59 33
1240 6 43 26 8593 2 39 10 47
1241 30 38 98 4954 26 34 34 42
1242 52 38 133 13108 48 34 56 42
1243 14 15 24 12508 10 11 18 19
1244 16 3 138 7828 12 0 20 7
1245 18 16 30 8253 14 12 22 20
1246 44 36 17 8431 40 32 48 40
1247 19 53 35 11709 15 49 23 57
1248 51 31 34 11865 47 27 55 35
1249 29 1 19 14061 25 0 33 5
1250 31 35 18 6789 27 31 35 39
1251 30 52 11 5859 26 48 34 56
1252 28 32 12 5094 24 28 32 36
1253 57 24 35 14615 53 20 59 28
1254 47 50 14 6841 43 46 51 54
1255 3 41 8 8754 0 37 7 45
1256 35 32 32 14230 31 28 39 36
1257 0 12 96 6461 0 8 4 16
1258 18 10 18 4005 14 6 22 14
1259 3 38 111 6987 0 34 7 42
1260 4 41 8 9534 0 37 8 45
1261 3 20 116 9978 0 16 7 24
1262 57 19 32 7854 53 15 59 23
1263 11 29 4 9543 7 25 15 33
1264 21 22 22 7792 17 18 25 26
1265 50 59 31 10587 46 55 54 59
1266 53 1 101 6214 49 0 57 5
1267 32 20 13 9449 28 16 36 24
1268 41 4 140 10958 37 0 45 8
1269 36 26 119 5861 32 22 40 30
1270 33 18 30 13996 29 14 37 22
1271 13 31 40 11485 9 27 17 35
1272 41 45 1 8369 37 41 45 49
1273 15 7 31 9543 11 3 19 11
1274 42 20 18 7325 38 16 46 24
1275 40 48 129 8279 36 44 44 52
1276 36 48 128 5565 32 44 40 52
1277 54 26 126 8369 50 22 58 30
1278 31 44 123 12140 27 40 35 48
1279 40 56 8 4627 36 52 44 59
1280 24 11 4 9003 20 7 28 15
1281 29 25 20 14630 25 21 33 29
1282 1 20 18 5345 0 16 5 24
1283 16 8 133 7114 12 4 20 12
1284 55 47 31 4609 51 43 59 51
1285 9 40 22 6499 5 36 13 44
1286 8 41 130 3923 4 37 12 45
1287 33 17 104 14797 29 13 37 21
1288 58 48 37 5106 54 44 59 52
1289 20 12 120 4149 16 8 24 16
1290 49 27 12 15122 45 23 53 31
1291 27 16 24 6121 23 12 31 20
1292 16 33 9 11954 12 29 20 37
1293 54 34 123 14566 50 30 58 38
1294 11 49 45 4874 7 45 15 53
1295 56 35 41 5907 52 31 59 39
1296 51 34 139 5626 47 30 55 38
1297 44 5 17 12609 40 1 48 9
1298 3 13 124 12630 0 9 7 17
1299 20 39 42 10620 16 35 24 43
1300 46 45 137 5580 42 41 50 49
1301 55 50 11 8143 51 46 59 54
1302 12 14 36 10041 8 10 16 18
1303 50 32 12 13222 46 28 54 36
1304 14 34 40 8044 10 30 18 38
1305 48 15 41 7146 44 11 52 19
1306 23 51 33 14818 19 47 27 55
1307 6 10 22 10658 2 6 10 14
1308 20 57 116 4054 16 53 24 59
1309 45 53 137 6471 41 49 49 57
1310 57 19 38 5943 53 15 59 23
1311 17 1 21 10530 13 0 21 5
1312 37 18 9 9012 33 14 41 22
1313 45 56 18 14114 41 52 49 59
1314 55 31 26 7516 51 27 59 35
1315 23 26 29 4755 19 22 27 30
1316 17 36 123 14497 13 32 21 40
1317 35 56 119 7936 31 52 39 59
1318 58 15 44 4728 54 11 59 19
1319 29 41 119 11233 25 37 33 45
1320 56 41 1 10246 52 37 59 45
1321 25 51 7 4929 21 47 29 55
1322 4 10 8 4170 0 6 8 14
1323 10 45 46 4143 6 41 14 49
1324 35 31 99 11331 31 27 39 35
1325 23 12 34 15080 19 8 27 16
1326 18 16 94 4694 14 12 22 20
1327 33 5 24 7334 29 1 37 9
1328 15 11 132 4455 11 7 19 15
1329 34 11 19 5689 30 7 38 15
1330 9 20 130 4214 5 16 13 24
1331 37 5 42 4908 33 1 41 9
1332 36 51 35 8027 32 47 40 55
1333 44 39 126 11751 40 35 48 43
1334 39 52 140 14423 35 48 43 56
1335 28 47 6 12949 24 43 32 51
1336 33 18 0 12651 29 14 37 22
1337 39 29 10 14425 35 25 43 33
1338 27 31 23 11235 23 27 31 35
1339 58 55 40 6780 54 51 59 59
1340 47 13 135 4795 43 9 51 17
1341 47 6 2 4694 43 2 51 10
1342 51 1 45 4878 47 0 55 5
1343 42 9 0 11540 38 5 46 13
1344 13 35 2 10956 9 31 17 39
1345 57 37 6 13723 53 33 59 41
1346 7 6 128 4273 3 2 11 10
1347 18 18 98 12698 14 14 22 22
1348 18 11 1 5020 14 7 22 15
1349 4 8 19 6721 0 4 8 12
1350 16 27 25 6300 12 23 20 31
1351 12 29 5 3954 8 25 16 33
1352 45 12 9 12951 41 8 49 16
1353 40 42 6 9621 36 38 44 46
1354 49 28 45 11024 45 24 53 32
1355 25 5 117 10371 21 1 29 9
1356 26 16 17 6148 22 12 30 20
1357 0 20 102 13770 0 16 4 24
1358 49 25 98 5837 45 21 53 29
1359 27 5 2 13228 23 1 31 9
1360 22 57 138 6892 18 53 26 59
1361 15 44 118 11147 11 40 19 48
1362 4 33 13 7270 0 29 8 37
1363 26 21 16 7830 22 17 30 25
1364 34 7 0 7095 30 3 38 11
1365 3 46 22 7657 0 42 7 50
1366 6 2 110 13888 2 0 10 6
1367 24 28 16 8372 20 24 28 32
1368 6 9 99 5227 2 5 10 13
1369 0 38 20 6647 0 34 4 42
1370 53 34 24 4569 49 30 57 38
1371 45 35 16 4125 41 31 49 39
1372 16 44 102 14720 12 40 20 48
1373 27 6 16 9416 23 2 31 10
1374 36 48 26 4290 32 44 40 52
1375 53 13 8 13087 49 9 57 17
1376 42 59 7 12320 38 55 46 59
1377 2 5 15 8987 0 1 6 9
1378 7 17 38 4766 3 13 11 21
1379 52 25 33 8177 48 21 56 29
1380 24 10 3 5979 20 6 28 14
1381 44 48 5 13247 40 44 48 52
1382 25 52 44 6943 21 48 29 56
1383 34 52 9 13677 30 48 38 56
1384 53 20 23 6681 49 16 57 24
1385 2 31 18 4434 0 27 6 35
1386 31 18 124 14112 27 14 35 22
1387 50 34 130 5780 46 30 54 38
1388 28 46 94 9238 24 42 32 50
1389 44 54 124 4227 40 50 48 58
1390 52 33 13 11840 48 29 56 37
1391 38 16 102 9800 34 12 42 20
1392 26 15 4 6934 22 11 30 19
1393 54 18 36 9458 50 14 58 22
1394 28 54 140 11438 24 50 32 58
1395 37 53 19 10398 33 49 41 57
1396 9 32 34 9566 5 28 13 36
1397 52 38 122 5165 48 34 56 42
1398 36 32 36 11392 32 28 40 36
1399 38 34 9 11702 34 30 42 38
1400 13 40 35 10360 9 36 17 44
1401 50 47 116 11554 46 43 54 51
1402 55 9 12 7017 51 5 59 13
1403 44 21 4 14004 40 17 48 25
1404 6 47 126 6271 2 43 10 51
1405 11 38 41 14243 7 34 15 42
1406 50 25 128 4519 46 21 54 29
1407 24 2 30 11174 20 0 28 6
1408 16 24 26 5618 12 20 20 28
1409 18 11 140 10105 14 7 22 15
1410 23 39 111 9371 19 35 27 43
1411 42 4 27 6482 38 0 46 8
1412 18 4 26 11140 14 0 22 8
1413 30 17 6 12518 26 13 34 21
1414 28 29 113 8173 24 25 32 33
1415 16 51 12 6281 12 47 20 55
1416 33 20 42 14395 29 16 37 24
1417 57 45 123 8657 53 41 59 49
1418 38 22 95 7201 34 18 42 26
1419 14 20 16 8331 10 16 18 24
1420 12 47 36 12476 8 43 16 51
1421 14 10 44 10608 10 6 18 14
1422 22 17 32 13649 18 13 26 21
1423 22 9 1 14664 18 5 26 13
1424 5 50 17 3906 1 46 9 54
1425 54 28 123 4495 50 24 58 32
1426 34 52 11 4798 30 48 38 56
1427 59 51 38 6607 55 47 59 55
1428 55 51 24 11014 51 47 59 55
1429 0 40 114 10033 0 36 4 44
1430 36 15 12 5998 32 11 40 19
1431 38 39 38 7142 34 35 42 43
1432 29 59 116 13662 25 55 33 59
1433 42 46 28 4834 38 42 46 50
1434 39 35 131 4014 35 31 43 39
1435 21 21 112 10379 17 17 25 25
1436 36 49 16 14201 32 45 40 53
1437 22 46 134 4033 18 42 26 50
1438 34 40 14 6049 30 36 38 44
1439 25 45 17 7006 21 41 29 49
1440 39 46 36 9268 35 42 43 50
1441 53 46 30 14814 49 42 57 50
1442 6 58 17 11984 2 54 10 59
1443 33 54 7 14291 29 50 37 58
1444 30 41 27 4269 26 37 34 45
1445 8 26 31 5732 4 22 12 30
1446 33 9 9 4988 29 5 37 13
1447 24 6 31 8752 20 2 28 10
1448 35 13 136 9234 31 9 39 17
1449 13 54 21 14828 9 50 17 58
1450 28 42 124 4140 24 38 32 46
1451 53 0 121 4400 49 0 57 4
1452 38 55 140 11159 34 51 42 59
1453 50 0 138 15078 46 0 54 4
1454 10 2 34 13302 6 0 14 6
1455 50 46 17 7410 46 42 54 50
1456 36 54 111 13417 32 50 40 58
1457 59 12 15 10407 55 8 59 16
1458 17 10 10 9050 13 6 21 14
1459 9 21 2 6349 5 17 13 25
1460 0 5 9 14412 0 1 4 9
1461 8 31 99 14249 4 27 12 35
1462 14 49 0 6465 10 45 18 53
1463 45 7 106 10627 41 3 49 11
1464 33 7 10 7048 29 3 37 11
1465 2 15 6 3982 0 11 6 19
1466 29 8 96 14644 25 4 33 12
1467 14 4 107 13025 10 0 18 8
1468 57 59 96 5193 53 55 59 59
1469 15 19 27 6677 11 15 19 23
1470 19 17 5 8325 15 13 23 21
1471 36 2 35 3920 32 0 40 6
1472 40 3 43 9881 36 0 44 7
1473 9 50 126 7579 5 46 13 54
1474 15 32 108 5907 11 28 19 36
1475 23 6 101 13059 19 2 27 10
1476 7 27 35 8593 3 23 11 31
1477 24 43 2 14868 20 39 28 47
1478 59 18 43 11195 55 14 59 22
1479 30 52 138 10582 26 48 34 56
1480 55 58 39 4142 51 54 59 59
1481 18 17 6 7283 14 13 22 21
1482 15 5 6 9950 11 1 19 9
1483 10 8 118 11409 6 4 14 12
1484 23 44 43 3982 19 40 27 48
1485 38 52 5 11347 34 48 42 56
1486 38 35 15 5189 34 31 42 39
1487 46 30 7 4457 42 26 50 34
1488 14 26 35 12254 10 22 18 30
1489 39 35 104 6586 35 31 43 39
1490 50 28 107 12964 46 24 54 32
1491 4 27 104 12882 0 23 8 31
1492 53 38 107 4960 49 34 57 42
1493 18 51 2 14858 14 47 22 55
1494 43 43 40 6668 39 39 47 47
1495 2 42 121 4081 0 38 6 46
1496 18 36 101 11257 14 32 22 40
1497 56 34 41 14868 52 30 59 38
1498 46 19 3 8346 42 15 50 23
1499 39 15 16 7581 35 11 43 19
1500 21 21 30 12670 17 17 25 25
1501 42 30 11 6584 38 26 46 34
1502 22 7 102 5548 18 3 26 11
1503 27 12 19 4149 23 8 31 16
1504 44 25 25 8217 40 21 48 29
1505 55 17 9 12461 51 13 59 21
1506 39 48 19 8579 35 44 43 52
1507 57 34 115 6495 53 30 59 38
1508 44 36 93 14552 40 32 48 40
1509 27 2 24 11559 23 0 31 6
1510 53 5 17 7378 49 1 57 9
1511 42 44 40 5895 38 40 46 48
1512 27 10 139 12370 23 6 31 14
1513 2 37 33 14930 0 33 6 41
1514 52 12 0 13820 48 8 56 16
1515 16 27 31 8029 12 23 20 31
1516 9 17 13 9126 5 13 13 21
1517 44 9 37 12411 40 5 48 13
1518 16 24 37 6628 12 20 20 28
1519 10 45 19 13979 6 41 14 49
1520 25 39 11 11472 21 35 29 43
1521 4 9 119 12700 0 5 8 13
1522 14 15 25 8513 10 11 18 19
1523 8 49 42 13469 4 45 12 53
1524 25 21 22 6567 21 17 29 25
1525 15 6 34 10358 11 2 19 10
1526 25 7 11 4561 21 3 29 11
1527 29 55 108 13554 25 51 33 59
1528 51 24 35 10880 47 20 55 28
1529 21 52 23 5174 17 48 25 56
1530 46 0 100 7251 42 0 50 4
1531 21 0 36 4307 17 0 25 4
1532 25 45 110 13770 21 41 29 49
1533 46 20 135 11290 42 16 50 24
1534 26 4 96 9050 22 0 30 8
1535 34 59 46 3889 30 55 38 59
1536 22 16 8 13556 18 12 26 20
1537 26 56 139 8184 22 52 30 59
1538 30 30 1 12334 26 26 34 34
1539 32 41 43 10314 28 37 36 45
1540 21 7 14 13338 17 3 25 11
1541 16 55 112 8853 12 51 20 59
1542 17 12 127 11244 13 8 21 16
1543 3 3 131 9496 0 0 7 7
1544 1 8 125 9955 0 4 5 12
1545 41 31 40 6543 37 27 45 35
1546 31 47 126 6805 27 43 35 51
1547 1 9 37 13704 0 5 5 13
1548 27 21 133 7416 23 17 31 25
1549 42 17 14 4709 38 13 46 21
1550 19 9 10 12150 15 5 23 13
1551 45 36 32 7283 41 32 49 40
1552 21 53 19 11914 17 49 25 57
1553 48 36 27 14579 44 32 52 40
1554 37 59 117 12210 33 55 41 59
1555 6 47 24 10586 2 43 10 51
1556 28 4 27 14801 24 0 32 8
1557 5 22 40 9084 1 18 9 26
1558 46 59 125 7418 42 55 50 59
1559 36 57 14 11366 32 53 40 59
1560 41 24 116 9149 37 20 45 28
1561 40 13 18 14974 36 9 44 17
1562 35 50 36 6497 31 46 39 54
1563 30 12 21 4679 26 8 34 16
1564 17 2 22 4595 13 0 21 6
1565 2 29 106 7213 0 25 6 33
1566 7 25 4 5298 3 21 11 29
1567 27 45 6 13011 23 41 31 49
1568 47 55 2 6366 43 51 51 59
1569 35 9 111 5229 31 5 39 13
1570 47 17 116 7171 43 13 51 21
1571 14 29 98 10961 10 25 18 33
1572 22 1 10 9728 18 0 26 5
1573 43 20 14 6672 39 16 47 24
1574 30 20 9 6131 26 16 34 24
1575 23 40 17 7991 19 36 27 44
1576 32 14 37 13930 28 10 36 18
1577 49 5 17 4998 45 1 53 9
1578 26 48 32 12666 22 44 30 52
1579 15 54 10 5161 11 50 19 58
1580 54 47 10 11698 50 43 58 51
1581 11 44 99 4817 7 40 15 48
1582 52 18 16 9843 48 14 56 22
1583 25 54 40 14374 21 50 29 58
1584 15 15 126 8274 11 11 19 19
1585 29 13 43 12713 25 9 33 17
1586 50 47 26 13099 46 43 54 51
1587 42 56 97 9390 38 52 46 59
1588 44 29 130 13981 40 25 48 33
1589 8 2 16 4274 4 0 12 6
1590 1 31 44 5191 0 27 5 35
1591 52 47 30 5330 48 43 56 51
1592 48 10 94 4675 44 6 52 14
1593 43 11 119 6746 39 7 47 15
1594 59 52 28 9604 55 48 59 56
1595 2 47 17 5233 0 43 6 51
1596 38 55 129 7302 34 51 42 59
1597 24 14 10 7573 20 10 28 18
1598 39 15 36 6247 35 11 43 19
1599 19 9 21 11442 15 5 23 13
1600 51 59 118 9938 47 55 55 59
1601 14 16 116 4460 10 12 18 20
1602 52 20 21 10250 48 16 56 24
1603 52 39 4 12770 48 35 56 43
1604 54 5 33 5003 50 1 58 9
1605 33 22 45 12351 29 18 37 26
1606 37 35 34 11677 33 31 41 39
1607 5 51 33 5717 1 47 9 55
1608 20 0 44 8006 16 0 24 4
1609 18 41 25 12801 14 37 22 45
1610 57 2 6 9851 53 0 59 6
1611 44 0 110 15038 40 0 48 4
1612 5 17 38 12799 1 13 9 21
1613 2 42 121 5106 0 38 6 46
1614 41 15 46 14775 37 11 45 19
1615 55 41 25 12463 51 37 59 45
1616 38 51 139 13710 34 47 42 55
1617 48 49 94 10644 44 45 52 53
1618 28 30 16 13609 24 26 32 34
1619 8 21 38 8069 4 17 12 25
1620 26 10 135 5174 22 6 30 14
1621 57 13 1 11848 53 9 59 17
1622 0 24 111 5909 0 20 4 28
1623 2 20 25 12184 0 16 6 24
1624 54 27 9 9764 50 23 58 31
1625 20 19 35 5681 16 15 24 23
1626 18 57 15 11478 14 53 22 59
1627 51 39 27 12503 47 35 55 43
1628 41 52 42 4698 37 48 45 56
1629 10 0 21 8249 6 0 14 4
1630 51 16 99 13021 47 12 55 20
1631 2 19 24 7530 0 15 6 23
1632 0 50 42 5034 0 46 4 54
1633 34 47 127 10276 30 43 38 51
1634 31 13 107 10293 27 9 35 17
1635 58 14 97 10477 54 10 59 18
1636 58 55 23 11168 54 51 59 59
1637 20 6 25 14112 16 2 24 10
1638 30 12 41 6535 26 8 34 16
1639 37 34 126 11151 33 30 41 38
1640 35 3 135 12432 31 0 39 7
1641 12 14 99 9289 8 10 16 18
1642 25 52 132 14993 21 48 29 56
1643 21 11 105 7209 17 7 25 15
1644 14 42 40 9097 10 38 18 46
1645 1 8 97 12768 0 4 5 12
1646 11 3 113 6190 7 0 15 7
1647 30 54 106 11535 26 50 34 58
1648 19 23 13 6516 15 19 23 27
1649 46 51 103 12985 42 47 50 55
1650 8 9 122 11297 4 5 12 13
1651 23 56 42 5474 19 52 27 59
1652 43 56 7 13154 39 52 47 59
1653 35 19 8 5787 31 15 39 23
1654 43 25 109 4493 39 21 47 29
1655 57 10 29 8593 53 6 59 14
1656 7 42 35 13119 3 38 11 46
1657 52 42 12 7234 48 38 56 46
1658 47 54 94 9092 43 50 51 58
1659 48 19 19 7133 44 15 52 23
1660 31 15 108 8910 27 11 35 19
1661 2 1 126 6273 0 0 6 5
1662 37 13 0 3940 33 9 41 17
1663 34 42 135 9853 30 38 38 46
1664 27 10 107 9209 23 6 31 14
1665 1 50 107 9963 0 46 5 54
1666 25 35 29 11639 21 31 29 39
1667 48 47 18 8678 44 43 52 51
1668 42 26 28 12334 38 22 46 30
1669 34 21 130 5007 30 17 38 25
1670 23 34 28 5875 19 30 27 38
1671 3 31 110 7921 0 27 7 35
1672 9 20 103 13994 5 16 13 24
1673 11 22 22 13078 7 18 15 26
1674 27 8 31 8953 23 4 31 12
1675 52 58 33 9363 48 54 56 59
1676 3 25 8 7596 0 21 7 29
1677 41 33 22 7178 37 29 45 37
1678 48 33 11 8334 44 29 52 37
1679 2 15 4 13769 0 11 6 19
1680 19 53 130 4944 15 49 23 57
1681 21 42 2 4897 17 38 25 46
1682 47 57 15 7746 43 53 51 59
1683 33 34 120 14247 29 30 37 38
1684 8 1 11 6880 4 0 12 5
1685 42 48 28 10386 38 44 46 52
1686 52 43 117 6391 48 39 56 47
1687 51 39 108 9986 47 35 55 43
1688 43 9 127 14649 39 5 47 13
1689 43 54 40 5288 39 50 47 58
1690 21 32 108 15008 17 28 25 36
1691 13 23 0 10234 9 19 17 27
1692 50 29 21 6144 46 25 54 33
1693 58 9 21 13556 54 5 59 13
1694 34 30 42 8238 30 26 38 34
1695 27 42 11 4639 23 38 31 46
1696 59 24 2 7871 55 20 59 28
1697 59 56 127 9824 55 52 59 59
1698 40 53 42 14701 36 49 44 57
1699 15 47 39 10661 11 43 19 51
1700 37 6 43 4812 33 2 41 10
1701 39 51 19 5660 35 47 43 55
1702 43 8 110 15112 39 4 47 12
1703 16 50 32 5130 12 46 20 54
1704 37 25 116 12744 33 21 41 29
1705 43 55 33 11956 39 51 47 59
1706 22 24 40 8171 18 20 26 28
1707 55 9 10 10884 51 5 59 13
1708 14 53 19 12683 10 49 18 57
1709 37 18 27 6710 33 14 41 22
1710 50 44 2 9020 46 40 54 48
1711 26 6 8 10673 22 2 30 10
1712 48 57 40 11257 44 53 52 59
1713 15 51 16 15078 11 47 19 55
1714 45 54 41 11033 41 50 49 58
1715 53 5 46 4711 49 1 57 9
1716 16 54 5 9523 12 50 20 58
1717 10 20 7 8585 6 16 14 24
1718 21 51 34 5013 17 47 25 55
1719 27 0 136 12506 23 0 31 4
1720 23 5 35 8272 19 1 27 9
1721 52 14 11 14628 48 10 56 18
1722 31 49 132 8148 27 45 35 53
1723 9 32 46 8150 5 28 13 36
1724 26 39 1 14099 22 35 30 43
1725 8 11 10 7634 4 7 12 15
1726 28 3 41 5926 24 0 32 7
1727 52 30 10 4087 48 26 56 34
1728 18 42 38 4168 14 38 22 46
1729 9 35 98 8340 5 31 13 39
1730 38 18 116 11265 34 14 42 22
1731 19 48 105 6455 15 44 23 52
1732 5 8 24 7492 1 4 9 12
1733 15 43 18 5098 11 39 19 47
1734 53 48 24 6142 49 44 57 52
1735 10 36 42 11529 6 32 14 40
1736 36 31 99 10352 32 27 40 35
1737 36 54 134 14632 32 50 40 58
1738 24 8 133 7788 20 4 28 12
1739 46 48 38 14549 42 44 50 52
1740 57 24 12 5480 53 20 59 28
1741 32 53 43 14799 28 49 36 57
1742 24 49 0 7514 20 45 28 53
1743 35 3 23 8651 31 0 39 7
1744 25 26 21 6222 21 22 29 30
1745 47 55 8 8441 43 51 51 59
1746 9 7 117 7625 5 3 13 11
1747 52 1 13 4468 48 0 56 5
1748 18 58 105 6489 14 54 22 59
1749 42 26 117 14184 38 22 46 30
1750 42 46 115 14991 38 42 46 50
1751 55 48 4 12533 51 44 59 52
1752 55 38 13 5575 51 34 59 42
1753 29 50 32 7078 25 46 33 54
1754 41 49 121 5130 37 45 45 53
1755 31 7 43 7306 27 3 35 11
1756 45 51 130 6062 41 47 49 55
1757 53 22 30 10280 49 18 57 26
1758 59 53 105 4707 55 49 59 57
1759 16 7 20 10046 12 3 20 11
1760 21 49 22 14596 17 45 25 53
1761 21 38 109 9648 17 34 25 42
1762 40 51 137 11197 36 47 44 55
1763 1 6 135 6643 0 2 5 10
1764 51 25 125 6653 47 21 55 29
1765 45 40 19 12970 41 36 49 44
1766 35 1 37 13550 31 0 39 5
1767 28 28 26 13958 24 24 32 32
1768 49 9 38 10343 45 5 53 13
1769 25 58 46 12113 21 54 29 59
1770 43 51 100 6793 39 47 47 55
1771 52 5 36 7938 48 1 56 9
1772 49 7 38 10010 45 3 53 11
1773 15 50 1 14940 11 46 19 54
1774 56 49 1 8118 52 45 59 53
1775 16 17 27 8792 12 13 20 21
1776 32 52 12 7167 28 48 36 56
1777 20 4 35 5214 16 0 24 8
1778 38 27 10 5130 34 23 42 31
1779 44 23 4 10278 40 19 48 27
1780 8 56 99 7566 4 52 12 59
1781 47 52 23 8507 43 48 51 56
1782 58 3 138 12747 54 0 59 7
1783 9 33 24 10948 5 29 13 37
1784 33 57 32 9173 29 53 37 59
1785 34 18 21 5670 30 14 38 22
1786 32 4 19 4637 28 0 36 8
1787 32 20 35 13890 28 16 36 24
1788 12 48 20 13624 8 44 16 52
1789 36 34 38 10772 32 30 40 38
1790 25 39 13 6634 21 35 29 43
1791 40 45 3 11485 36 41 44 49
1792 49 49 9 11844 45 45 53 53
1793 45 31 20 12840 41 27 49 35
1794 26 41 125 9555 22 37 30 45
1795 22 29 98 3994 18 25 26 33
1796 16 15 16 9283 12 11 20 19
1797 36 38 5 14816 32 34 40 42
1798 10 16 21 10396 6 12 14 20
1799 49 29 117 4726 45 25 53 33
1800 3 13 40 11852 0 9 7 17
