16 16 300 150
0 0 29 0
1 0 89 1
2 0 67 2
3 0 71 3
4 0 50 4
5 0 29 5
6 0 101 6
7 0 30 7
8 0 75 8
9 0 116 9
10 0 77 0
11 0 21 1
12 0 102 2
13 0 37 3
14 0 63 4
15 0 49 5
0 1 87 2
1 1 70 3
2 1 115 4
3 1 24 5
4 1 87 6
5 1 78 7
6 1 53 8
7 1 26 9
8 1 1 0
9 1 123 1
10 1 95 2
11 1 28 3
12 1 76 4
13 1 79 5
14 1 66 6
15 1 53 7
0 2 65 4
1 2 27 5
2 2 41 6
3 2 114 7
4 2 31 8
5 2 118 9
6 2 64 0
7 2 59 1
8 2 94 2
9 2 32 3
10 2 82 4
11 2 36 5
12 2 57 6
13 2 119 7
14 2 90 8
15 2 109 9
0 3 95 6
1 3 44 7
2 3 98 8
3 3 24 9
4 3 72 0
5 3 1 1
6 3 66 2
7 3 103 3
8 3 73 4
9 3 132 5
10 3 74 6
11 3 29 7
12 3 25 8
13 3 30 9
14 3 38 0
15 3 101 1
0 4 33 8
1 4 67 9
2 4 23 0
3 4 40 1
4 4 80 2
5 4 76 3
6 4 109 4
7 4 42 5
8 4 71 6
9 4 140 7
10 4 56 8
11 4 104 9
12 4 113 0
13 4 76 1
14 4 26 2
15 4 76 3
0 5 67 0
1 5 41 1
2 5 115 2
3 5 22 3
4 5 77 4
5 5 98 5
6 5 82 6
7 5 55 7
8 5 116 8
9 5 146 9
10 5 153 0
11 5 71 1
12 5 49 2
13 5 46 3
14 5 69 4
15 5 52 5
0 6 68 2
1 6 28 3
2 6 29 4
3 6 115 5
4 6 113 6
5 6 1 7
6 6 112 8
7 6 116 9
8 6 53 0
9 6 81 1
10 6 149 2
11 6 142 3
12 6 100 4
13 6 73 5
14 6 114 6
15 6 36 7
0 7 66 4
1 7 58 5
2 7 44 6
3 7 104 7
4 7 89 8
5 7 94 9
6 7 52 0
7 7 38 1
8 7 74 2
9 7 187 3
10 7 70 4
11 7 26 5
12 7 37 6
13 7 1 7
14 7 35 8
15 7 80 9
0 8 32 6
1 8 119 7
2 8 90 8
3 8 92 9
4 8 100 0
5 8 56 1
6 8 44 2
7 8 125 3
8 8 130 4
9 8 155 5
10 8 102 6
11 8 115 7
12 8 39 8
13 8 29 9
14 8 37 0
15 8 114 1
0 9 1 8
1 9 100 9
2 9 22 0
3 9 106 1
4 9 42 2
5 9 39 3
6 9 93 4
7 9 106 5
8 9 27 6
9 9 109 7
10 9 110 8
11 9 82 9
12 9 59 0
13 9 52 1
14 9 69 2
15 9 115 3
0 10 88 0
1 10 75 1
2 10 75 2
3 10 101 3
4 10 95 4
5 10 63 5
6 10 40 6
7 10 36 7
8 10 111 8
9 10 47 9
10 10 39 0
11 10 84 1
12 10 116 2
13 10 67 3
14 10 62 4
15 10 42 5
0 11 29 2
1 11 1 3
2 11 86 4
3 11 21 5
4 11 43 6
5 11 111 7
6 11 22 8
7 11 82 9
8 11 85 0
9 11 75 1
10 11 94 2
11 11 62 3
12 11 20 4
13 11 22 5
14 11 112 6
15 11 25 7
0 12 119 4
1 12 68 5
2 12 112 6
3 12 88 7
4 12 1 8
5 12 91 9
6 12 99 0
7 12 36 1
8 12 111 2
9 12 1 3
10 12 84 4
11 12 76 5
12 12 44 6
13 12 70 7
14 12 119 8
15 12 58 9
0 13 59 6
1 13 99 7
2 13 26 8
3 13 76 9
4 13 116 0
5 13 32 1
6 13 114 2
7 13 99 3
8 13 26 4
9 13 34 5
10 13 72 6
11 13 81 7
12 13 48 8
13 13 107 9
14 13 112 0
15 13 55 1
0 14 83 8
1 14 109 9
2 14 24 0
3 14 24 1
4 14 108 2
5 14 114 3
6 14 1 4
7 14 30 5
8 14 52 6
9 14 55 7
10 14 83 8
11 14 96 9
12 14 106 0
13 14 68 1
14 14 107 2
15 14 91 3
0 15 104 0
1 15 101 1
2 15 22 2
3 15 73 3
4 15 25 4
5 15 113 5
6 15 61 6
7 15 85 7
8 15 111 8
9 15 56 9
10 15 66 0
11 15 73 1
12 15 32 2
13 15 46 3
14 15 68 4
15 15 82 5
1 10 15 25 81 12 5 15 11
2 13 8 11 40 6 4 15 12
3 14 10 27 33 0 7 7 13
4 15 10 7 43 10 6 15 9
5 9 4 25 54 12 6 15 10
6 12 7 20 35 11 5 15 10
7 14 6 2 68 3 4 7 11
8 6 4 23 65 2 1 9 10
9 12 11 1 43 6 4 12 8
10 9 6 8 31 9 4 15 11
11 1 0 14 46 11 4 15 11
12 15 10 2 30 7 4 12 7
13 14 6 16 37 7 3 11 9
14 15 9 16 58 7 2 11 9
15 15 9 24 47 6 1 12 10
16 12 5 0 36 6 2 12 10
17 14 11 9 46 8 5 15 11
18 15 11 29 54 7 2 10 9
19 12 6 17 31 0 0 7 6
20 4 13 18 50 3 9 10 13
21 15 10 7 35 5 7 13 10
22 9 9 17 44 2 11 6 15
23 1 13 13 33 7 3 15 12
24 15 9 4 34 7 5 15 10
25 9 9 26 34 1 5 7 14
26 8 3 29 33 4 1 13 10
27 10 8 28 30 6 1 11 10
28 11 15 5 30 6 4 15 11
29 6 6 28 32 5 3 13 8
30 9 3 2 34 7 4 10 8
31 15 7 0 35 1 0 7 6
32 7 9 17 36 8 6 15 10
33 1 1 0 48 7 4 10 8
34 3 13 24 154 7 3 11 8
35 7 15 4 47 10 3 15 12
36 0 10 29 36 4 4 13 8
37 6 9 5 31 10 6 15 9
38 3 2 28 65 2 3 7 6
39 12 7 29 54 12 4 15 12
40 10 3 25 48 10 3 15 12
41 13 5 22 32 9 3 15 12
42 15 5 17 32 8 9 11 12
43 12 5 12 31 9 3 15 12
44 15 11 23 32 8 0 15 9
45 7 7 8 41 5 3 12 9
46 9 4 13 55 6 5 13 10
47 15 7 24 33 4 4 13 7
48 12 7 27 42 10 4 15 12
49 6 3 27 36 7 6 15 9
50 15 11 4 50 6 4 14 12
51 11 1 6 38 4 4 13 7
52 15 5 1 34 5 2 13 9
53 12 14 29 33 7 2 15 6
54 7 2 16 53 10 4 15 11
55 2 14 4 32 7 1 10 10
56 14 11 30 42 6 3 15 12
57 14 13 5 55 11 6 15 10
58 14 11 0 38 5 3 12 8
59 3 6 4 34 4 2 13 9
60 13 11 3 86 7 4 10 8
61 15 10 28 34 7 4 10 7
62 1 7 14 41 12 5 15 11
63 9 9 19 32 2 5 11 11
64 15 10 24 32 6 3 11 9
65 7 6 29 48 6 6 15 10
66 12 6 24 35 7 2 11 9
67 12 5 7 32 4 1 8 4
68 11 7 23 34 6 4 15 11
69 15 11 12 35 6 2 11 9
70 12 6 18 106 7 3 12 9
71 12 7 25 44 7 7 11 14
72 7 8 19 40 3 1 7 9
73 11 8 23 40 6 3 11 8
74 9 4 24 38 7 3 10 8
75 7 6 20 34 6 4 15 11
76 12 9 24 43 7 3 10 9
77 15 9 21 33 2 5 7 8
78 3 12 2 30 12 6 15 10
79 9 8 16 30 4 4 13 8
80 11 8 17 44 3 4 6 7
81 12 7 13 34 7 3 15 7
82 1 0 20 47 5 4 12 8
83 10 11 7 36 5 1 12 10
84 7 6 14 57 6 3 12 8
85 11 1 2 39 11 3 15 12
86 14 9 14 34 11 4 15 11
87 15 7 16 157 9 6 15 9
88 12 8 16 34 7 5 15 10
89 9 7 27 38 11 5 15 10
90 10 5 11 30 1 5 7 12
91 15 6 30 41 3 6 11 15
92 11 5 13 62 9 0 15 6
93 6 9 1 32 6 2 12 10
94 13 7 0 37 3 3 9 12
95 15 6 10 74 5 3 13 9
96 15 15 29 34 8 6 15 9
97 9 5 16 48 12 6 15 10
98 9 14 20 41 12 6 15 10
99 9 5 25 32 6 9 10 14
100 10 10 23 51 11 6 15 9
101 15 9 6 35 7 6 15 9
102 15 6 22 33 7 4 10 7
103 5 10 14 36 5 3 13 9
104 15 9 7 101 7 3 10 9
105 9 7 26 30 4 4 13 8
106 8 5 7 30 4 2 7 10
107 7 6 21 61 6 2 11 9
108 15 8 30 31 8 3 15 12
109 10 7 19 68 6 1 13 4
110 7 3 6 49 7 4 10 7
111 10 13 17 34 6 5 15 11
112 15 10 12 42 3 2 12 5
113 12 5 8 33 0 2 3 9
114 3 8 18 32 7 2 11 10
115 0 2 8 48 7 4 11 8
116 7 6 26 70 4 2 13 9
117 15 8 29 32 9 4 15 12
118 11 4 25 34 11 6 15 9
119 6 8 10 116 6 4 15 12
120 13 10 21 46 5 2 12 9
121 14 0 2 31 5 4 13 7
122 10 5 19 30 9 2 12 8
123 14 9 15 36 9 5 15 10
124 14 0 13 44 4 4 13 8
125 9 4 16 32 5 4 12 8
126 12 7 15 36 5 7 14 15
127 10 8 15 37 6 1 11 10
128 15 9 7 34 4 3 13 9
129 2 1 8 30 2 7 6 14
130 9 6 0 78 11 4 15 11
131 12 8 15 35 2 11 5 15
132 13 9 29 62 7 2 11 10
133 6 6 29 54 7 1 10 10
134 3 14 26 51 5 3 13 9
135 14 5 6 80 4 3 13 10
136 14 10 29 33 2 5 11 14
137 14 5 12 50 11 6 15 10
138 7 11 16 46 5 4 12 7
139 12 2 9 34 8 3 15 12
140 14 14 12 47 9 0 15 3
141 2 8 7 36 1 4 8 9
142 9 6 13 39 6 1 11 10
143 15 7 14 32 5 4 13 7
144 15 6 1 43 11 3 15 12
145 6 7 27 34 5 1 13 7
146 12 5 8 46 6 3 11 9
147 13 15 5 49 7 2 10 10
148 15 7 6 61 4 2 13 10
149 1 6 7 31 6 4 15 11
150 14 11 15 37 4 1 8 8
151 7 5 13 51 8 5 15 11
152 15 7 2 30 11 4 15 12
153 12 8 26 53 6 2 12 10
154 7 9 25 68 6 4 11 7
155 15 6 15 32 8 5 14 14
156 15 5 5 31 7 6 12 10
157 10 2 27 34 6 4 15 11
158 6 6 0 43 12 4 15 11
159 2 7 24 58 8 4 15 12
160 7 0 17 32 7 1 11 10
161 14 6 6 86 9 6 15 9
162 15 10 22 42 7 1 10 10
163 7 9 17 51 7 6 15 13
164 10 2 25 33 0 8 8 15
165 8 7 23 39 7 3 15 12
166 8 7 27 44 7 4 15 11
167 15 5 23 32 8 6 15 10
168 12 3 10 180 7 4 15 12
169 11 8 27 34 6 2 12 10
170 14 8 9 60 11 5 15 11
171 13 12 28 30 3 7 11 15
172 12 7 6 33 3 3 11 10
173 15 7 0 34 6 3 11 9
174 10 6 7 32 10 0 14 5
175 9 9 28 101 5 3 12 8
176 12 4 26 32 6 1 12 10
177 15 9 2 34 5 8 14 15
178 0 2 12 31 6 2 11 10
179 14 5 11 37 5 3 12 9
180 7 6 26 33 5 2 13 10
181 10 6 9 31 11 4 15 11
182 6 5 2 32 6 8 10 13
183 12 4 24 31 9 4 15 11
184 11 8 11 33 7 5 15 10
185 14 11 10 33 8 4 15 12
186 8 5 5 33 8 4 15 11
187 9 5 20 32 10 4 15 11
188 7 5 6 35 6 3 11 9
189 11 2 15 34 4 8 10 12
190 14 7 11 34 1 7 9 10
191 3 9 2 56 6 3 11 9
192 14 11 17 35 10 4 15 12
193 6 3 22 32 6 6 15 10
194 9 7 8 92 4 1 9 8
195 13 6 30 83 3 2 10 8
196 2 5 19 31 1 3 10 9
197 15 6 17 34 2 7 11 14
198 15 5 24 35 7 4 15 11
199 5 8 2 61 5 8 14 13
200 7 7 15 40 8 2 11 8
201 15 9 13 42 6 3 11 8
202 10 10 4 33 8 4 15 11
203 15 6 14 34 5 4 13 7
204 4 0 28 39 7 3 10 8
205 15 8 12 31 10 4 15 11
206 6 11 17 43 5 2 13 9
207 5 9 2 35 7 1 10 10
208 10 8 27 35 4 1 13 10
209 9 9 4 42 4 4 13 7
210 12 2 9 31 6 4 11 7
211 14 7 26 62 6 3 11 9
212 7 8 11 60 9 4 15 12
213 8 6 15 31 1 1 9 7
214 14 10 2 40 6 2 14 8
215 14 10 14 45 5 1 10 6
216 11 7 27 33 6 3 11 8
217 14 13 23 34 6 2 12 9
218 12 9 11 39 12 6 15 9
219 12 3 24 32 0 10 3 14
220 3 7 19 42 9 4 15 12
221 4 5 2 31 7 4 11 8
222 0 8 0 65 6 3 11 8
223 13 11 4 36 7 1 10 10
224 8 9 20 32 12 6 15 9
225 5 10 12 109 5 4 12 7
226 12 11 21 45 7 6 15 10
227 11 6 7 38 9 3 15 12
228 14 2 29 52 4 3 13 9
229 5 5 5 66 6 4 15 12
230 7 7 7 69 10 4 15 12
231 6 3 18 32 5 4 12 7
232 12 5 27 38 8 5 15 10
233 1 7 7 52 7 3 12 8
234 15 10 13 36 8 5 15 10
235 15 6 9 37 1 4 6 8
236 7 3 29 41 7 5 15 11
237 12 10 21 32 12 5 15 10
238 12 9 14 44 7 4 10 7
239 0 1 2 31 6 3 11 9
240 15 9 11 45 12 3 15 12
241 15 5 30 109 6 3 12 9
242 15 11 19 37 6 4 11 8
243 8 9 30 33 12 4 15 12
244 15 10 14 36 12 4 15 12
245 11 0 23 45 6 2 12 10
246 15 8 9 30 8 10 11 14
247 7 12 29 35 3 6 7 14
248 15 9 25 36 2 7 7 14
249 6 5 4 32 5 2 12 9
250 12 13 10 34 6 1 12 10
251 7 14 0 32 6 4 12 7
252 12 5 2 38 8 4 13 10
253 7 6 3 32 6 5 13 9
254 2 8 1 31 5 3 13 9
255 15 10 22 31 11 6 15 9
256 15 8 5 30 6 4 11 13
257 6 7 14 51 8 4 15 11
258 8 7 20 66 10 6 15 10
259 8 9 18 35 9 6 15 10
260 15 10 12 41 5 4 12 7
261 12 11 2 36 5 4 13 7
262 5 4 1 55 9 6 15 10
263 6 7 6 30 6 1 13 10
264 12 11 25 54 6 4 15 12
265 13 4 12 49 8 4 15 11
266 12 7 30 44 7 3 15 12
267 15 9 24 33 6 4 11 8
268 4 6 10 36 6 4 11 7
269 13 1 10 49 7 7 12 13
270 14 11 14 35 5 1 13 10
271 15 10 23 59 7 8 14 13
272 12 3 5 51 3 8 12 11
273 11 13 25 152 8 6 15 10
274 15 9 6 30 10 6 15 9
275 15 7 18 35 5 4 12 8
276 14 4 8 38 12 5 15 10
277 6 5 3 36 6 5 11 14
278 13 9 15 33 5 4 12 7
279 8 5 14 31 1 6 7 15
280 9 14 12 38 8 6 12 10
281 2 4 6 34 2 7 8 13
282 12 8 30 30 9 4 15 12
283 11 8 25 31 4 10 10 13
284 8 7 26 35 5 3 9 9
285 8 4 23 41 12 6 15 10
286 11 9 26 31 10 5 15 11
287 12 5 28 44 5 3 12 8
288 13 9 16 64 0 0 7 3
289 14 11 27 68 8 4 15 11
290 3 3 26 125 0 6 7 12
291 14 5 16 32 9 4 15 11
292 6 6 11 45 8 7 15 10
293 6 5 13 56 2 1 8 9
294 11 3 29 36 4 8 13 11
295 15 11 8 41 5 4 12 12
296 4 3 28 53 12 4 15 12
297 12 3 2 34 12 5 15 11
298 3 12 5 42 6 4 11 7
299 15 6 27 40 2 4 9 13
300 12 13 4 32 9 6 15 10
