28 28 500 240
0 0 1 9
1 0 114 6
2 0 171 7
3 0 148 8
4 0 56 6
5 0 99 2
6 0 175 1
7 0 40 5
8 0 73 4
9 0 89 3
10 0 1 7
11 0 107 3
12 0 172 3
13 0 77 2
14 0 1 5
15 0 91 6
16 0 1 9
17 0 114 4
18 0 108 4
19 0 169 7
20 0 164 3
21 0 79 8
22 0 64 1
23 0 173 5
24 0 98 7
25 0 93 0
26 0 158 2
27 0 79 7
0 1 128 1
1 1 153 3
2 1 144 2
3 1 65 1
4 1 46 4
5 1 163 2
6 1 115 0
7 1 135 1
8 1 159 4
9 1 111 3
10 1 113 4
11 1 93 4
12 1 148 5
13 1 126 1
14 1 93 0
15 1 64 6
16 1 76 2
17 1 81 7
18 1 131 3
19 1 180 5
20 1 1 0
21 1 72 8
22 1 152 8
23 1 1 8
24 1 172 4
25 1 165 0
26 1 162 7
27 1 106 4
0 2 123 6
1 2 126 4
2 2 168 6
3 2 81 6
4 2 96 5
5 2 160 1
6 2 43 6
7 2 1 9
8 2 124 1
9 2 130 9
10 2 121 6
11 2 43 0
12 2 163 5
13 2 162 5
14 2 77 9
15 2 67 8
16 2 104 1
17 2 91 7
18 2 145 2
19 2 140 1
20 2 164 3
21 2 110 4
22 2 93 3
23 2 75 3
24 2 161 1
25 2 1 8
26 2 1 2
27 2 1 5
0 3 119 2
1 3 99 8
2 3 51 3
3 3 84 3
4 3 133 9
5 3 167 6
6 3 63 0
7 3 73 6
8 3 177 0
9 3 40 5
10 3 99 5
11 3 44 6
12 3 155 3
13 3 118 1
14 3 131 6
15 3 159 2
16 3 67 5
17 3 47 9
18 3 45 6
19 3 140 5
20 3 162 6
21 3 128 3
22 3 175 0
23 3 102 1
24 3 161 6
25 3 190 1
26 3 197 2
27 3 123 2
0 4 109 3
1 4 59 3
2 4 65 6
3 4 77 9
4 4 92 5
5 4 171 7
6 4 164 3
7 4 110 5
8 4 84 4
9 4 116 1
10 4 137 1
11 4 63 2
12 4 121 3
13 4 119 1
14 4 40 6
15 4 152 9
16 4 1 0
17 4 167 1
18 4 51 3
19 4 99 2
20 4 40 9
21 4 171 8
22 4 81 7
23 4 143 7
24 4 1 8
25 4 53 6
26 4 158 7
27 4 144 5
0 5 1 4
1 5 149 5
2 5 90 0
3 5 130 8
4 5 105 6
5 5 64 5
6 5 66 1
7 5 68 5
8 5 42 7
9 5 104 3
10 5 141 2
11 5 135 2
12 5 158 9
13 5 179 7
14 5 48 7
15 5 151 0
16 5 96 9
17 5 72 0
18 5 109 5
19 5 164 2
20 5 52 1
21 5 106 4
22 5 1 7
23 5 183 3
24 5 1 1
25 5 94 9
26 5 108 2
27 5 224 3
0 6 1 5
1 6 145 2
2 6 57 4
3 6 1 6
4 6 133 0
5 6 177 5
6 6 129 8
7 6 63 1
8 6 169 4
9 6 127 4
10 6 82 3
11 6 163 2
12 6 95 9
13 6 1 2
14 6 74 1
15 6 109 5
16 6 143 2
17 6 179 4
18 6 135 8
19 6 112 8
20 6 179 5
21 6 124 9
22 6 171 3
23 6 169 1
24 6 94 1
25 6 150 7
26 6 164 3
27 6 256 9
0 7 72 4
1 7 128 4
2 7 82 4
3 7 114 2
4 7 96 7
5 7 45 6
6 7 97 1
7 7 110 1
8 7 54 9
9 7 76 8
10 7 52 4
11 7 1 4
12 7 145 7
13 7 115 8
14 7 144 6
15 7 60 7
16 7 154 7
17 7 75 5
18 7 170 0
19 7 140 1
20 7 140 4
21 7 45 7
22 7 178 5
23 7 187 3
24 7 100 3
25 7 175 0
26 7 88 7
27 7 136 4
0 8 156 6
1 8 154 2
2 8 59 6
3 8 66 5
4 8 115 1
5 8 176 0
6 8 58 5
7 8 114 8
8 8 82 3
9 8 67 7
10 8 75 9
11 8 161 1
12 8 152 4
13 8 84 9
14 8 142 5
15 8 164 5
16 8 102 9
17 8 42 6
18 8 105 6
19 8 176 8
20 8 150 7
21 8 49 6
22 8 139 0
23 8 75 6
24 8 95 9
25 8 1 4
26 8 94 6
27 8 82 1
0 9 76 8
1 9 136 2
2 9 97 6
3 9 169 1
4 9 88 1
5 9 103 3
6 9 69 2
7 9 85 4
8 9 141 4
9 9 68 4
10 9 46 7
11 9 143 9
12 9 130 1
13 9 82 6
14 9 48 0
15 9 171 0
16 9 1 1
17 9 135 1
18 9 137 5
19 9 55 1
20 9 142 5
21 9 116 5
22 9 138 4
23 9 86 5
24 9 134 9
25 9 169 0
26 9 142 5
27 9 171 1
0 10 41 7
1 10 131 7
2 10 168 2
3 10 97 9
4 10 85 1
5 10 1 9
6 10 90 3
7 10 164 7
8 10 1 6
9 10 81 7
10 10 68 2
11 10 148 9
12 10 166 7
13 10 1 1
14 10 124 1
15 10 40 6
16 10 45 5
17 10 95 7
18 10 176 7
19 10 62 0
20 10 156 8
21 10 122 9
22 10 171 4
23 10 117 0
24 10 176 8
25 10 54 3
26 10 134 8
27 10 183 3
0 11 100 2
1 11 142 5
2 11 57 0
3 11 87 2
4 11 123 0
5 11 96 1
6 11 127 2
7 11 169 3
8 11 118 0
9 11 156 4
10 11 71 4
11 11 51 3
12 11 71 7
13 11 79 8
14 11 158 5
15 11 97 7
16 11 69 7
17 11 164 9
18 11 129 5
19 11 81 7
20 11 171 1
21 11 113 8
22 11 90 9
23 11 123 1
24 11 143 0
25 11 158 7
26 11 150 7
27 11 1 9
0 12 48 4
1 12 96 8
2 12 56 6
3 12 109 6
4 12 162 8
5 12 178 9
6 12 94 5
7 12 91 1
8 12 93 1
9 12 173 9
10 12 1 9
11 12 162 3
12 12 158 7
13 12 111 4
14 12 78 8
15 12 65 0
16 12 95 3
17 12 121 8
18 12 161 7
19 12 106 7
20 12 136 0
21 12 154 6
22 12 153 9
23 12 126 1
24 12 134 0
25 12 115 7
26 12 55 0
27 12 118 2
0 13 139 8
1 13 92 2
2 13 165 2
3 13 71 3
4 13 55 8
5 13 113 7
6 13 89 9
7 13 69 5
8 13 117 1
9 13 171 5
10 13 71 4
11 13 61 0
12 13 1 3
13 13 87 7
14 13 137 5
15 13 128 3
16 13 132 1
17 13 62 3
18 13 170 4
19 13 67 0
20 13 117 9
21 13 66 8
22 13 1 6
23 13 148 4
24 13 107 1
25 13 147 1
26 13 167 4
27 13 1 1
0 14 143 7
1 14 105 9
2 14 62 9
3 14 96 9
4 14 130 2
5 14 1 2
6 14 164 5
7 14 161 7
8 14 45 5
9 14 167 0
10 14 141 7
11 14 40 7
12 14 63 2
13 14 113 1
14 14 179 8
15 14 137 7
16 14 117 7
17 14 132 1
18 14 126 9
19 14 136 6
20 14 169 8
21 14 111 7
22 14 58 4
23 14 62 0
24 14 87 1
25 14 63 7
26 14 127 0
27 14 141 9
0 15 57 1
1 15 168 7
2 15 84 3
3 15 139 3
4 15 64 5
5 15 99 9
6 15 88 7
7 15 83 4
8 15 1 8
9 15 111 2
10 15 150 7
11 15 53 3
12 15 141 3
13 15 170 3
14 15 92 2
15 15 162 5
16 15 90 2
17 15 119 2
18 15 94 1
19 15 82 1
20 15 104 2
21 15 53 2
22 15 70 9
23 15 90 3
24 15 170 9
25 15 132 6
26 15 162 1
27 15 135 7
0 16 65 2
1 16 86 1
2 16 138 6
3 16 155 0
4 16 76 6
5 16 115 4
6 16 104 6
7 16 134 1
8 16 64 1
9 16 114 7
10 16 94 3
11 16 173 1
12 16 113 4
13 16 122 2
14 16 159 7
15 16 107 5
16 16 78 7
17 16 123 0
18 16 1 1
19 16 109 4
20 16 60 6
21 16 53 9
22 16 61 3
23 16 165 7
24 16 1 6
25 16 114 8
26 16 121 3
27 16 120 7
0 17 162 7
1 17 1 1
2 17 121 3
3 17 102 4
4 17 166 7
5 17 155 1
6 17 81 5
7 17 148 4
8 17 95 0
9 17 137 9
10 17 148 0
11 17 88 5
12 17 72 2
13 17 182 2
14 17 58 0
15 17 116 2
16 17 99 8
17 17 57 8
18 17 159 1
19 17 135 0
20 17 70 8
21 17 77 8
22 17 137 2
23 17 161 3
24 17 151 2
25 17 175 7
26 17 57 3
27 17 163 3
0 18 135 0
1 18 106 3
2 18 54 1
3 18 73 4
4 18 179 5
5 18 79 4
6 18 148 7
7 18 53 0
8 18 88 1
9 18 184 7
10 18 50 2
11 18 200 0
12 18 104 7
13 18 174 1
14 18 157 6
15 18 106 4
16 18 160 0
17 18 1 0
18 18 93 5
19 18 82 2
20 18 113 3
21 18 133 7
22 18 137 7
23 18 133 6
24 18 40 8
25 18 60 0
26 18 42 2
27 18 41 0
0 19 1 5
1 19 154 4
2 19 1 4
3 19 162 3
4 19 42 9
5 19 186 3
6 19 101 5
7 19 47 0
8 19 180 6
9 19 1 8
10 19 88 8
11 19 102 9
12 19 214 3
13 19 214 6
14 19 120 8
15 19 187 9
16 19 107 2
17 19 168 3
18 19 173 6
19 19 130 1
20 19 51 9
21 19 102 2
22 19 85 9
23 19 44 1
24 19 51 8
25 19 100 6
26 19 123 9
27 19 95 4
0 20 176 8
1 20 127 4
2 20 175 0
3 20 181 5
4 20 51 3
5 20 1 2
6 20 246 4
7 20 134 6
8 20 55 2
9 20 192 6
10 20 66 0
11 20 68 7
12 20 268 1
13 20 268 3
14 20 170 6
15 20 83 4
16 20 183 0
17 20 163 6
18 20 104 6
19 20 1 7
20 20 90 0
21 20 81 5
22 20 169 1
23 20 117 4
24 20 105 5
25 20 87 9
26 20 106 5
27 20 54 6
0 21 60 9
1 21 1 4
2 21 156 9
3 21 122 8
4 21 1 8
5 21 210 6
6 21 348 0
7 21 256 6
8 21 214 2
9 21 79 2
10 21 70 3
11 21 221 1
12 21 244 5
13 21 215 6
14 21 114 0
15 21 186 7
16 21 116 0
17 21 113 1
18 21 181 4
19 21 46 2
20 21 70 1
21 21 62 8
22 21 65 6
23 21 1 6
24 21 144 0
25 21 63 0
26 21 130 9
27 21 96 3
0 22 167 5
1 22 78 3
2 22 71 2
3 22 95 8
4 22 129 5
5 22 152 3
6 22 249 4
7 22 212 9
8 22 179 1
9 22 150 8
10 22 80 8
11 22 91 8
12 22 222 3
13 22 182 5
14 22 79 7
15 22 123 2
16 22 107 0
17 22 121 9
18 22 119 7
19 22 146 6
20 22 1 5
21 22 85 1
22 22 114 9
23 22 180 4
24 22 119 7
25 22 1 7
26 22 136 8
27 22 141 5
0 23 74 9
1 23 43 3
2 23 118 8
3 23 121 5
4 23 1 1
5 23 86 9
6 23 211 7
7 23 184 5
8 23 44 7
9 23 60 5
10 23 126 2
11 23 185 1
12 23 142 6
13 23 114 7
14 23 48 7
15 23 1 8
16 23 46 0
17 23 159 4
18 23 137 5
19 23 140 2
20 23 138 4
21 23 48 0
22 23 81 1
23 23 64 4
24 23 112 7
25 23 132 2
26 23 54 6
27 23 179 5
0 24 44 9
1 24 61 3
2 24 131 7
3 24 1 7
4 24 136 8
5 24 136 5
6 24 188 0
7 24 126 7
8 24 114 5
9 24 160 7
10 24 73 0
11 24 79 6
12 24 159 0
13 24 81 8
14 24 115 7
15 24 159 4
16 24 124 5
17 24 65 7
18 24 130 1
19 24 1 3
20 24 43 4
21 24 77 1
22 24 178 0
23 24 59 3
24 24 58 7
25 24 148 4
26 24 131 9
27 24 107 1
0 25 134 8
1 25 45 8
2 25 165 8
3 25 83 3
4 25 129 4
5 25 126 3
6 25 156 8
7 25 81 3
8 25 148 1
9 25 76 9
10 25 68 6
11 25 48 8
12 25 180 7
13 25 181 1
14 25 58 4
15 25 130 5
16 25 88 6
17 25 94 1
18 25 152 4
19 25 147 6
20 25 74 1
21 25 109 0
22 25 80 6
23 25 156 0
24 25 60 2
25 25 179 0
26 25 127 3
27 25 133 2
0 26 151 8
1 26 1 5
2 26 100 3
3 26 1 3
4 26 109 4
5 26 104 6
6 26 108 4
7 26 149 9
8 26 85 7
9 26 102 8
10 26 179 0
11 26 162 3
12 26 87 1
13 26 56 4
14 26 126 6
15 26 54 3
16 26 130 4
17 26 176 4
18 26 101 4
19 26 135 5
20 26 166 4
21 26 150 8
22 26 82 0
23 26 171 0
24 26 124 1
25 26 143 2
26 26 75 4
27 26 90 1
0 27 177 4
1 27 96 3
2 27 119 4
3 27 118 5
4 27 137 7
5 27 1 9
6 27 74 2
7 27 101 0
8 27 142 7
9 27 40 7
10 27 146 0
11 27 178 4
12 27 57 4
13 27 127 5
14 27 148 3
15 27 160 1
16 27 74 9
17 27 156 3
18 27 102 0
19 27 63 8
20 27 102 4
21 27 123 0
22 27 130 4
23 27 126 0
24 27 54 9
25 27 133 8
26 27 134 9
27 27 118 0
1 1 16 0 60 17 12 26 27
2 9 24 0 72 6 17 18 22
3 10 7 0 70 2 12 9 27
4 2 25 0 61 1 18 11 24
5 27 11 0 68 15 1 27 10
6 5 23 0 100 7 14 17 25
7 17 23 0 86 18 0 27 12
8 1 9 0 117 9 16 20 22
9 12 10 0 66 8 15 17 22
10 10 26 0 86 10 0 16 9
11 5 5 0 64 8 12 22 20
12 2 2 0 64 6 8 16 18
13 17 13 0 69 7 17 17 23
14 13 15 0 65 9 13 15 27
15 17 22 0 96 3 3 11 10
16 3 22 0 82 4 16 19 24
17 11 19 0 67 3 11 16 19
18 3 26 0 89 3 5 14 18
19 21 9 0 64 3 17 9 24
20 27 3 0 131 17 12 24 22
21 16 25 0 108 15 0 23 15
22 16 17 0 67 13 1 27 10
23 10 20 0 60 12 0 27 12
24 27 8 0 61 3 12 8 27
25 5 13 0 300 14 1 27 11
26 3 18 0 68 13 15 25 26
27 27 5 0 67 5 18 14 25
28 8 23 0 89 15 2 27 10
29 27 11 0 70 2 14 9 26
30 21 24 0 61 2 2 14 15
31 1 20 0 115 9 14 14 26
32 26 16 0 61 5 17 18 22
33 27 8 0 102 2 0 8 12
34 16 1 0 87 3 14 8 27
35 27 3 0 300 14 7 23 18
36 9 17 0 60 5 0 15 5
37 22 8 0 68 12 1 27 12
38 9 8 0 166 1 13 7 19
39 27 2 0 61 13 0 27 14
40 27 10 0 62 11 15 17 26
41 9 10 0 62 8 17 19 26
42 18 19 0 83 12 3 26 18
43 6 1 0 105 8 5 22 11
44 3 15 0 88 1 17 11 25
45 21 8 0 67 12 14 27 26
46 9 24 0 62 7 1 22 16
47 25 11 0 61 7 14 16 25
48 5 17 0 81 11 8 26 22
49 6 26 0 62 17 11 25 18
50 14 24 0 67 3 17 9 24
51 14 3 0 71 3 2 17 10
52 24 25 0 72 7 21 19 27
53 9 18 0 62 13 2 27 9
54 0 19 0 77 12 2 27 10
55 7 17 0 67 0 6 5 17
56 26 3 0 65 0 18 13 24
57 1 21 0 62 5 13 18 27
58 20 5 0 109 9 17 15 22
59 22 4 0 75 13 0 27 14
60 17 8 0 67 3 3 16 8
61 25 20 0 88 8 12 16 27
62 7 16 0 83 1 16 10 25
63 2 26 0 61 9 12 14 27
64 24 11 0 62 1 16 11 25
65 7 21 0 95 3 7 10 14
66 22 9 0 65 4 5 15 16
67 23 11 0 99 18 12 24 27
68 27 9 0 63 6 6 15 12
69 15 16 0 60 7 13 17 27
70 21 26 0 76 21 2 27 10
71 19 22 0 97 6 14 17 25
72 10 16 0 73 0 14 14 27
73 13 10 0 73 1 8 8 21
74 5 24 0 91 6 3 13 17
75 7 23 0 82 13 3 27 9
76 10 17 0 100 4 15 19 24
77 8 26 0 81 9 17 15 23
78 10 26 0 84 5 16 18 24
79 8 23 0 66 21 0 27 15
80 13 18 0 71 2 16 10 25
81 22 25 0 62 1 14 11 27
82 14 21 0 247 3 5 18 15
83 20 1 0 66 3 16 9 25
84 11 18 0 94 9 17 15 23
85 23 10 0 61 8 14 16 25
86 2 3 0 71 9 17 15 24
87 24 10 0 65 2 11 16 22
88 10 16 0 89 8 11 22 26
89 25 15 0 78 11 8 17 16
90 6 21 0 88 1 16 11 26
91 7 21 0 133 15 2 27 10
92 3 2 0 61 12 2 26 10
93 22 12 0 93 8 17 16 22
94 6 22 0 111 1 6 15 20
95 10 25 0 81 5 9 16 24
96 27 2 0 88 20 3 27 9
97 4 18 0 69 8 15 15 21
98 5 19 0 86 8 16 15 23
99 23 25 0 65 6 10 17 18
100 16 21 0 81 13 3 27 9
101 17 20 0 60 0 17 14 24
102 0 11 0 65 6 17 17 23
103 3 21 0 77 7 13 17 27
104 27 3 0 87 13 1 27 11
105 27 10 0 65 16 9 25 22
106 11 23 0 75 8 15 15 25
107 4 17 0 68 0 14 15 27
108 27 7 0 65 12 11 23 16
109 5 17 0 67 7 13 17 26
110 5 18 0 101 6 15 18 25
111 18 16 0 115 15 17 26 22
112 9 15 0 63 10 0 16 9
113 16 24 0 60 7 17 17 23
114 11 21 0 69 2 10 14 16
115 17 19 0 63 2 14 10 27
116 4 23 0 121 6 14 18 26
117 6 13 0 90 6 17 18 22
118 4 24 0 81 14 0 27 11
119 10 15 0 61 10 14 17 26
120 9 17 0 68 9 12 23 23
121 10 20 0 75 18 6 25 21
122 27 10 0 74 12 0 27 14
123 5 20 0 68 10 20 22 25
124 1 20 0 68 7 16 16 24
125 21 6 0 61 21 12 27 24
126 15 18 0 61 18 2 27 9
127 21 11 0 70 15 3 27 8
128 17 5 0 63 2 0 14 11
129 24 6 0 102 6 11 17 25
130 2 1 0 125 18 1 27 11
131 27 11 0 61 9 6 19 12
132 23 4 0 75 0 18 14 24
133 21 7 0 101 7 13 17 26
134 10 20 0 74 9 13 14 27
135 2 22 0 68 8 10 18 21
136 11 19 0 115 10 2 20 14
137 9 21 0 144 1 15 10 26
138 8 23 0 65 0 18 15 23
139 7 18 0 252 13 2 27 15
140 21 1 0 72 5 3 15 11
141 24 11 0 74 20 0 27 11
142 25 4 0 66 10 8 24 14
143 11 26 0 82 20 2 27 10
144 25 19 0 64 6 13 17 27
145 3 26 0 93 0 12 11 27
146 25 6 0 73 18 0 27 13
147 9 20 0 64 11 1 23 13
148 1 19 0 66 9 13 23 22
149 10 21 0 79 11 6 25 12
150 15 19 0 68 0 17 13 25
151 13 18 0 60 13 3 27 9
152 1 6 0 61 17 1 27 11
153 8 19 0 62 9 11 15 23
154 25 5 0 93 12 8 23 17
155 15 24 0 63 19 1 27 11
156 26 19 0 76 20 0 27 13
157 22 8 0 121 14 1 27 11
158 27 1 0 89 0 11 12 24
159 17 17 0 76 10 0 18 11
160 9 20 0 85 12 0 27 11
161 11 25 0 62 2 18 9 23
162 20 21 0 87 11 20 25 25
163 23 6 0 113 2 16 10 26
164 23 10 0 77 0 17 11 27
165 1 20 0 62 13 12 23 19
166 27 5 0 63 0 15 12 26
167 22 7 0 64 1 15 10 26
168 10 20 0 81 0 18 15 24
169 27 2 0 283 14 13 21 21
170 13 18 0 61 0 17 12 24
171 10 9 0 77 12 9 26 20
172 9 15 0 77 22 3 27 8
173 27 10 0 141 8 12 15 27
174 2 19 0 91 12 0 27 13
175 27 19 0 74 4 7 16 22
176 2 20 0 105 0 5 6 18
177 27 2 0 80 0 0 14 12
178 8 21 0 62 0 12 13 27
179 1 20 0 64 10 6 22 11
180 12 25 0 60 8 17 16 22
181 17 15 0 84 12 2 27 10
182 25 25 0 81 19 15 25 26
183 14 16 0 66 5 9 11 21
184 8 20 0 63 5 17 19 22
185 26 13 0 80 0 17 14 25
186 7 10 0 74 18 0 27 13
187 22 3 0 75 7 15 16 24
188 12 23 0 61 10 17 24 25
189 8 21 0 61 14 10 22 21
190 10 17 0 60 3 6 11 19
191 2 17 0 60 1 12 10 27
192 9 6 0 87 1 18 10 24
193 9 22 0 63 4 21 14 26
194 6 6 0 74 13 4 20 10
195 21 5 0 61 13 0 27 15
196 23 11 0 67 4 17 19 23
197 3 26 0 65 6 16 18 23
198 22 5 0 76 0 15 12 27
199 16 19 0 300 17 0 27 13
200 10 21 0 79 0 18 12 23
201 27 8 0 61 1 17 10 24
202 27 10 0 108 6 2 12 9
203 1 24 0 61 15 1 27 11
204 17 24 0 300 2 8 17 13
205 27 2 0 63 2 7 13 19
206 11 18 0 80 0 17 12 25
207 14 18 0 61 13 0 27 12
208 27 1 0 63 5 16 19 23
209 8 5 0 60 8 11 22 26
210 16 21 0 71 9 15 14 25
211 23 2 0 75 8 12 16 27
212 12 3 0 81 19 13 24 27
213 3 26 0 71 0 17 11 25
214 25 2 0 69 18 7 23 19
215 22 6 0 295 9 7 15 20
216 27 4 0 73 0 17 13 25
217 21 8 0 118 6 8 14 19
218 15 23 0 65 17 0 27 11
219 21 4 0 65 3 21 15 26
220 6 18 0 62 0 12 11 27
221 27 3 0 61 6 16 17 24
222 3 19 0 66 2 14 9 27
223 13 5 0 78 5 14 18 26
224 27 3 0 100 2 18 10 24
225 27 3 0 76 0 12 14 27
226 14 26 0 85 19 6 26 12
227 11 16 0 103 2 14 10 27
228 17 16 0 293 0 15 13 26
229 7 24 0 81 19 0 26 9
230 16 19 0 61 18 17 26 26
231 4 19 0 67 18 0 25 13
232 2 22 0 77 7 3 19 15
233 11 18 0 83 13 0 22 15
234 13 23 0 63 9 14 15 26
235 3 22 0 64 16 1 27 10
236 17 15 0 63 5 15 18 25
237 5 13 0 71 14 1 19 12
238 2 26 0 74 1 18 11 23
239 24 1 0 82 2 15 9 26
240 12 13 0 72 18 17 25 27
241 1 6 0 82 17 0 27 12
242 10 17 0 108 7 2 16 10
243 7 21 0 68 0 6 11 16
244 16 25 0 95 0 18 15 23
245 4 11 0 86 0 15 11 27
246 14 15 0 87 6 6 14 11
247 16 6 0 62 10 7 25 22
248 6 16 0 72 0 15 11 27
249 10 26 0 95 20 3 27 8
250 13 25 0 279 0 13 12 27
251 27 7 0 108 3 17 9 25
252 7 15 0 71 1 14 11 27
253 9 19 0 62 3 13 13 19
254 9 17 0 60 14 19 21 27
255 21 11 0 71 9 17 15 23
256 15 15 0 63 16 2 27 9
257 10 18 0 160 1 16 11 25
258 2 17 0 72 12 0 27 12
259 6 19 0 119 6 2 13 11
260 27 6 0 61 1 18 11 24
261 5 5 0 65 0 16 11 25
262 27 8 0 70 9 15 24 27
263 24 2 0 63 0 8 7 18
264 14 21 0 61 16 1 27 10
265 13 10 0 84 18 17 23 22
266 27 1 0 88 14 7 27 15
267 11 19 0 64 0 18 14 24
268 6 13 0 61 15 0 27 11
269 25 27 0 64 4 12 16 22
270 27 11 0 64 2 12 9 27
271 14 23 0 88 6 17 17 22
272 2 6 0 80 1 8 11 23
273 8 19 0 68 9 15 15 25
274 24 15 0 68 2 16 10 25
275 7 15 0 65 1 15 8 24
276 7 25 0 97 7 12 17 27
277 11 16 0 64 5 13 19 26
278 8 25 0 78 11 13 23 24
279 10 18 0 79 2 15 9 27
280 14 19 0 66 15 5 25 10
281 8 17 0 171 14 5 21 12
282 26 1 0 63 8 14 15 26
283 7 22 0 68 17 13 24 23
284 27 6 0 65 3 16 8 26
285 8 9 0 75 3 14 8 27
286 0 4 0 62 6 17 18 22
287 20 13 0 91 0 14 13 27
288 11 22 0 67 17 0 27 11
289 9 17 0 64 21 13 26 18
290 8 23 0 117 17 5 26 13
291 7 21 0 65 0 16 15 25
292 4 16 0 71 9 13 14 26
293 9 26 0 60 12 0 27 15
294 14 18 0 87 0 15 13 27
295 21 9 0 61 6 13 18 27
296 24 9 0 61 9 16 15 23
297 9 17 0 74 3 18 8 23
298 27 27 0 63 7 3 15 13
299 19 18 0 132 0 16 15 26
300 27 4 0 76 4 13 19 26
301 14 24 0 64 0 11 13 24
302 4 13 0 73 1 2 10 15
303 21 11 0 70 0 16 11 26
304 10 16 0 70 1 15 11 27
305 10 16 0 67 7 14 16 25
306 20 22 0 68 2 18 9 24
307 5 18 0 64 11 3 23 16
308 2 23 0 60 8 1 19 15
309 27 7 0 68 9 6 22 15
310 17 20 0 84 11 5 18 17
311 26 10 0 118 1 17 10 27
312 2 24 0 76 15 9 21 23
313 8 15 0 62 2 16 9 25
314 3 20 0 62 18 1 27 11
315 23 2 0 108 6 13 15 25
316 10 26 0 89 6 15 18 24
317 27 3 0 69 0 17 14 24
318 11 17 0 74 16 7 25 16
319 1 20 0 61 1 15 10 26
320 11 8 0 74 9 5 20 20
321 23 6 0 108 6 9 13 15
322 23 10 0 97 2 13 10 27
323 5 2 0 100 6 15 18 24
324 7 18 0 107 3 4 10 11
325 27 7 0 68 3 18 8 23
326 27 7 0 287 13 0 27 12
327 23 7 0 94 18 3 27 8
328 23 6 0 61 5 15 18 25
329 14 23 0 62 16 0 27 11
330 27 2 0 87 14 10 19 22
331 9 25 0 92 11 3 17 9
332 11 2 0 65 8 15 16 24
333 1 4 0 82 8 17 16 23
334 24 4 0 61 1 1 16 14
335 21 4 0 85 13 12 26 21
336 14 13 0 85 2 5 11 13
337 9 18 0 67 4 14 19 21
338 9 17 0 69 11 4 25 10
339 12 23 0 83 0 17 12 24
340 7 14 0 65 9 14 14 26
341 22 4 0 97 0 18 11 24
342 21 4 0 67 7 1 15 15
343 23 14 0 63 0 17 12 25
344 22 11 0 68 0 15 13 27
345 12 26 0 87 0 12 15 27
346 21 2 0 68 5 14 19 26
347 2 20 0 105 2 16 10 25
348 15 20 0 107 3 18 9 25
349 23 9 0 71 12 0 27 14
350 14 22 0 73 6 14 17 26
351 8 17 0 69 5 13 18 27
352 18 7 0 122 3 17 8 24
353 11 25 0 67 10 13 15 23
354 17 25 0 63 17 15 25 20
355 27 3 0 78 13 6 20 13
356 27 3 0 72 14 0 27 15
357 24 14 0 92 1 15 11 26
358 7 18 0 71 6 15 19 22
359 1 7 0 79 0 4 15 10
360 24 20 0 63 0 17 13 24
361 17 7 0 81 6 14 17 26
362 27 4 0 73 12 3 27 13
363 18 10 0 66 14 18 26 27
364 9 15 0 67 10 3 16 18
365 7 17 0 62 18 0 27 14
366 4 22 0 64 16 2 27 9
367 12 19 0 101 7 14 17 26
368 8 16 0 62 5 3 12 16
369 7 16 0 97 13 3 27 8
370 15 7 0 67 20 1 27 10
371 17 21 0 99 0 17 11 25
372 12 2 0 63 19 2 27 9
373 27 12 0 84 1 16 10 25
374 27 8 0 62 2 15 9 27
375 10 17 0 125 0 14 12 27
376 22 11 0 75 7 15 17 24
377 24 5 0 84 9 16 14 23
378 3 18 0 109 10 0 22 13
379 6 23 0 63 0 0 6 12
380 25 19 0 123 13 0 27 15
381 27 8 0 63 11 5 21 20
382 23 8 0 78 5 9 15 18
383 10 26 0 88 1 20 6 26
384 13 12 0 77 9 15 15 24
385 7 23 0 85 21 0 27 15
386 19 16 0 73 7 6 17 15
387 2 17 0 63 22 1 27 10
388 16 20 0 72 7 17 16 22
389 16 17 0 61 16 2 27 10
390 27 4 0 66 0 18 13 24
391 24 8 0 65 4 13 19 24
392 17 23 0 80 0 14 15 27
393 15 19 0 95 0 13 12 27
394 25 14 0 108 14 14 24 19
395 9 16 0 78 6 14 20 24
396 8 16 0 104 5 7 13 15
397 17 21 0 70 3 15 8 27
398 11 18 0 64 21 2 27 10
399 25 1 0 83 20 0 27 12
400 21 5 0 61 6 16 17 23
401 23 5 0 73 2 18 9 24
402 9 21 0 106 16 0 27 14
403 17 15 0 139 8 14 16 25
404 27 2 0 147 15 0 27 15
405 23 7 0 63 5 15 18 24
406 13 16 0 65 6 15 17 24
407 19 5 0 61 1 16 10 26
408 8 24 0 70 18 10 24 20
409 6 17 0 62 4 15 19 24
410 7 26 0 61 5 14 18 26
411 26 0 0 78 12 3 27 8
412 16 23 0 66 4 17 19 22
413 4 21 0 72 0 6 15 15
414 8 24 0 72 12 12 20 25
415 15 25 0 65 20 0 27 15
416 9 22 0 60 0 12 11 27
417 14 24 0 75 7 10 21 23
418 1 19 0 143 5 14 18 26
419 27 7 0 78 12 4 27 16
420 26 2 0 79 4 14 19 26
421 8 17 0 82 8 6 21 20
422 11 4 0 75 7 12 14 25
423 21 9 0 74 0 17 15 25
424 27 11 0 82 7 17 17 22
425 1 21 0 72 7 13 17 27
426 3 2 0 72 3 18 8 24
427 13 16 0 64 2 14 12 25
428 5 22 0 88 2 17 9 24
429 3 16 0 78 10 17 17 27
430 27 5 0 106 10 4 22 11
431 8 26 0 64 7 17 17 23
432 17 24 0 82 19 8 25 14
433 3 9 0 92 2 15 11 21
434 14 23 0 72 14 2 27 9
435 7 20 0 60 10 4 21 12
436 8 18 0 62 9 17 14 22
437 5 19 0 68 11 13 21 23
438 12 1 0 77 4 16 19 23
439 25 4 0 76 1 15 11 27
440 1 9 0 62 9 2 23 16
441 13 24 0 61 0 2 14 12
442 27 11 0 87 5 2 15 12
443 20 15 0 161 0 9 5 19
444 25 1 0 70 11 15 25 26
445 25 21 0 60 5 13 15 27
446 27 26 0 61 21 2 27 10
447 7 18 0 81 5 14 19 25
448 5 26 0 71 0 17 13 24
449 8 19 0 65 0 14 15 27
450 7 26 0 83 9 7 16 15
451 13 22 0 60 15 3 23 17
452 16 20 0 72 7 15 17 24
453 9 19 0 62 22 2 27 9
454 27 1 0 87 3 13 8 27
455 23 5 0 61 0 15 12 26
456 10 21 0 74 15 2 24 12
457 8 21 0 61 8 15 22 26
458 14 25 0 65 13 3 27 8
459 23 11 0 116 12 0 27 12
460 11 24 0 147 3 16 8 26
461 6 18 0 87 2 13 17 19
462 4 21 0 78 2 12 17 22
463 9 9 0 63 2 17 9 24
464 12 6 0 83 17 0 27 14
465 14 2 0 67 9 15 14 25
466 22 10 0 74 15 2 27 10
467 27 6 0 67 12 11 24 21
468 3 19 0 96 7 5 22 12
469 9 19 0 61 17 7 27 16
470 4 21 0 73 19 12 24 17
471 22 7 0 91 8 7 17 17
472 16 15 0 88 11 16 24 23
473 7 19 0 64 21 0 27 15
474 12 25 0 100 12 2 24 10
475 26 24 0 106 3 16 9 26
476 13 23 0 63 0 15 15 26
477 11 21 0 63 5 13 18 26
478 2 18 0 60 3 13 8 27
479 16 19 0 72 1 12 11 27
480 15 22 0 123 0 14 11 27
481 27 3 0 89 5 17 19 23
482 17 18 0 277 5 2 16 14
483 10 21 0 60 2 18 9 23
484 15 0 0 61 20 0 27 14
485 5 25 0 65 2 8 9 23
486 13 15 0 67 21 3 27 9
487 5 13 0 78 2 12 10 27
488 13 7 0 84 8 7 16 21
489 4 26 0 67 0 7 8 14
490 22 1 0 64 19 3 27 9
491 10 17 0 67 18 1 27 10
492 13 19 0 78 1 16 10 25
493 9 23 0 61 10 4 24 13
494 5 10 0 89 2 16 10 26
495 20 3 0 82 9 5 16 15
496 26 3 0 64 20 8 27 23
497 16 20 0 67 2 6 10 18
498 3 8 0 63 15 5 23 17
499 7 17 0 61 20 0 27 11
500 11 16 0 83 9 7 22 12
