30 22 480 240
0 0 73 0
1 0 100 1
2 0 139 2
3 0 102 3
4 0 1 4
5 0 57 5
6 0 1 6
7 0 67 7
8 0 93 8
9 0 59 9
10 0 171 0
11 0 49 1
12 0 82 2
13 0 102 3
14 0 169 4
15 0 164 5
16 0 99 6
17 0 79 7
18 0 170 8
19 0 67 9
20 0 123 0
21 0 75 1
22 0 148 2
23 0 170 3
24 0 127 4
25 0 41 5
26 0 151 6
27 0 163 7
28 0 75 8
29 0 67 9
0 1 177 0
1 1 125 1
2 1 136 2
3 1 177 3
4 1 165 4
5 1 162 5
6 1 44 6
7 1 131 7
8 1 84 8
9 1 71 9
10 1 118 0
11 1 1 1
12 1 167 2
13 1 128 3
14 1 73 4
15 1 180 5
16 1 41 6
17 1 1 7
18 1 64 8
19 1 169 9
20 1 156 0
21 1 99 1
22 1 138 2
23 1 78 3
24 1 135 4
25 1 163 5
26 1 44 6
27 1 171 7
28 1 97 8
29 1 164 9
0 2 131 0
1 2 84 1
2 2 50 2
3 2 145 3
4 2 179 4
5 2 46 5
6 2 62 6
7 2 162 7
8 2 72 8
9 2 48 9
10 2 47 0
11 2 85 1
12 2 160 2
13 2 160 3
14 2 42 4
15 2 78 5
16 2 115 6
17 2 179 7
18 2 93 8
19 2 137 9
20 2 117 0
21 2 84 1
22 2 132 2
23 2 171 3
24 2 121 4
25 2 63 5
26 2 48 6
27 2 61 7
28 2 153 8
29 2 106 9
0 3 177 0
1 3 164 1
2 3 131 2
3 3 94 3
4 3 164 4
5 3 100 5
6 3 127 6
7 3 81 7
8 3 1 8
9 3 113 9
10 3 47 0
11 3 78 1
12 3 110 2
13 3 1 3
14 3 59 4
15 3 76 5
16 3 100 6
17 3 63 7
18 3 99 8
19 3 58 9
20 3 119 0
21 3 42 1
22 3 99 2
23 3 121 3
24 3 85 4
25 3 43 5
26 3 122 6
27 3 66 7
28 3 141 8
29 3 100 9
0 4 136 0
1 4 175 1
2 4 155 2
3 4 173 3
4 4 49 4
5 4 51 5
6 4 167 6
7 4 179 7
8 4 132 8
9 4 156 9
10 4 59 0
11 4 143 1
12 4 124 2
13 4 63 3
14 4 127 4
15 4 1 5
16 4 102 6
17 4 168 7
18 4 117 8
19 4 116 9
20 4 86 0
21 4 112 1
22 4 50 2
23 4 79 3
24 4 94 4
25 4 114 5
26 4 65 6
27 4 1 7
28 4 65 8
29 4 165 9
0 5 91 0
1 5 90 1
2 5 101 2
3 5 152 3
4 5 50 4
5 5 1 5
6 5 104 6
7 5 80 7
8 5 173 8
9 5 143 9
10 5 87 0
11 5 116 1
12 5 50 2
13 5 71 3
14 5 70 4
15 5 62 5
16 5 109 6
17 5 130 7
18 5 58 8
19 5 155 9
20 5 188 0
21 5 63 1
22 5 133 2
23 5 63 3
24 5 177 4
25 5 77 5
26 5 73 6
27 5 163 7
28 5 1 8
29 5 104 9
0 6 68 0
1 6 92 1
2 6 86 2
3 6 150 3
4 6 43 4
5 6 146 5
6 6 70 6
7 6 180 7
8 6 50 8
9 6 97 9
10 6 151 0
11 6 52 1
12 6 180 2
13 6 179 3
14 6 121 4
15 6 139 5
16 6 81 6
17 6 170 7
18 6 42 8
19 6 50 9
20 6 199 0
21 6 65 1
22 6 180 2
23 6 105 3
24 6 93 4
25 6 111 5
26 6 68 6
27 6 120 7
28 6 121 8
29 6 128 9
0 7 157 0
1 7 109 1
2 7 85 2
3 7 70 3
4 7 143 4
5 7 77 5
6 7 96 6
7 7 132 7
8 7 1 8
9 7 145 9
10 7 160 0
11 7 85 1
12 7 91 2
13 7 1 3
14 7 60 4
15 7 77 5
16 7 148 6
17 7 102 7
18 7 85 8
19 7 72 9
20 7 99 0
21 7 143 1
22 7 146 2
23 7 101 3
24 7 1 4
25 7 1 5
26 7 62 6
27 7 84 7
28 7 98 8
29 7 79 9
0 8 117 0
1 8 97 1
2 8 40 2
3 8 162 3
4 8 111 4
5 8 1 5
6 8 84 6
7 8 144 7
8 8 75 8
9 8 87 9
10 8 172 0
11 8 55 1
12 8 102 2
13 8 1 3
14 8 170 4
15 8 84 5
16 8 72 6
17 8 123 7
18 8 114 8
19 8 112 9
20 8 202 0
21 8 136 1
22 8 81 2
23 8 1 3
24 8 126 4
25 8 68 5
26 8 1 6
27 8 104 7
28 8 171 8
29 8 130 9
0 9 1 0
1 9 170 1
2 9 62 2
3 9 1 3
4 9 77 4
5 9 78 5
6 9 114 6
7 9 104 7
8 9 140 8
9 9 70 9
10 9 84 0
11 9 45 1
12 9 143 2
13 9 155 3
14 9 1 4
15 9 137 5
16 9 156 6
17 9 143 7
18 9 200 8
19 9 189 9
20 9 156 0
21 9 144 1
22 9 84 2
23 9 68 3
24 9 57 4
25 9 98 5
26 9 108 6
27 9 41 7
28 9 92 8
29 9 143 9
0 10 133 0
1 10 72 1
2 10 115 2
3 10 144 3
4 10 140 4
5 10 107 5
6 10 57 6
7 10 90 7
8 10 67 8
9 10 153 9
10 10 150 0
11 10 162 1
12 10 180 2
13 10 102 3
14 10 167 4
15 10 105 5
16 10 99 6
17 10 107 7
18 10 161 8
19 10 62 9
20 10 70 0
21 10 196 1
22 10 177 2
23 10 88 3
24 10 68 4
25 10 116 5
26 10 160 6
27 10 150 7
28 10 82 8
29 10 1 9
0 11 162 0
1 11 55 1
2 11 73 2
3 11 122 3
4 11 137 4
5 11 1 5
6 11 143 6
7 11 74 7
8 11 88 8
9 11 48 9
10 11 191 0
11 11 73 1
12 11 186 2
13 11 41 3
14 11 41 4
15 11 71 5
16 11 99 6
17 11 54 7
18 11 190 8
19 11 94 9
20 11 129 0
21 11 64 1
22 11 75 2
23 11 82 3
24 11 178 4
25 11 1 5
26 11 176 6
27 11 151 7
28 11 114 8
29 11 120 9
0 12 106 0
1 12 97 1
2 12 45 2
3 12 150 3
4 12 164 4
5 12 66 5
6 12 119 6
7 12 126 7
8 12 42 8
9 12 64 9
10 12 62 0
11 12 82 1
12 12 141 2
13 12 165 3
14 12 101 4
15 12 93 5
16 12 122 6
17 12 149 7
18 12 133 8
19 12 164 9
20 12 109 0
21 12 92 1
22 12 110 2
23 12 44 3
24 12 80 4
25 12 103 5
26 12 159 6
27 12 54 7
28 12 128 8
29 12 101 9
0 13 122 0
1 13 152 1
2 13 119 2
3 13 53 3
4 13 82 4
5 13 134 5
6 13 66 6
7 13 134 7
8 13 191 8
9 13 138 9
10 13 76 0
11 13 236 1
12 13 191 2
13 13 147 3
14 13 84 4
15 13 92 5
16 13 140 6
17 13 79 7
18 13 180 8
19 13 163 9
20 13 88 0
21 13 53 1
22 13 136 2
23 13 176 3
24 13 140 4
25 13 70 5
26 13 70 6
27 13 158 7
28 13 65 8
29 13 163 9
0 14 56 0
1 14 49 1
2 14 105 2
3 14 147 3
4 14 121 4
5 14 1 5
6 14 46 6
7 14 121 7
8 14 1 8
9 14 224 9
10 14 1 0
11 14 106 1
12 14 230 2
13 14 65 3
14 14 158 4
15 14 144 5
16 14 92 6
17 14 135 7
18 14 112 8
19 14 98 9
20 14 87 0
21 14 128 1
22 14 154 2
23 14 54 3
24 14 69 4
25 14 72 5
26 14 84 6
27 14 55 7
28 14 111 8
29 14 65 9
0 15 180 0
1 15 177 1
2 15 42 2
3 15 114 3
4 15 171 4
5 15 96 5
6 15 175 6
7 15 186 7
8 15 109 8
9 15 92 9
10 15 204 0
11 15 72 1
12 15 225 2
13 15 100 3
14 15 89 4
15 15 91 5
16 15 137 6
17 15 72 7
18 15 154 8
19 15 101 9
20 15 165 0
21 15 115 1
22 15 172 2
23 15 134 3
24 15 125 4
25 15 86 5
26 15 135 6
27 15 144 7
28 15 157 8
29 15 42 9
0 16 178 0
1 16 75 1
2 16 140 2
3 16 152 3
4 16 92 4
5 16 50 5
6 16 91 6
7 16 176 7
8 16 69 8
9 16 56 9
10 16 197 0
11 16 72 1
12 16 45 2
13 16 147 3
14 16 74 4
15 16 171 5
16 16 170 6
17 16 115 7
18 16 135 8
19 16 88 9
20 16 134 0
21 16 142 1
22 16 143 2
23 16 130 3
24 16 57 4
25 16 110 5
26 16 152 6
27 16 115 7
28 16 1 8
29 16 52 9
0 17 144 0
1 17 78 1
2 17 83 2
3 17 140 3
4 17 111 4
5 17 121 5
6 17 48 6
7 17 134 7
8 17 128 8
9 17 165 9
10 17 128 0
11 17 84 1
12 17 85 2
13 17 140 3
14 17 59 4
15 17 69 5
16 17 68 6
17 17 94 7
18 17 167 8
19 17 45 9
20 17 172 0
21 17 163 1
22 17 1 2
23 17 145 3
24 17 144 4
25 17 157 5
26 17 131 6
27 17 99 7
28 17 118 8
29 17 79 9
0 18 71 0
1 18 46 1
2 18 58 2
3 18 108 3
4 18 88 4
5 18 48 5
6 18 45 6
7 18 123 7
8 18 114 8
9 18 151 9
10 18 47 0
11 18 108 1
12 18 63 2
13 18 46 3
14 18 72 4
15 18 66 5
16 18 139 6
17 18 50 7
18 18 69 8
19 18 157 9
20 18 134 0
21 18 98 1
22 18 91 2
23 18 1 3
24 18 115 4
25 18 49 5
26 18 88 6
27 18 111 7
28 18 136 8
29 18 65 9
0 19 1 0
1 19 59 1
2 19 163 2
3 19 108 3
4 19 83 4
5 19 146 5
6 19 158 6
7 19 170 7
8 19 155 8
9 19 40 9
10 19 149 0
11 19 1 1
12 19 158 2
13 19 55 3
14 19 42 4
15 19 174 5
16 19 50 6
17 19 175 7
18 19 106 8
19 19 93 9
20 19 87 0
21 19 99 1
22 19 50 2
23 19 82 3
24 19 59 4
25 19 124 5
26 19 139 6
27 19 152 7
28 19 143 8
29 19 111 9
0 20 44 0
1 20 91 1
2 20 57 2
3 20 127 3
4 20 1 4
5 20 49 5
6 20 57 6
7 20 114 7
8 20 1 8
9 20 135 9
10 20 111 0
11 20 133 1
12 20 129 2
13 20 139 3
14 20 50 4
15 20 139 5
16 20 1 6
17 20 174 7
18 20 58 8
19 20 89 9
20 20 152 0
21 20 151 1
22 20 161 2
23 20 178 3
24 20 169 4
25 20 1 5
26 20 126 6
27 20 144 7
28 20 169 8
29 20 101 9
0 21 85 0
1 21 112 1
2 21 1 2
3 21 111 3
4 21 58 4
5 21 95 5
6 21 53 6
7 21 40 7
8 21 158 8
9 21 83 9
10 21 176 0
11 21 173 1
12 21 112 2
13 21 154 3
14 21 114 4
15 21 1 5
16 21 77 6
17 21 44 7
18 21 1 8
19 21 180 9
20 21 111 0
21 21 104 1
22 21 67 2
23 21 168 3
24 21 57 4
25 21 71 5
26 21 56 6
27 21 148 7
28 21 1 8
29 21 110 9
1 2 3 191 58 12 5 25 21
2 6 9 144 41 7 9 15 18
3 12 12 23 57 16 3 23 15
4 8 3 49 32 7 7 14 21
5 4 13 142 44 12 5 28 13
6 3 0 23 32 7 1 20 10
7 6 10 138 32 3 8 18 21
8 6 9 197 134 8 12 13 15
9 26 0 160 43 9 10 15 20
10 21 12 10 38 6 13 15 19
11 4 8 32 37 6 9 16 19
12 23 10 3 40 14 6 25 12
13 15 8 1 35 14 7 25 10
14 12 13 178 55 4 11 17 17
15 19 4 160 58 2 4 19 21
16 5 3 36 35 18 3 21 14
17 6 9 183 147 7 2 20 19
18 19 9 28 36 8 12 14 16
19 1 11 20 49 7 12 14 15
20 17 10 3 34 14 4 20 19
21 12 18 199 40 9 9 12 19
22 5 2 37 43 5 8 17 19
23 21 11 32 37 16 6 24 11
24 15 9 62 40 3 2 9 14
25 24 2 14 36 2 11 19 17
26 7 13 25 37 0 3 13 6
27 19 9 5 33 14 6 25 11
28 7 17 65 34 22 6 25 17
29 21 17 195 132 13 5 27 13
30 25 18 178 38 9 0 20 15
31 4 14 189 179 13 4 28 11
32 8 6 36 48 0 2 5 16
33 20 10 158 42 15 3 25 7
34 17 5 182 41 15 11 29 20
35 25 4 11 36 7 6 24 16
36 11 17 62 31 4 11 18 17
37 21 12 15 135 13 10 23 16
38 15 9 55 40 4 10 17 18
39 15 4 146 55 5 9 17 19
40 20 14 184 76 10 7 18 20
41 11 9 28 32 0 0 16 4
42 9 18 148 44 7 7 14 20
43 13 1 47 33 16 0 25 10
44 21 7 42 196 17 6 27 11
45 16 16 32 52 7 15 22 20
46 12 15 2 129 15 11 28 16
47 6 14 53 72 3 12 19 16
48 24 6 197 33 18 3 21 15
49 16 8 180 37 0 3 6 19
50 9 11 162 36 5 13 11 17
51 4 21 30 40 13 2 27 15
52 15 17 5 47 12 10 23 19
53 21 15 40 79 20 2 27 16
54 28 13 133 36 16 5 24 13
55 9 19 52 36 5 10 17 18
56 19 13 150 128 5 0 12 17
57 21 17 136 31 11 7 28 10
58 9 13 54 43 14 2 25 15
59 14 13 4 32 10 9 15 18
60 21 14 1 70 6 5 12 17
61 8 17 45 53 3 5 17 9
62 19 10 28 116 5 13 8 16
63 15 14 138 76 13 3 24 14
64 24 5 36 42 13 3 26 15
65 10 21 16 36 12 2 28 16
66 23 12 193 41 7 6 15 21
67 21 12 43 51 10 8 24 20
68 7 11 30 33 3 12 16 19
69 19 21 190 34 5 4 17 13
70 23 12 5 47 3 10 18 18
71 20 10 16 77 6 0 9 17
72 21 10 191 86 16 7 23 10
73 18 14 53 36 13 1 27 17
74 23 8 177 50 8 16 12 21
75 17 14 60 80 6 4 14 13
76 21 4 34 37 3 9 10 21
77 13 3 52 47 16 2 29 9
78 11 8 12 81 16 2 24 16
79 15 19 45 50 8 6 14 21
80 6 10 18 37 3 1 17 7
81 10 15 50 182 18 3 22 14
82 21 10 10 50 8 1 21 17
83 16 15 9 42 12 2 28 15
84 15 14 140 33 4 12 17 15
85 24 13 65 32 6 9 15 18
86 27 12 23 35 2 10 19 17
87 4 21 27 36 8 4 13 15
88 0 1 41 79 4 10 17 18
89 26 8 24 260 16 2 23 15
90 25 1 166 46 2 3 17 6
91 8 18 20 31 18 4 22 14
92 6 6 10 94 14 4 26 14
93 15 12 170 219 11 0 22 5
94 12 17 46 32 5 12 16 15
95 20 12 14 49 17 7 22 11
96 20 4 197 33 16 3 29 14
97 15 13 39 35 5 11 16 16
98 14 10 12 121 9 11 22 21
99 0 13 25 35 19 2 22 5
100 4 17 175 36 13 1 29 16
101 29 4 43 86 17 1 22 16
102 24 12 8 68 4 8 17 20
103 25 5 146 39 4 7 17 21
104 12 19 41 35 18 4 21 13
105 8 10 24 47 5 9 16 18
106 22 13 49 130 9 3 23 11
107 22 3 60 105 14 8 29 12
108 15 7 198 32 13 10 25 17
109 21 12 32 55 3 4 18 21
110 19 13 133 38 14 8 22 19
111 26 18 50 77 0 2 14 19
112 25 14 4 38 4 0 18 13
113 8 14 170 36 4 3 21 16
114 8 13 41 36 14 4 26 13
115 20 2 36 44 8 7 24 15
116 2 14 147 32 13 7 18 16
117 24 17 14 33 10 6 20 13
118 22 3 193 30 7 10 15 17
119 3 13 197 46 13 7 22 18
120 25 7 0 39 14 2 25 16
121 8 11 58 31 12 2 28 16
122 11 1 55 42 18 5 22 12
123 12 9 11 38 14 2 25 15
124 16 5 13 36 5 4 9 10
125 25 12 2 48 13 6 26 12
126 16 4 30 35 14 4 25 14
127 8 17 2 42 14 3 21 15
128 12 1 43 33 13 3 27 15
129 14 10 40 32 3 0 13 15
130 11 13 40 34 5 8 16 20
131 7 1 66 38 3 2 19 18
132 21 7 185 33 3 10 14 21
133 24 5 59 30 16 5 23 13
134 18 15 56 74 6 7 15 20
135 6 12 155 40 13 3 28 9
136 7 10 162 44 1 12 18 21
137 9 9 169 79 19 12 28 17
138 18 4 36 30 9 9 13 18
139 12 1 180 38 6 11 16 17
140 23 13 50 30 7 5 15 21
141 20 11 33 58 4 3 11 20
142 15 16 175 32 11 4 28 13
143 23 12 44 45 0 6 6 19
144 14 18 40 53 4 11 18 17
145 11 10 137 39 12 3 27 18
146 16 3 51 38 7 0 22 9
147 15 18 151 48 21 2 28 19
148 6 19 39 39 6 5 16 21
149 26 11 18 45 4 11 17 19
150 25 12 61 260 3 11 19 17
151 15 11 35 31 15 6 20 19
152 26 9 58 73 8 9 17 12
153 16 9 4 42 3 6 19 21
154 11 13 32 32 4 10 14 17
155 10 10 182 55 0 7 9 16
156 25 4 58 55 12 2 27 15
157 28 4 40 31 11 1 28 17
158 21 14 3 150 5 11 17 16
159 10 10 54 38 9 12 13 16
160 7 17 45 32 5 10 21 19
161 1 13 136 70 13 3 23 15
162 9 18 27 246 20 8 24 15
163 17 7 62 39 15 6 25 12
164 25 3 46 86 3 3 13 16
165 24 20 50 162 12 5 20 13
166 10 19 58 31 18 1 22 8
167 26 17 66 40 16 7 25 21
168 15 18 32 35 18 5 22 12
169 9 11 24 32 16 6 20 20
170 4 21 25 48 15 3 24 14
171 28 11 46 32 4 9 18 18
172 15 18 63 33 12 4 27 13
173 23 8 171 37 14 11 25 16
174 21 18 59 34 14 10 27 15
175 6 1 49 44 16 8 22 19
176 15 6 161 32 4 9 18 19
177 24 13 56 30 16 6 23 11
178 14 8 143 33 17 2 23 15
179 26 20 59 43 0 2 16 16
180 23 10 64 45 4 9 18 18
181 0 19 60 50 0 2 14 14
182 7 12 39 53 11 14 26 19
183 23 5 12 94 8 7 13 21
184 25 4 3 54 10 0 19 8
185 10 11 17 30 8 6 14 21
186 16 11 1 43 4 12 17 16
187 29 15 61 33 10 3 27 17
188 28 21 43 41 15 6 25 12
189 8 11 50 33 4 6 16 15
190 15 8 34 39 7 9 15 19
191 18 15 39 34 9 7 13 20
192 3 16 187 55 12 5 27 13
193 13 13 43 43 9 4 13 21
194 18 16 49 34 4 4 16 10
195 27 13 148 73 4 12 13 21
196 22 18 15 60 12 2 17 18
197 7 16 56 52 5 6 17 21
198 6 17 35 89 7 6 14 21
199 5 4 4 39 16 3 24 15
200 6 11 48 46 0 0 17 16
201 28 17 7 31 12 1 21 8
202 15 14 30 45 8 4 16 17
203 18 4 13 48 6 9 15 18
204 4 11 191 86 16 3 23 15
205 3 4 2 60 11 5 24 18
206 23 20 36 39 15 7 25 16
207 14 11 168 32 13 1 27 16
208 19 14 180 94 15 7 24 11
209 0 13 37 38 5 11 16 16
210 1 8 18 43 13 6 26 12
211 13 17 197 85 18 7 21 11
212 21 20 30 35 15 2 23 12
213 18 2 63 48 16 1 24 17
214 7 16 187 69 3 11 18 16
215 22 7 5 46 6 7 20 21
216 24 7 13 32 11 3 28 14
217 11 0 169 30 16 6 23 11
218 14 14 171 50 10 4 22 20
219 9 15 197 51 6 3 22 19
220 7 18 2 35 4 6 15 17
221 22 9 45 200 17 4 23 13
222 6 5 171 50 14 0 26 17
223 15 7 48 33 13 7 19 14
224 6 15 27 32 21 15 28 20
225 15 2 11 58 13 0 24 14
226 15 4 54 30 12 9 24 21
227 15 1 63 34 4 4 18 21
228 13 14 30 35 15 3 24 14
229 11 10 65 57 12 3 28 15
230 14 18 7 33 12 3 24 10
231 25 9 147 51 18 4 21 14
232 26 2 182 52 7 10 14 17
233 13 12 49 36 13 3 26 12
234 11 9 11 65 1 1 11 17
235 11 14 34 38 14 5 26 13
236 21 10 146 74 4 1 15 9
237 9 9 35 93 10 3 18 16
238 17 13 37 33 13 6 26 11
239 26 17 16 91 7 4 14 21
240 13 18 169 38 13 1 27 17
241 16 15 171 47 1 3 14 17
242 9 19 150 105 3 0 19 9
243 8 20 37 39 12 2 15 16
244 3 21 179 34 4 5 17 21
245 15 15 27 33 6 11 15 17
246 15 7 55 52 7 5 13 8
247 18 13 49 32 5 6 17 21
248 15 13 39 30 17 2 22 15
249 13 9 36 35 3 2 17 18
250 24 12 4 30 9 5 13 21
251 19 7 57 38 12 7 28 10
252 29 14 140 38 12 1 28 16
253 10 5 157 49 6 7 16 20
254 6 19 55 40 5 12 16 16
255 9 9 169 35 9 9 13 18
256 11 3 9 55 3 12 19 16
257 1 5 0 36 12 7 20 11
258 11 15 152 66 9 8 12 20
259 10 9 18 123 20 2 26 16
260 17 4 19 41 6 7 16 21
261 15 11 66 32 7 8 14 13
262 17 7 193 152 12 4 19 17
263 13 14 33 35 15 1 25 17
264 19 5 52 38 17 10 28 17
265 20 5 9 106 18 1 21 17
266 24 14 22 58 17 3 25 8
267 11 16 10 139 16 3 24 17
268 22 16 40 37 2 10 13 17
269 25 4 1 135 16 0 20 16
270 24 7 183 39 4 8 17 19
271 29 13 2 68 5 11 17 16
272 20 16 63 32 16 7 24 10
273 8 13 37 70 13 7 28 16
274 6 18 6 63 15 7 25 10
275 12 17 2 47 18 2 21 16
276 8 16 14 35 6 2 19 12
277 8 16 45 38 6 12 16 15
278 13 16 27 41 2 8 19 21
279 21 13 60 95 14 5 25 12
280 11 10 19 39 15 5 25 13
281 13 18 140 45 7 11 15 16
282 20 11 62 122 16 16 29 20
283 4 21 44 130 20 4 23 15
284 19 1 44 46 17 1 26 9
285 5 12 61 36 0 4 7 14
286 25 18 5 30 13 5 26 13
287 8 14 141 35 11 5 23 21
288 19 10 24 72 15 1 24 17
289 3 7 36 30 9 7 13 21
290 0 10 138 101 8 7 14 21
291 25 4 16 69 16 5 23 13
292 15 12 29 49 11 2 28 16
293 11 13 25 41 3 1 13 17
294 9 19 148 60 22 9 27 15
295 12 2 57 116 11 12 27 16
296 7 19 200 31 16 3 23 14
297 13 5 33 33 16 11 22 16
298 13 14 46 37 3 1 10 16
299 29 0 21 57 12 3 28 14
300 23 8 174 30 12 6 28 12
301 24 7 187 42 15 14 19 19
302 8 14 20 50 8 9 13 18
303 24 6 134 64 4 12 17 15
304 18 3 20 61 14 4 26 13
305 25 8 144 36 3 15 16 20
306 10 18 34 39 6 6 16 21
307 7 6 49 64 18 3 26 20
308 14 21 59 64 18 3 22 15
309 28 15 140 57 3 0 16 12
310 28 15 26 33 20 9 29 14
311 7 9 13 50 17 4 23 13
312 3 2 65 39 5 8 17 20
313 9 9 2 42 0 13 14 21
314 4 14 51 30 20 2 28 17
315 9 11 6 69 10 3 22 20
316 22 8 159 44 12 6 20 16
317 3 3 66 49 9 6 12 21
318 15 14 0 52 8 8 13 20
319 16 1 24 41 6 11 16 17
320 12 9 165 42 8 2 25 8
321 25 4 50 40 11 1 27 15
322 22 13 32 35 0 7 8 12
323 13 16 8 38 6 5 14 11
324 14 11 62 45 12 3 27 14
325 24 12 56 31 8 9 13 18
326 23 20 62 75 12 4 16 21
327 3 16 175 32 15 2 24 16
328 17 12 39 42 8 0 18 17
329 16 9 18 33 6 6 23 19
330 15 12 155 34 5 11 17 17
331 11 17 152 39 9 1 24 11
332 8 14 15 260 11 5 24 21
333 13 17 26 200 18 5 21 13
334 8 9 135 35 5 7 16 20
335 20 11 196 39 10 3 24 6
336 13 13 198 34 0 4 12 11
337 20 7 5 32 1 6 18 13
338 27 0 3 35 12 3 28 15
339 15 6 139 74 5 8 16 19
340 18 4 20 45 3 11 13 20
341 3 16 37 30 4 8 17 20
342 6 4 51 47 16 3 24 15
343 18 12 48 36 3 3 9 9
344 13 14 45 97 3 8 18 20
345 2 0 166 42 4 6 18 21
346 15 10 55 36 10 3 25 8
347 17 11 5 32 2 4 8 15
348 8 9 167 61 14 5 29 17
349 11 17 192 50 5 12 16 15
350 16 6 159 52 3 9 15 17
351 19 8 7 56 9 10 12 18
352 25 5 63 60 23 9 27 14
353 23 5 2 99 15 0 19 4
354 24 8 63 108 3 12 18 16
355 2 3 49 37 5 3 8 13
356 14 21 49 46 8 10 13 17
357 28 19 51 35 4 10 17 17
358 15 6 4 41 12 5 18 21
359 23 5 43 34 8 9 14 18
360 5 5 30 41 8 8 22 13
361 29 13 46 76 16 6 29 14
362 16 18 20 45 8 0 23 6
363 13 13 46 31 9 12 13 16
364 20 3 27 38 15 1 29 18
365 8 15 175 48 18 7 22 11
366 16 13 51 44 10 8 17 15
367 20 14 13 31 13 0 27 17
368 16 10 47 33 9 5 23 21
369 21 13 194 32 3 12 20 20
370 11 19 162 49 7 4 19 11
371 21 16 45 36 23 10 29 16
372 0 17 7 39 0 7 12 21
373 0 7 16 33 13 8 28 19
374 7 10 53 39 1 8 9 20
375 15 5 17 32 3 11 19 17
376 11 10 64 71 4 5 18 21
377 17 8 9 69 18 5 21 13
378 7 19 167 70 12 1 27 16
379 14 18 198 34 4 7 17 21
380 29 10 41 51 3 12 19 15
381 13 13 49 64 7 8 15 19
382 8 15 1 44 6 10 15 18
383 15 12 41 44 16 2 23 16
384 16 9 52 69 14 5 26 12
385 4 15 27 133 1 5 18 21
386 0 13 33 193 8 5 14 21
387 22 12 16 30 25 4 28 20
388 11 12 54 32 15 5 24 13
389 12 11 47 32 15 1 24 17
390 22 19 166 128 8 5 21 17
391 8 3 47 33 5 1 16 12
392 13 12 16 56 8 4 12 11
393 20 20 17 32 18 0 21 17
394 22 5 5 71 18 9 26 13
395 6 15 31 35 15 3 24 14
396 20 4 49 44 4 3 8 19
397 16 12 58 134 13 7 27 10
398 13 18 9 38 9 16 21 21
399 1 13 61 38 17 1 22 17
400 14 6 9 36 13 6 27 11
401 6 4 2 31 12 6 27 13
402 12 20 157 32 6 18 14 21
403 8 14 27 47 9 8 13 20
404 23 4 170 37 11 5 28 20
405 15 7 142 116 4 8 18 19
406 10 17 35 37 13 0 27 17
407 11 15 14 32 7 0 17 14
408 16 15 11 48 16 1 25 16
409 15 16 29 40 2 1 13 17
410 12 13 30 48 0 15 17 21
411 13 9 20 232 16 0 21 17
412 10 12 20 31 4 8 18 20
413 9 19 133 52 3 6 18 21
414 11 14 40 35 18 1 25 15
415 19 4 65 39 0 6 16 12
416 11 14 40 43 6 1 22 7
417 20 14 138 30 18 2 22 16
418 19 11 187 46 15 4 25 14
419 15 14 152 34 14 2 26 16
420 14 12 61 49 2 4 18 16
421 19 12 156 46 6 7 16 20
422 20 6 25 44 10 1 16 17
423 19 11 46 32 7 9 14 19
424 24 10 13 80 12 0 26 14
425 14 17 58 87 13 0 27 17
426 11 19 10 31 0 6 15 14
427 17 9 54 64 4 9 15 19
428 24 7 15 49 15 6 25 11
429 6 10 43 35 14 1 25 17
430 8 11 63 31 4 11 18 17
431 0 12 44 31 6 9 15 18
432 12 13 19 36 10 0 14 13
433 13 15 35 38 15 5 24 13
434 23 11 153 41 13 14 29 17
435 29 13 197 39 15 8 27 20
436 18 12 26 97 5 2 12 9
437 26 5 8 35 15 2 24 15
438 9 16 42 39 22 0 28 11
439 18 7 60 116 10 2 20 16
440 21 1 65 54 17 6 22 11
441 8 9 11 42 0 3 6 9
442 9 16 140 60 19 3 23 16
443 17 9 23 36 8 10 25 17
444 9 12 8 31 7 2 11 14
445 20 12 58 113 13 7 20 19
446 15 14 65 44 11 6 21 17
447 5 21 164 30 11 7 23 15
448 24 4 27 38 7 7 15 21
449 15 16 53 33 16 7 26 17
450 26 9 64 41 17 4 25 14
451 14 18 5 46 15 7 28 10
452 9 18 50 35 18 4 21 14
453 3 8 9 36 12 3 26 20
454 21 4 185 39 9 0 24 16
455 13 12 199 41 8 9 14 18
456 17 11 26 39 12 2 27 16
457 20 8 8 89 16 14 28 17
458 18 10 14 43 1 2 16 12
459 17 12 143 37 12 4 23 16
460 8 6 26 41 1 1 17 5
461 17 14 30 58 4 7 18 20
462 14 17 20 88 6 15 14 20
463 13 14 23 75 2 4 19 8
464 13 10 58 43 16 3 23 15
465 24 12 166 39 16 4 24 14
466 1 16 35 42 2 10 19 17
467 25 11 20 31 8 12 13 15
468 3 15 19 77 13 5 27 13
469 25 6 31 174 8 11 13 16
470 20 2 17 39 6 5 15 17
471 11 9 35 31 7 11 14 17
472 11 12 37 38 14 6 26 12
473 9 19 179 46 0 5 15 9
474 25 19 54 31 15 5 18 9
475 16 9 11 150 16 8 29 21
476 14 9 174 32 17 5 22 8
477 8 7 32 32 0 14 13 21
478 5 7 160 42 12 1 27 16
479 13 10 165 35 18 5 22 12
480 24 8 27 68 7 4 12 20
