28 28 500 240
0 0 64 0
1 0 141 0
2 0 45 0
3 0 1 0
4 0 1 0
5 0 1 0
6 0 169 0
7 0 117 0
8 0 108 0
9 0 110 0
10 0 179 0
11 0 1 0
12 0 64 0
13 0 152 0
14 0 81 0
15 0 1 0
16 0 94 0
17 0 1 0
18 0 173 0
19 0 104 0
20 0 147 0
21 0 94 0
22 0 1 0
23 0 169 0
24 0 1 0
25 0 1 0
26 0 42 0
27 0 1 0
0 1 171 1
1 1 50 1
2 1 109 1
3 1 1 1
4 1 91 1
5 1 87 1
6 1 63 1
7 1 1 1
8 1 70 1
9 1 1 1
10 1 145 1
11 1 1 1
12 1 160 1
13 1 146 1
14 1 1 1
15 1 1 1
16 1 175 1
17 1 150 1
18 1 156 1
19 1 159 1
20 1 160 1
21 1 1 1
22 1 163 1
23 1 111 1
24 1 154 1
25 1 1 1
26 1 148 1
27 1 132 1
0 2 1 2
1 2 51 2
2 2 1 2
3 2 1 2
4 2 175 2
5 2 1 2
6 2 67 2
7 2 1 2
8 2 165 2
9 2 1 2
10 2 41 2
11 2 43 2
12 2 1 2
13 2 158 2
14 2 140 2
15 2 1 2
16 2 163 2
17 2 1 2
18 2 152 2
19 2 129 2
20 2 162 2
21 2 150 2
22 2 1 2
23 2 75 2
24 2 86 2
25 2 152 2
26 2 80 2
27 2 144 2
0 3 1 3
1 3 165 3
2 3 110 3
3 3 165 3
4 3 96 3
5 3 108 3
6 3 79 3
7 3 113 3
8 3 79 3
9 3 1 3
10 3 1 3
11 3 1 3
12 3 66 3
13 3 1 3
14 3 108 3
15 3 43 3
16 3 144 3
17 3 176 3
18 3 1 3
19 3 70 3
20 3 164 3
21 3 149 3
22 3 120 3
23 3 139 3
24 3 1 3
25 3 119 3
26 3 122 3
27 3 71 3
0 4 81 4
1 4 66 4
2 4 64 4
3 4 134 4
4 4 106 4
5 4 164 4
6 4 93 4
7 4 1 4
8 4 95 4
9 4 43 4
10 4 166 4
11 4 1 4
12 4 122 4
13 4 1 4
14 4 151 4
15 4 59 4
16 4 1 4
17 4 154 4
18 4 74 4
19 4 133 4
20 4 1 4
21 4 71 4
22 4 121 4
23 4 1 4
24 4 1 4
25 4 1 4
26 4 48 4
27 4 148 4
0 5 127 5
1 5 1 5
2 5 66 5
3 5 59 5
4 5 161 5
5 5 1 5
6 5 78 5
7 5 103 5
8 5 105 5
9 5 136 5
10 5 67 5
11 5 153 5
12 5 47 5
13 5 1 5
14 5 1 5
15 5 166 5
16 5 122 5
17 5 1 5
18 5 90 5
19 5 1 5
20 5 71 5
21 5 58 5
22 5 1 5
23 5 162 5
24 5 162 5
25 5 118 5
26 5 157 5
27 5 158 5
0 6 169 6
1 6 48 6
2 6 158 6
3 6 1 6
4 6 1 6
5 6 164 6
6 6 75 6
7 6 1 6
8 6 109 6
9 6 1 6
10 6 160 6
11 6 180 6
12 6 1 6
13 6 173 6
14 6 73 6
15 6 87 6
16 6 65 6
17 6 93 6
18 6 102 6
19 6 1 6
20 6 64 6
21 6 141 6
22 6 1 6
23 6 138 6
24 6 128 6
25 6 1 6
26 6 98 6
27 6 83 6
0 7 122 7
1 7 64 7
2 7 103 7
3 7 126 7
4 7 71 7
5 7 171 7
6 7 1 7
7 7 108 7
8 7 1 7
9 7 155 7
10 7 111 7
11 7 1 7
12 7 1 7
13 7 130 7
14 7 1 7
15 7 1 7
16 7 1 7
17 7 43 7
18 7 137 7
19 7 118 7
20 7 80 7
21 7 1 7
22 7 1 7
23 7 58 7
24 7 77 7
25 7 95 7
26 7 1 7
27 7 119 7
0 8 143 8
1 8 66 8
2 8 102 8
3 8 55 8
4 8 48 8
5 8 165 8
6 8 63 8
7 8 1 8
8 8 1 8
9 8 105 8
10 8 1 8
11 8 92 8
12 8 57 8
13 8 85 8
14 8 60 8
15 8 112 8
16 8 149 8
17 8 84 8
18 8 147 8
19 8 92 8
20 8 164 8
21 8 122 8
22 8 179 8
23 8 1 8
24 8 69 8
25 8 150 8
26 8 1 8
27 8 168 8
0 9 158 9
1 9 1 9
2 9 116 9
3 9 146 9
4 9 150 9
5 9 70 9
6 9 167 9
7 9 141 9
8 9 1 9
9 9 111 9
10 9 177 9
11 9 1 9
12 9 140 9
13 9 54 9
14 9 61 9
15 9 127 9
16 9 153 9
17 9 51 9
18 9 90 9
19 9 112 9
20 9 74 9
21 9 99 9
22 9 141 9
23 9 1 9
24 9 1 9
25 9 137 9
26 9 57 9
27 9 132 9
0 10 102 0
1 10 94 0
2 10 54 0
3 10 1 0
4 10 108 0
5 10 72 0
6 10 115 0
7 10 1 0
8 10 1 0
9 10 89 0
10 10 85 0
11 10 1 0
12 10 167 0
13 10 177 0
14 10 123 0
15 10 165 0
16 10 158 0
17 10 122 0
18 10 179 0
19 10 69 0
20 10 110 0
21 10 56 0
22 10 1 0
23 10 178 0
24 10 146 0
25 10 1 0
26 10 80 0
27 10 87 0
0 11 171 1
1 11 1 1
2 11 72 1
3 11 141 1
4 11 130 1
5 11 1 1
6 11 87 1
7 11 1 1
8 11 74 1
9 11 1 1
10 11 76 1
11 11 54 1
12 11 115 1
13 11 67 1
14 11 1 1
15 11 1 1
16 11 1 1
17 11 1 1
18 11 1 1
19 11 90 1
20 11 51 1
21 11 41 1
22 11 1 1
23 11 117 1
24 11 85 1
25 11 99 1
26 11 168 1
27 11 143 1
0 12 190 2
1 12 144 2
2 12 140 2
3 12 172 2
4 12 124 2
5 12 1 2
6 12 136 2
7 12 147 2
8 12 92 2
9 12 149 2
10 12 1 2
11 12 167 2
12 12 107 2
13 12 159 2
14 12 1 2
15 12 50 2
16 12 119 2
17 12 168 2
18 12 1 2
19 12 108 2
20 12 55 2
21 12 116 2
22 12 1 2
23 12 85 2
24 12 172 2
25 12 1 2
26 12 1 2
27 12 1 2
0 13 1 3
1 13 64 3
2 13 141 3
3 13 224 3
4 13 84 3
5 13 174 3
6 13 177 3
7 13 143 3
8 13 74 3
9 13 126 3
10 13 144 3
11 13 1 3
12 13 179 3
13 13 139 3
14 13 1 3
15 13 67 3
16 13 116 3
17 13 104 3
18 13 1 3
19 13 140 3
20 13 63 3
21 13 153 3
22 13 116 3
23 13 1 3
24 13 1 3
25 13 119 3
26 13 69 3
27 13 1 3
0 14 118 4
1 14 1 4
2 14 1 4
3 14 112 4
4 14 1 4
5 14 68 4
6 14 80 4
7 14 1 4
8 14 135 4
9 14 121 4
10 14 1 4
11 14 95 4
12 14 130 4
13 14 164 4
14 14 1 4
15 14 1 4
16 14 173 4
17 14 1 4
18 14 1 4
19 14 78 4
20 14 1 4
21 14 135 4
22 14 1 4
23 14 160 4
24 14 170 4
25 14 41 4
26 14 57 4
27 14 179 4
0 15 110 5
1 15 1 5
2 15 73 5
3 15 189 5
4 15 148 5
5 15 173 5
6 15 75 5
7 15 72 5
8 15 164 5
9 15 65 5
10 15 1 5
11 15 82 5
12 15 120 5
13 15 106 5
14 15 65 5
15 15 148 5
16 15 97 5
17 15 167 5
18 15 1 5
19 15 130 5
20 15 81 5
21 15 104 5
22 15 109 5
23 15 70 5
24 15 1 5
25 15 137 5
26 15 92 5
27 15 1 5
0 16 358 6
1 16 122 6
2 16 1 6
3 16 99 6
4 16 46 6
5 16 109 6
6 16 1 6
7 16 1 6
8 16 1 6
9 16 1 6
10 16 119 6
11 16 42 6
12 16 1 6
13 16 156 6
14 16 117 6
15 16 40 6
16 16 97 6
17 16 1 6
18 16 59 6
19 16 1 6
20 16 88 6
21 16 1 6
22 16 125 6
23 16 1 6
24 16 85 6
25 16 162 6
26 16 1 6
27 16 110 6
0 17 196 7
1 17 108 7
2 17 127 7
3 17 1 7
4 17 52 7
5 17 1 7
6 17 175 7
7 17 109 7
8 17 48 7
9 17 125 7
10 17 52 7
11 17 48 7
12 17 165 7
13 17 152 7
14 17 58 7
15 17 68 7
16 17 156 7
17 17 92 7
18 17 1 7
19 17 143 7
20 17 156 7
21 17 1 7
22 17 79 7
23 17 1 7
24 17 104 7
25 17 58 7
26 17 1 7
27 17 126 7
0 18 116 8
1 18 133 8
2 18 140 8
3 18 152 8
4 18 1 8
5 18 172 8
6 18 150 8
7 18 55 8
8 18 1 8
9 18 47 8
10 18 1 8
11 18 94 8
12 18 56 8
13 18 179 8
14 18 76 8
15 18 1 8
16 18 1 8
17 18 138 8
18 18 1 8
19 18 91 8
20 18 85 8
21 18 1 8
22 18 165 8
23 18 1 8
24 18 1 8
25 18 42 8
26 18 170 8
27 18 144 8
0 19 1 9
1 19 1 9
2 19 1 9
3 19 143 9
4 19 190 9
5 19 1 9
6 19 168 9
7 19 71 9
8 19 42 9
9 19 129 9
10 19 156 9
11 19 153 9
12 19 62 9
13 19 125 9
14 19 1 9
15 19 49 9
16 19 178 9
17 19 58 9
18 19 69 9
19 19 64 9
20 19 156 9
21 19 41 9
22 19 43 9
23 19 112 9
24 19 1 9
25 19 102 9
26 19 68 9
27 19 1 9
0 20 1 0
1 20 186 0
2 20 256 0
3 20 1 0
4 20 115 0
5 20 69 0
6 20 1 0
7 20 101 0
8 20 107 0
9 20 89 0
10 20 171 0
11 20 40 0
12 20 162 0
13 20 120 0
14 20 103 0
15 20 1 0
16 20 172 0
17 20 137 0
18 20 1 0
19 20 127 0
20 20 1 0
21 20 1 0
22 20 1 0
23 20 47 0
24 20 1 0
25 20 43 0
26 20 81 0
27 20 120 0
0 21 1 1
1 21 1 1
2 21 1 1
3 21 260 1
4 21 1 1
5 21 198 1
6 21 143 1
7 21 1 1
8 21 142 1
9 21 87 1
10 21 1 1
11 21 45 1
12 21 75 1
13 21 72 1
14 21 93 1
15 21 145 1
16 21 119 1
17 21 41 1
18 21 44 1
19 21 153 1
20 21 86 1
21 21 93 1
22 21 103 1
23 21 1 1
24 21 176 1
25 21 113 1
26 21 72 1
27 21 165 1
0 22 1 2
1 22 78 2
2 22 194 2
3 22 201 2
4 22 102 2
5 22 82 2
6 22 124 2
7 22 1 2
8 22 57 2
9 22 151 2
10 22 165 2
11 22 137 2
12 22 1 2
13 22 43 2
14 22 1 2
15 22 1 2
16 22 1 2
17 22 122 2
18 22 1 2
19 22 133 2
20 22 126 2
21 22 42 2
22 22 114 2
23 22 49 2
24 22 175 2
25 22 81 2
26 22 132 2
27 22 1 2
0 23 1 3
1 23 1 3
2 23 104 3
3 23 62 3
4 23 108 3
5 23 1 3
6 23 83 3
7 23 1 3
8 23 1 3
9 23 173 3
10 23 49 3
11 23 1 3
12 23 164 3
13 23 72 3
14 23 152 3
15 23 161 3
16 23 1 3
17 23 1 3
18 23 123 3
19 23 55 3
20 23 1 3
21 23 111 3
22 23 147 3
23 23 143 3
24 23 1 3
25 23 96 3
26 23 167 3
27 23 106 3
0 24 116 4
1 24 1 4
2 24 101 4
3 24 1 4
4 24 164 4
5 24 1 4
6 24 45 4
7 24 93 4
8 24 1 4
9 24 67 4
10 24 179 4
11 24 137 4
12 24 128 4
13 24 126 4
14 24 1 4
15 24 98 4
16 24 1 4
17 24 1 4
18 24 124 4
19 24 110 4
20 24 1 4
21 24 58 4
22 24 155 4
23 24 42 4
24 24 168 4
25 24 63 4
26 24 56 4
27 24 49 4
0 25 1 5
1 25 86 5
2 25 171 5
3 25 128 5
4 25 132 5
5 25 76 5
6 25 63 5
7 25 70 5
8 25 129 5
9 25 54 5
10 25 40 5
11 25 95 5
12 25 115 5
13 25 52 5
14 25 129 5
15 25 1 5
16 25 1 5
17 25 151 5
18 25 58 5
19 25 1 5
20 25 136 5
21 25 151 5
22 25 108 5
23 25 56 5
24 25 1 5
25 25 1 5
26 25 68 5
27 25 1 5
0 26 100 6
1 26 77 6
2 26 1 6
3 26 123 6
4 26 48 6
5 26 171 6
6 26 139 6
7 26 109 6
8 26 124 6
9 26 121 6
10 26 110 6
11 26 118 6
12 26 161 6
13 26 152 6
14 26 174 6
15 26 158 6
16 26 85 6
17 26 145 6
18 26 82 6
19 26 142 6
20 26 1 6
21 26 1 6
22 26 123 6
23 26 1 6
24 26 1 6
25 26 170 6
26 26 100 6
27 26 1 6
0 27 127 7
1 27 84 7
2 27 61 7
3 27 122 7
4 27 74 7
5 27 1 7
6 27 1 7
7 27 178 7
8 27 71 7
9 27 40 7
10 27 90 7
11 27 1 7
12 27 173 7
13 27 1 7
14 27 101 7
15 27 66 7
16 27 1 7
17 27 1 7
18 27 166 7
19 27 66 7
20 27 112 7
21 27 54 7
22 27 138 7
23 27 135 7
24 27 167 7
25 27 159 7
26 27 123 7
27 27 1 7
1 0 21 61 52 4 10 12 22
2 2 5 146 34 0 15 8 26
3 2 26 27 41 0 9 10 14
4 0 11 174 38 0 18 11 23
5 13 20 64 31 7 8 19 20
6 4 20 139 32 5 2 10 9
7 4 13 176 38 0 12 14 19
8 2 26 173 104 6 4 21 9
9 2 4 7 37 6 12 13 27
10 21 18 165 35 0 16 6 26
11 18 26 45 34 0 16 6 26
12 15 18 60 30 0 12 15 27
13 1 19 33 51 0 13 10 19
14 0 18 148 33 0 16 7 26
15 22 25 58 33 5 12 19 21
16 9 26 9 44 8 2 20 13
17 27 15 34 109 0 10 5 21
18 6 16 14 48 20 18 27 25
19 15 14 168 35 0 10 7 22
20 3 12 170 117 0 9 12 22
21 4 21 59 42 0 9 8 14
22 20 27 143 58 0 10 13 21
23 2 15 3 40 0 15 13 26
24 2 12 39 50 16 19 24 26
25 1 8 66 58 0 10 5 22
26 15 0 64 41 0 12 12 19
27 25 19 7 122 0 13 7 19
28 9 0 28 92 0 17 15 25
29 8 24 170 30 0 6 8 17
30 21 18 56 39 0 13 12 27
31 16 22 32 34 0 9 15 15
32 7 25 49 35 10 3 25 12
33 4 12 41 49 0 13 12 19
34 14 15 147 74 0 9 6 23
35 1 17 53 31 0 15 7 26
36 12 18 180 39 0 16 7 25
37 27 23 5 32 1 4 7 15
38 26 22 20 93 10 16 18 21
39 6 10 52 34 0 5 9 18
40 19 20 25 183 0 8 8 20
41 2 19 171 35 0 11 8 21
42 0 16 59 42 6 11 17 22
43 12 24 139 38 0 6 10 17
44 3 5 150 45 0 17 6 24
45 7 18 185 33 9 0 17 15
46 0 14 21 38 0 15 10 26
47 18 11 175 35 0 7 5 16
48 0 9 48 71 0 9 14 23
49 12 25 44 42 0 12 15 20
50 7 19 48 33 5 15 16 22
51 4 18 1 30 16 0 26 12
52 0 11 63 30 0 9 13 15
53 8 13 39 32 0 15 15 27
54 25 16 20 55 8 5 17 20
55 27 19 164 93 3 11 10 19
56 7 18 4 32 3 1 15 10
57 0 15 52 35 0 13 5 21
58 0 12 181 42 10 6 19 16
59 4 22 26 41 17 5 24 12
60 0 15 49 96 0 18 8 23
61 2 10 180 31 0 12 11 27
62 2 22 54 38 0 18 6 24
63 23 23 160 52 20 7 27 13
64 4 25 29 37 6 9 20 23
65 0 11 157 89 0 16 13 26
66 3 9 181 31 0 18 6 24
67 6 17 40 56 0 12 8 27
68 1 12 175 45 6 11 12 23
69 1 13 65 57 0 11 7 21
70 7 15 34 35 0 5 9 18
71 18 8 64 67 0 8 11 15
72 3 16 43 35 19 6 27 21
73 0 24 149 59 0 8 9 16
74 0 9 177 59 10 6 24 18
75 3 18 167 36 0 17 15 25
76 4 22 32 36 0 8 11 15
77 6 9 30 42 0 13 7 27
78 0 9 147 33 22 5 27 17
79 4 20 49 54 0 12 14 19
80 0 14 3 48 0 5 12 12
81 20 18 173 34 2 12 16 21
82 3 12 13 51 0 7 12 17
83 6 26 59 68 10 12 23 27
84 0 12 37 32 10 9 24 18
85 0 19 41 49 10 15 17 27
86 18 23 135 31 3 11 18 25
87 0 18 56 38 0 9 13 15
88 1 25 15 37 0 10 12 22
89 1 8 166 138 7 7 22 13
90 0 14 16 36 5 3 19 18
91 0 13 41 32 0 11 11 21
92 7 12 47 78 2 20 15 27
93 0 13 60 35 0 15 6 26
94 5 12 135 54 3 14 11 19
95 13 3 46 38 5 3 11 18
96 0 18 27 60 0 9 12 23
97 17 26 27 75 0 18 14 23
98 1 17 9 48 9 5 17 10
99 0 19 37 56 0 5 14 19
100 5 11 49 38 12 0 20 10
101 7 1 144 31 0 4 6 19
102 0 15 166 35 6 4 15 14
103 0 17 172 34 0 9 11 23
104 2 20 26 32 5 0 14 10
105 2 21 153 44 11 10 21 25
106 6 21 52 41 6 13 21 27
107 17 11 20 38 0 17 7 24
108 2 17 15 31 0 4 11 19
109 5 15 23 47 0 16 9 25
110 26 7 62 32 0 18 6 23
111 21 7 20 58 5 9 14 20
112 0 18 2 36 5 10 18 22
113 5 16 151 32 0 9 9 14
114 1 26 38 89 0 12 15 20
115 6 9 193 36 0 12 7 27
116 0 10 37 55 8 15 18 25
117 0 17 152 34 19 3 24 16
118 8 2 162 47 0 5 7 19
119 11 14 42 42 0 13 11 19
120 0 18 61 57 0 7 5 17
121 0 11 177 70 14 12 25 23
122 0 11 163 30 6 7 14 22
123 26 6 24 39 0 11 7 20
124 2 12 44 57 0 11 6 21
125 21 5 65 31 1 12 9 21
126 2 17 41 71 0 13 8 19
127 26 26 8 146 16 0 26 14
128 2 10 30 52 12 5 23 20
129 0 22 53 260 12 6 17 18
130 26 27 148 43 0 5 12 19
131 5 16 17 45 17 2 22 17
132 14 1 9 82 15 4 21 15
133 5 16 35 39 0 12 9 19
134 0 18 58 35 13 14 18 23
135 24 27 10 48 0 9 11 15
136 7 17 161 44 8 8 16 23
137 7 14 0 43 0 7 13 17
138 6 16 7 41 0 12 10 27
139 20 13 47 62 0 6 12 17
140 6 18 22 38 0 9 10 15
141 1 14 139 31 0 12 5 19
142 10 13 19 32 0 9 15 15
143 6 11 18 39 0 7 11 16
144 4 21 26 34 0 11 8 21
145 3 3 41 62 0 18 5 23
146 2 19 20 33 0 17 13 24
147 0 25 138 35 0 4 14 19
148 16 23 43 32 0 9 11 14
149 10 23 38 75 0 18 9 24
150 0 19 143 44 5 17 17 27
151 0 12 13 47 11 12 23 22
152 7 17 143 32 0 15 12 26
153 0 15 24 63 7 9 14 19
154 1 14 57 31 1 22 8 27
155 16 4 152 61 0 9 6 22
156 0 22 7 31 0 9 12 22
157 8 24 37 53 0 9 14 14
158 0 18 24 31 0 6 12 17
159 0 21 23 37 0 9 9 22
160 6 21 52 49 6 1 15 12
161 1 16 173 69 0 13 13 27
162 7 15 29 63 0 16 10 25
163 11 23 13 49 0 7 12 16
164 5 10 40 82 0 9 8 23
165 0 17 185 33 0 12 12 19
166 6 21 58 33 0 12 13 19
167 5 16 19 37 0 9 7 15
168 25 26 15 31 0 12 5 20
169 5 14 6 58 17 12 26 24
170 6 17 175 166 0 15 8 27
171 5 16 62 34 0 11 12 21
172 7 22 66 38 12 12 17 25
173 22 0 37 42 0 9 7 14
174 0 13 32 31 0 5 8 18
175 7 17 22 59 0 10 8 21
176 8 17 57 35 0 12 8 20
177 6 1 153 34 0 15 14 27
178 0 22 9 30 0 9 5 14
179 5 14 192 38 0 16 6 25
180 24 6 10 30 12 11 22 17
181 0 21 27 32 0 12 6 19
182 6 19 186 51 0 10 15 21
183 6 13 47 98 13 17 21 22
184 0 16 9 39 0 11 15 20
185 5 14 27 40 16 6 21 21
186 24 17 17 60 7 1 19 10
187 2 16 54 56 0 15 12 27
188 1 11 143 80 14 14 27 24
189 1 9 66 47 0 16 6 26
190 5 8 58 59 0 17 5 25
191 27 20 14 46 5 10 12 18
192 8 9 2 31 3 5 15 17
193 25 11 6 45 3 12 14 21
194 0 13 38 51 0 7 9 16
195 4 10 146 36 0 5 13 19
196 5 26 162 32 0 13 9 27
197 0 14 61 42 0 9 9 23
198 0 21 167 41 0 10 6 22
199 1 8 192 46 0 11 6 20
200 0 10 47 32 0 4 14 19
201 0 20 17 33 0 9 6 22
202 0 25 60 32 0 11 8 21
203 2 15 46 46 3 6 8 13
204 2 24 43 43 3 15 18 23
205 23 26 24 32 0 5 10 18
206 1 7 8 40 8 7 16 22
207 9 19 191 34 0 16 5 26
208 9 4 187 44 0 10 5 22
209 7 11 41 36 0 13 7 27
210 0 11 139 57 12 7 27 12
211 2 7 6 30 0 13 15 27
212 0 21 49 84 0 8 14 16
213 0 16 165 150 0 18 13 24
214 22 8 190 32 0 12 11 20
215 0 26 196 81 0 12 9 20
216 3 5 56 34 16 7 25 17
217 0 14 45 89 0 17 13 24
218 1 12 55 32 0 9 7 14
219 2 17 16 32 14 8 20 22
220 3 18 24 65 9 12 16 25
221 1 20 136 31 0 9 10 14
222 22 26 54 34 0 13 13 18
223 0 19 16 36 0 7 13 16
224 0 9 43 36 15 17 21 25
225 0 19 9 38 0 16 7 26
226 1 26 148 56 0 8 14 15
227 22 24 23 82 0 15 6 27
228 9 19 59 31 5 12 19 23
229 2 17 185 33 0 8 9 16
230 14 2 20 37 0 18 12 24
231 0 26 18 87 0 9 14 22
232 9 11 17 39 0 9 15 15
233 0 18 12 101 10 4 17 15
234 13 2 26 36 0 8 11 15
235 0 22 49 38 0 12 6 20
236 2 4 25 34 0 7 15 16
237 0 8 135 32 0 9 15 23
238 13 14 195 32 1 8 16 18
239 5 1 139 35 0 10 7 21
240 7 7 38 70 18 5 27 12
241 6 14 168 34 0 13 7 27
242 23 20 49 32 0 4 11 19
243 23 13 36 38 0 5 13 19
244 5 21 161 33 9 9 20 23
245 0 15 9 104 0 7 15 16
246 0 15 5 51 0 17 7 25
247 2 19 7 63 0 13 10 19
248 5 18 20 40 2 12 12 27
249 0 13 160 59 4 11 12 22
250 7 20 50 78 9 15 15 23
251 27 26 15 46 0 8 13 16
252 5 19 9 37 12 14 27 23
253 24 12 29 46 0 12 11 27
254 17 3 31 106 0 12 10 19
255 4 17 61 37 0 9 7 15
256 0 24 55 42 7 5 21 19
257 0 17 50 31 19 16 27 23
258 5 16 155 40 0 15 6 26
259 3 11 17 50 13 5 25 14
260 5 27 141 38 7 10 15 24
261 2 24 43 54 11 13 23 22
262 2 18 18 34 1 7 14 12
263 25 7 13 31 0 6 5 18
264 18 3 10 57 0 16 9 25
265 0 16 53 49 1 10 10 21
266 5 26 52 42 0 9 14 22
267 2 12 21 49 20 2 25 17
268 5 13 32 32 0 6 8 17
269 3 21 161 35 10 6 15 21
270 18 8 18 41 0 15 10 26
271 2 19 171 33 10 9 15 19
272 5 4 144 54 8 12 19 19
273 2 18 64 35 4 6 19 16
274 10 16 168 88 0 15 9 27
275 16 21 29 31 0 16 11 26
276 0 17 158 33 0 7 15 16
277 0 13 19 33 0 7 15 17
278 4 15 58 64 0 9 8 15
279 3 15 156 31 0 13 10 19
280 1 9 196 56 0 9 12 15
281 5 13 198 36 0 17 12 24
282 0 24 22 79 5 0 11 7
283 14 5 148 34 0 8 8 23
284 5 17 49 35 17 9 24 16
285 4 7 33 51 0 13 8 18
286 0 19 60 115 13 2 24 15
287 0 20 5 30 0 6 11 17
288 5 17 144 144 0 12 5 21
289 3 19 15 47 0 13 11 18
290 4 13 31 35 1 12 6 24
291 0 21 12 40 2 0 14 5
292 0 12 4 30 4 1 19 6
293 3 11 19 54 0 12 15 20
294 2 5 164 66 0 9 9 22
295 8 15 38 69 0 13 8 27
296 6 9 1 33 12 9 21 24
297 0 14 64 30 0 16 7 25
298 5 17 55 34 16 9 25 19
299 4 15 168 39 0 12 10 19
300 7 11 189 202 0 17 7 24
301 5 27 166 63 0 8 11 23
302 7 17 34 48 0 6 11 17
303 21 0 143 44 0 12 14 20
304 0 21 9 41 17 18 23 23
305 1 25 35 44 0 12 13 20
306 23 25 184 34 0 4 15 19
307 11 24 21 73 0 8 8 15
308 20 9 192 131 20 4 26 19
309 0 21 29 64 12 1 17 6
310 0 25 140 50 0 9 15 22
311 7 24 42 31 15 3 25 18
312 4 18 21 31 0 17 9 24
313 5 21 6 76 0 8 9 16
314 3 17 42 39 4 10 11 16
315 22 19 50 35 0 11 7 20
316 0 7 12 36 0 7 10 16
317 4 17 170 44 4 3 13 11
318 8 10 7 33 0 8 15 15
319 19 20 59 40 12 6 26 19
320 23 8 37 43 0 7 13 16
321 2 12 13 36 2 12 13 22
322 3 6 36 36 18 6 24 20
323 4 22 0 36 0 17 12 24
324 7 16 45 80 0 5 12 18
325 26 20 26 60 16 15 24 20
326 12 13 47 38 0 17 5 25
327 2 14 13 34 8 1 17 7
328 18 22 58 39 0 13 7 27
329 4 17 17 66 0 16 10 26
330 6 26 50 47 0 4 11 19
331 5 2 25 42 0 14 13 27
332 21 3 23 118 3 13 10 27
333 3 17 151 39 12 3 22 10
334 3 19 28 61 4 7 18 20
335 0 16 51 77 0 9 13 15
336 16 3 54 35 0 18 9 24
337 0 17 32 61 18 7 27 22
338 0 17 191 43 0 16 13 26
339 2 12 31 41 3 18 15 27
340 1 22 154 37 13 11 23 25
341 0 16 33 39 0 5 6 19
342 4 18 48 30 0 17 10 25
343 6 18 43 40 0 11 5 20
344 0 21 47 49 0 13 5 19
345 5 13 4 40 0 11 11 20
346 27 13 54 31 12 13 27 20
347 17 25 38 57 12 3 25 12
348 1 11 9 130 0 13 9 19
349 4 17 66 39 14 0 19 12
350 0 9 7 36 0 16 5 26
351 5 6 11 48 0 15 9 27
352 22 1 41 57 0 13 7 23
353 2 14 148 36 0 9 14 23
354 0 19 148 34 0 12 6 19
355 0 10 25 58 0 16 5 26
356 22 23 142 50 0 17 6 24
357 9 0 60 33 3 13 15 23
358 17 9 31 55 0 4 10 19
359 3 19 33 54 0 7 9 17
360 5 22 38 41 0 6 12 17
361 13 12 23 36 0 8 6 15
362 5 1 147 49 3 2 14 15
363 6 19 48 75 1 4 15 16
364 7 19 29 43 16 10 26 20
365 0 23 160 34 0 4 9 19
366 0 13 167 59 15 0 21 15
367 19 8 173 119 7 18 20 23
368 6 17 29 42 0 8 13 15
369 0 21 198 34 5 0 17 11
370 0 13 11 51 0 14 14 27
371 4 14 4 31 0 8 7 15
372 17 0 29 61 12 6 25 14
373 15 22 197 47 0 10 8 22
374 27 25 66 34 0 5 9 19
375 27 19 27 33 4 8 19 13
376 2 12 58 34 2 11 17 17
377 16 8 175 35 0 8 11 23
378 0 20 22 151 0 6 9 17
379 1 12 0 33 0 4 9 13
380 17 10 145 46 9 6 14 12
381 2 14 153 37 0 11 12 20
382 11 7 148 84 13 16 22 27
383 3 21 30 43 16 2 24 16
384 3 12 1 31 9 6 19 15
385 2 25 3 39 0 7 11 16
386 0 18 20 47 0 9 13 23
387 22 22 31 39 4 12 12 23
388 1 24 60 63 0 8 13 23
389 24 9 161 90 0 6 12 17
390 1 18 12 40 3 8 13 22
391 7 14 9 54 0 18 6 23
392 16 21 5 32 8 4 21 14
393 4 20 193 33 0 6 14 18
394 0 10 17 58 0 18 11 24
395 6 26 0 42 0 6 12 14
396 7 24 61 68 0 9 13 15
397 5 17 58 31 0 17 13 24
398 4 14 53 96 0 13 13 19
399 0 26 52 36 20 8 26 22
400 0 18 23 31 13 10 25 22
401 0 17 39 57 17 0 27 9
402 6 14 175 36 0 6 9 18
403 11 3 37 32 0 16 7 26
404 0 24 16 33 0 10 15 21
405 2 18 12 55 0 10 6 21
406 27 11 185 34 7 9 16 22
407 0 26 5 42 0 8 5 15
408 0 18 164 33 20 4 26 16
409 1 17 199 87 8 11 14 21
410 7 27 54 31 5 12 19 22
411 23 16 146 39 0 17 14 25
412 21 14 42 106 14 11 26 22
413 4 7 196 32 17 1 26 14
414 2 17 50 36 5 6 19 21
415 26 23 169 34 0 18 13 23
416 4 10 32 34 0 15 5 26
417 20 8 26 32 0 15 12 26
418 3 12 64 34 0 5 8 18
419 0 7 31 34 0 15 14 26
420 18 18 136 32 8 5 20 16
421 0 15 8 55 0 13 13 19
422 0 14 50 59 0 12 5 27
423 2 17 30 30 7 12 14 26
424 26 22 30 41 1 12 11 18
425 0 15 51 31 10 14 23 19
426 10 4 9 136 0 5 11 18
427 0 16 171 31 1 7 15 18
428 6 16 47 30 7 12 16 23
429 0 19 162 66 14 8 19 17
430 3 18 45 35 0 17 15 24
431 3 19 47 46 10 1 16 12
432 0 17 26 30 14 12 23 26
433 0 20 197 75 0 12 8 19
434 23 23 39 34 0 8 13 15
435 1 11 7 38 0 13 9 19
436 8 13 32 58 0 17 6 24
437 5 9 55 31 0 11 12 20
438 7 21 30 66 0 13 8 18
439 9 13 30 68 0 18 9 24
440 10 8 31 114 0 5 8 18
441 0 23 53 54 3 12 16 26
442 15 25 8 38 0 18 14 23
443 26 22 37 51 0 4 12 19
444 15 27 21 32 0 4 7 19
445 4 15 3 98 0 9 10 23
446 18 13 56 44 13 0 20 12
447 10 27 52 83 0 10 9 21
448 4 21 26 45 0 9 6 23
449 19 11 19 39 4 8 16 22
450 27 12 149 252 13 7 19 16
451 0 10 34 32 0 8 6 16
452 5 22 15 74 0 12 8 20
453 5 18 46 44 0 11 12 21
454 6 19 43 83 0 17 7 24
455 11 23 2 42 0 16 5 26
456 0 17 42 84 4 13 14 24
457 0 20 195 39 0 4 13 19
458 3 21 164 34 0 4 6 19
459 6 16 55 40 0 9 5 14
460 21 10 33 38 0 8 15 16
461 3 3 184 49 0 13 14 18
462 16 25 38 40 0 8 14 16
463 25 5 32 61 0 7 9 16
464 7 17 33 41 0 15 13 26
465 3 11 179 32 5 6 12 18
466 6 7 10 119 0 18 11 23
467 6 13 179 55 12 7 21 13
468 20 23 187 30 0 15 11 26
469 0 17 0 32 0 6 10 18
470 9 20 143 35 2 3 8 11
471 2 17 66 39 0 15 9 27
472 6 16 185 52 0 11 10 21
473 10 1 29 74 8 6 18 15
474 0 11 66 33 0 6 6 18
475 5 19 40 35 0 18 13 24
476 1 16 7 38 0 13 14 18
477 0 17 64 35 6 14 21 27
478 0 17 24 58 0 4 8 19
479 26 0 35 46 2 8 17 19
480 2 0 0 36 14 10 20 25
481 10 14 34 30 0 15 15 27
482 19 20 17 32 0 4 11 19
483 7 24 56 34 0 17 12 24
484 3 15 156 244 17 3 26 18
485 16 2 137 36 0 9 14 15
486 16 21 32 82 0 10 6 22
487 16 18 58 54 0 7 8 17
488 3 17 181 37 10 0 24 9
489 0 11 21 38 6 10 17 24
490 24 5 50 49 0 4 14 19
491 27 3 157 34 0 12 14 19
492 10 27 7 35 9 2 22 15
493 19 6 26 42 0 9 9 15
494 2 16 33 42 0 15 6 27
495 0 11 12 30 0 9 8 22
496 2 16 18 53 0 13 7 27
497 10 15 6 157 12 8 25 23
498 0 18 27 34 0 9 9 14
499 0 14 54 30 0 5 12 19
500 19 20 7 64 5 11 14 17
