24 24 300 200
0 0 54 0
1 0 44 1
2 0 101 2
3 0 60 3
4 0 110 4
5 0 30 5
6 0 33 6
7 0 93 7
8 0 134 8
9 0 136 9
10 0 72 0
11 0 41 1
12 0 63 2
13 0 56 3
14 0 39 4
15 0 55 5
16 0 145 6
17 0 120 7
18 0 42 8
19 0 120 9
20 0 125 0
21 0 41 1
22 0 89 2
23 0 147 3
0 1 98 0
1 1 64 1
2 1 129 2
3 1 45 3
4 1 97 4
5 1 138 5
6 1 83 6
7 1 108 7
8 1 58 8
9 1 81 9
10 1 128 0
11 1 31 1
12 1 34 2
13 1 1 3
14 1 75 4
15 1 85 5
16 1 94 6
17 1 118 7
18 1 113 8
19 1 118 9
20 1 48 0
21 1 1 1
22 1 92 2
23 1 148 3
0 2 83 0
1 2 37 1
2 2 48 2
3 2 127 3
4 2 1 4
5 2 42 5
6 2 92 6
7 2 80 7
8 2 43 8
9 2 47 9
10 2 56 0
11 2 41 1
12 2 1 2
13 2 141 3
14 2 94 4
15 2 103 5
16 2 106 6
17 2 94 7
18 2 137 8
19 2 90 9
20 2 67 0
21 2 66 1
22 2 1 2
23 2 92 3
0 3 32 0
1 3 31 1
2 3 143 2
3 3 57 3
4 3 131 4
5 3 45 5
6 3 85 6
7 3 147 7
8 3 120 8
9 3 82 9
10 3 137 0
11 3 138 1
12 3 140 2
13 3 41 3
14 3 71 4
15 3 54 5
16 3 77 6
17 3 117 7
18 3 125 8
19 3 113 9
20 3 94 0
21 3 141 1
22 3 125 2
23 3 137 3
0 4 69 0
1 4 65 1
2 4 48 2
3 4 151 3
4 4 37 4
5 4 145 5
6 4 116 6
7 4 112 7
8 4 33 8
9 4 107 9
10 4 119 0
11 4 64 1
12 4 113 2
13 4 37 3
14 4 123 4
15 4 78 5
16 4 119 6
17 4 76 7
18 4 109 8
19 4 1 9
20 4 125 0
21 4 93 1
22 4 98 2
23 4 39 3
0 5 1 0
1 5 130 1
2 5 150 2
3 5 138 3
4 5 114 4
5 5 128 5
6 5 68 6
7 5 132 7
8 5 38 8
9 5 128 9
10 5 123 0
11 5 125 1
12 5 99 2
13 5 124 3
14 5 90 4
15 5 92 5
16 5 150 6
17 5 124 7
18 5 101 8
19 5 81 9
20 5 57 0
21 5 113 1
22 5 69 2
23 5 72 3
0 6 113 0
1 6 96 1
2 6 135 2
3 6 67 3
4 6 67 4
5 6 96 5
6 6 218 6
7 6 113 7
8 6 107 8
9 6 161 9
10 6 109 0
11 6 66 1
12 6 31 2
13 6 104 3
14 6 96 4
15 6 84 5
16 6 142 6
17 6 43 7
18 6 133 8
19 6 75 9
20 6 147 0
21 6 51 1
22 6 141 2
23 6 108 3
0 7 34 0
1 7 72 1
2 7 92 2
3 7 99 3
4 7 42 4
5 7 126 5
6 7 169 6
7 7 170 7
8 7 57 8
9 7 55 9
10 7 128 0
11 7 1 1
12 7 105 2
13 7 76 3
14 7 143 4
15 7 62 5
16 7 47 6
17 7 84 7
18 7 90 8
19 7 95 9
20 7 59 0
21 7 111 1
22 7 150 2
23 7 91 3
0 8 85 0
1 8 1 1
2 8 127 2
3 8 96 3
4 8 113 4
5 8 70 5
6 8 154 6
7 8 185 7
8 8 44 8
9 8 151 9
10 8 130 0
11 8 54 1
12 8 133 2
13 8 75 3
14 8 36 4
15 8 98 5
16 8 54 6
17 8 87 7
18 8 91 8
19 8 44 9
20 8 87 0
21 8 122 1
22 8 89 2
23 8 51 3
0 9 93 0
1 9 134 1
2 9 71 2
3 9 75 3
4 9 82 4
5 9 68 5
6 9 1 6
7 9 131 7
8 9 170 8
9 9 43 9
10 9 47 0
11 9 132 1
12 9 87 2
13 9 94 3
14 9 62 4
15 9 60 5
16 9 44 6
17 9 92 7
18 9 93 8
19 9 81 9
20 9 82 0
21 9 33 1
22 9 36 2
23 9 76 3
0 10 92 0
1 10 90 1
2 10 139 2
3 10 156 3
4 10 106 4
5 10 167 5
6 10 61 6
7 10 142 7
8 10 117 8
9 10 80 9
10 10 191 0
11 10 77 1
12 10 47 2
13 10 80 3
14 10 98 4
15 10 50 5
16 10 86 6
17 10 62 7
18 10 52 8
19 10 101 9
20 10 126 0
21 10 117 1
22 10 133 2
23 10 131 3
0 11 131 0
1 11 85 1
2 11 58 2
3 11 47 3
4 11 72 4
5 11 146 5
6 11 79 6
7 11 136 7
8 11 98 8
9 11 152 9
10 11 53 0
11 11 35 1
12 11 1 2
13 11 70 3
14 11 88 4
15 11 46 5
16 11 135 6
17 11 129 7
18 11 41 8
19 11 107 9
20 11 58 0
21 11 85 1
22 11 120 2
23 11 33 3
0 12 34 0
1 12 80 1
2 12 44 2
3 12 49 3
4 12 107 4
5 12 78 5
6 12 101 6
7 12 144 7
8 12 66 8
9 12 100 9
10 12 155 0
11 12 39 1
12 12 85 2
13 12 132 3
14 12 80 4
15 12 146 5
16 12 124 6
17 12 1 7
18 12 139 8
19 12 81 9
20 12 139 0
21 12 1 1
22 12 136 2
23 12 69 3
0 13 109 0
1 13 68 1
2 13 42 2
3 13 85 3
4 13 86 4
5 13 1 5
6 13 87 6
7 13 125 7
8 13 38 8
9 13 121 9
10 13 42 0
11 13 152 1
12 13 1 2
13 13 94 3
14 13 118 4
15 13 140 5
16 13 129 6
17 13 37 7
18 13 102 8
19 13 78 9
20 13 60 0
21 13 140 1
22 13 50 2
23 13 31 3
0 14 1 0
1 14 114 1
2 14 81 2
3 14 127 3
4 14 35 4
5 14 99 5
6 14 60 6
7 14 145 7
8 14 33 8
9 14 80 9
10 14 139 0
11 14 126 1
12 14 138 2
13 14 1 3
14 14 147 4
15 14 141 5
16 14 85 6
17 14 106 7
18 14 36 8
19 14 41 9
20 14 67 0
21 14 73 1
22 14 89 2
23 14 52 3
0 15 46 0
1 15 77 1
2 15 144 2
3 15 50 3
4 15 84 4
5 15 81 5
6 15 132 6
7 15 43 7
8 15 138 8
9 15 107 9
10 15 47 0
11 15 120 1
12 15 101 2
13 15 46 3
14 15 81 4
15 15 49 5
16 15 118 6
17 15 111 7
18 15 1 8
19 15 36 9
20 15 114 0
21 15 118 1
22 15 90 2
23 15 92 3
0 16 34 0
1 16 50 1
2 16 32 2
3 16 124 3
4 16 52 4
5 16 45 5
6 16 41 6
7 16 1 7
8 16 110 8
9 16 38 9
10 16 75 0
11 16 62 1
12 16 150 2
13 16 69 3
14 16 114 4
15 16 141 5
16 16 86 6
17 16 44 7
18 16 35 8
19 16 1 9
20 16 89 0
21 16 99 1
22 16 103 2
23 16 68 3
0 17 95 0
1 17 43 1
2 17 34 2
3 17 49 3
4 17 47 4
5 17 97 5
6 17 102 6
7 17 50 7
8 17 56 8
9 17 144 9
10 17 36 0
11 17 79 1
12 17 52 2
13 17 149 3
14 17 102 4
15 17 129 5
16 17 34 6
17 17 77 7
18 17 54 8
19 17 72 9
20 17 71 0
21 17 1 1
22 17 127 2
23 17 35 3
0 18 142 0
1 18 36 1
2 18 50 2
3 18 111 3
4 18 113 4
5 18 145 5
6 18 63 6
7 18 38 7
8 18 91 8
9 18 101 9
10 18 1 0
11 18 89 1
12 18 123 2
13 18 146 3
14 18 38 4
15 18 89 5
16 18 90 6
17 18 99 7
18 18 47 8
19 18 81 9
20 18 97 0
21 18 115 1
22 18 98 2
23 18 145 3
0 19 78 0
1 19 145 1
2 19 46 2
3 19 71 3
4 19 144 4
5 19 92 5
6 19 70 6
7 19 1 7
8 19 129 8
9 19 96 9
10 19 106 0
11 19 84 1
12 19 97 2
13 19 91 3
14 19 52 4
15 19 1 5
16 19 133 6
17 19 59 7
18 19 89 8
19 19 84 9
20 19 51 0
21 19 145 1
22 19 48 2
23 19 87 3
0 20 30 0
1 20 105 1
2 20 104 2
3 20 132 3
4 20 150 4
5 20 143 5
6 20 128 6
7 20 75 7
8 20 111 8
9 20 38 9
10 20 133 0
11 20 132 1
12 20 42 2
13 20 94 3
14 20 34 4
15 20 1 5
16 20 65 6
17 20 40 7
18 20 40 8
19 20 53 9
20 20 150 0
21 20 74 1
22 20 75 2
23 20 143 3
0 21 96 0
1 21 150 1
2 21 150 2
3 21 1 3
4 21 105 4
5 21 92 5
6 21 143 6
7 21 140 7
8 21 130 8
9 21 94 9
10 21 94 0
11 21 120 1
12 21 43 2
13 21 31 3
14 21 56 4
15 21 149 5
16 21 116 6
17 21 84 7
18 21 98 8
19 21 87 9
20 21 42 0
21 21 88 1
22 21 127 2
23 21 48 3
0 22 113 0
1 22 48 1
2 22 44 2
3 22 80 3
4 22 93 4
5 22 82 5
6 22 49 6
7 22 136 7
8 22 70 8
9 22 72 9
10 22 33 0
11 22 37 1
12 22 53 2
13 22 55 3
14 22 47 4
15 22 50 5
16 22 1 6
17 22 113 7
18 22 139 8
19 22 63 9
20 22 1 0
21 22 61 1
22 22 81 2
23 22 58 3
0 23 113 0
1 23 1 1
2 23 52 2
3 23 101 3
4 23 50 4
5 23 131 5
6 23 112 6
7 23 54 7
8 23 140 8
9 23 112 9
10 23 131 0
11 23 67 1
12 23 102 2
13 23 137 3
14 23 86 4
15 23 31 5
16 23 134 6
17 23 137 7
18 23 84 8
19 23 137 9
20 23 35 0
21 23 33 1
22 23 120 2
23 23 1 3
1 11 6 27 54 6 4 9 16
2 4 10 44 136 7 5 9 15
3 4 2 41 185 5 0 11 19
4 2 6 31 139 14 5 17 21
5 19 22 26 30 2 8 4 22
6 23 7 62 200 4 0 8 17
7 6 9 133 91 7 1 9 19
8 7 4 40 169 13 2 16 18
9 19 3 28 134 19 0 22 17
10 2 3 45 117 3 4 6 18
11 6 8 20 50 11 2 13 16
12 6 5 27 53 11 3 14 21
13 19 10 179 180 0 6 2 23
14 8 11 177 95 6 5 9 15
15 14 22 63 137 16 4 18 21
16 4 10 167 22 15 3 18 21
17 6 5 159 63 7 6 9 20
18 6 5 44 191 16 3 19 22
19 6 7 47 71 17 4 19 23
20 6 11 20 21 6 2 10 18
21 5 13 23 126 0 7 2 23
22 5 9 159 192 16 4 18 20
23 16 20 159 120 17 0 19 18
24 7 4 24 193 0 9 3 23
25 7 13 154 64 1 0 3 19
26 8 7 162 33 16 2 18 21
27 13 5 152 97 4 2 11 17
28 11 6 26 71 18 2 20 17
29 14 11 59 40 4 3 7 19
30 8 6 60 65 9 6 12 21
31 5 16 61 154 5 0 7 14
32 7 7 56 119 5 1 8 17
33 4 11 175 85 5 2 7 12
34 15 12 151 179 16 3 18 20
35 15 23 139 120 3 2 5 16
36 12 8 170 60 6 2 10 17
37 6 11 139 145 4 1 8 12
38 9 3 22 150 17 0 19 19
39 5 4 57 33 8 7 10 23
40 8 22 24 42 17 0 19 19
41 7 9 52 142 4 0 7 18
42 10 7 59 145 0 1 3 19
43 4 14 40 132 7 6 9 22
44 7 1 34 164 4 3 7 18
45 11 7 50 45 21 4 23 23
46 23 11 23 51 19 4 22 22
47 6 5 38 162 11 4 13 20
48 8 12 34 110 6 1 9 18
49 23 0 38 194 4 0 7 19
50 6 11 25 199 6 4 9 16
51 10 11 30 108 4 0 8 17
52 15 9 32 25 18 4 21 21
53 8 12 54 154 6 3 10 16
54 9 5 29 73 7 1 10 19
55 1 10 34 101 8 5 10 19
56 12 1 138 54 5 3 10 17
57 9 6 22 139 1 1 4 16
58 17 3 65 135 14 1 17 19
59 8 13 64 130 8 2 10 21
60 19 17 36 168 7 0 9 19
61 10 10 149 149 4 1 7 13
62 5 18 48 197 4 0 7 19
63 12 8 158 118 4 2 11 17
64 14 23 35 114 20 3 22 20
65 6 8 47 126 13 2 15 21
66 10 13 32 194 5 0 7 19
67 6 6 61 169 3 7 6 23
68 10 17 178 30 4 2 7 19
69 10 5 57 49 3 0 8 16
70 6 7 35 88 14 1 17 18
71 6 3 22 53 4 2 7 18
72 17 6 47 96 5 2 10 17
73 10 6 20 106 3 1 6 20
74 17 2 65 35 7 5 9 14
75 19 0 143 83 5 4 10 16
76 16 10 43 179 15 0 17 18
77 6 10 22 48 11 3 14 21
78 7 8 164 131 6 3 10 17
79 6 6 157 86 4 5 6 22
80 10 11 58 153 0 4 2 23
81 0 16 59 74 13 2 16 17
82 9 10 52 185 14 8 17 22
83 7 21 158 174 4 1 7 13
84 4 5 47 162 15 3 17 19
85 10 6 32 77 7 2 9 16
86 7 4 180 27 7 5 10 21
87 4 6 45 103 10 0 13 17
88 19 22 26 27 1 7 3 22
89 16 23 50 170 6 5 10 15
90 5 10 38 127 18 7 21 23
91 12 11 27 23 15 0 18 15
92 1 20 157 181 2 1 9 13
93 0 14 63 183 6 2 9 18
94 2 5 173 174 1 4 3 23
95 0 0 65 113 4 4 11 16
96 0 18 133 91 4 1 11 18
97 8 12 47 132 3 1 5 17
98 7 12 153 184 3 0 9 15
99 5 11 30 39 7 1 9 18
100 18 13 37 110 5 4 10 15
101 16 21 44 56 18 2 20 18
102 12 18 133 174 4 1 7 13
103 21 6 172 182 0 1 3 20
104 12 14 158 173 5 4 10 15
105 13 4 142 120 7 2 9 19
106 6 6 166 85 7 4 9 15
107 10 13 135 25 2 2 9 12
108 5 2 44 56 2 0 9 17
109 13 9 173 157 19 1 21 20
110 6 9 56 98 6 4 9 15
111 22 18 31 102 20 3 22 18
112 12 14 168 108 2 0 9 14
113 5 11 60 136 4 4 11 16
114 5 5 26 126 2 1 9 12
115 11 4 143 156 7 5 9 15
116 5 7 140 171 3 0 8 18
117 20 3 33 46 13 5 16 20
118 9 10 34 187 7 1 9 18
119 20 21 59 134 3 1 8 12
120 7 11 45 185 5 0 7 15
121 4 10 25 53 3 1 8 12
122 21 22 141 142 6 3 10 16
123 8 7 51 28 4 1 11 19
124 14 8 174 60 4 4 11 15
125 7 7 37 20 5 3 11 16
126 1 11 29 67 5 0 10 19
127 8 9 175 121 19 2 21 21
128 8 8 44 160 9 1 12 18
129 17 9 38 121 4 2 7 12
130 14 15 157 116 16 0 19 18
131 12 15 50 108 10 6 12 22
132 5 5 27 119 6 5 9 15
133 0 9 55 84 5 0 7 16
134 7 3 36 123 6 2 9 17
135 5 9 58 137 3 0 8 14
136 11 11 180 188 13 8 15 22
137 8 10 49 191 6 5 9 14
138 10 8 41 173 15 2 18 21
139 6 23 20 195 5 1 7 12
140 14 17 43 65 10 2 13 21
141 19 18 135 41 14 3 16 19
142 13 0 30 149 3 0 5 16
143 10 7 134 130 4 4 11 16
144 6 11 152 110 15 3 17 18
145 2 10 139 85 3 0 8 15
146 9 14 56 121 6 4 9 15
147 18 5 63 151 12 5 15 19
148 7 20 35 86 5 4 11 15
149 5 8 58 107 6 3 9 17
150 22 9 149 61 5 4 11 16
151 7 14 160 181 18 2 20 20
152 23 8 60 153 5 4 11 16
153 17 7 51 122 3 0 8 19
154 5 8 37 127 3 2 9 12
155 3 5 61 138 7 1 9 20
156 10 3 47 168 6 5 9 14
157 7 9 40 100 6 5 10 15
158 3 10 53 96 4 3 6 22
159 23 23 35 129 17 0 20 15
160 1 7 59 118 4 2 11 18
161 18 14 54 31 13 0 15 18
162 6 6 167 173 4 3 6 22
163 9 2 40 179 13 7 16 23
164 15 17 28 62 5 0 7 17
165 7 11 24 74 5 6 8 22
166 11 14 46 92 6 5 9 14
167 10 2 25 81 7 4 9 15
168 18 10 20 87 16 2 18 20
169 19 0 23 35 17 1 19 17
170 15 8 66 96 7 3 9 16
171 11 18 160 171 5 4 11 16
172 7 7 165 138 2 1 9 12
173 23 3 28 154 4 2 7 11
174 12 8 173 23 15 1 18 17
175 6 10 169 56 3 0 8 19
176 6 10 50 144 4 1 11 18
177 2 11 35 77 13 8 16 22
178 6 10 32 113 1 1 4 17
179 5 11 61 48 6 1 9 19
180 2 5 32 131 6 5 10 15
181 4 3 23 123 15 1 17 19
182 22 22 39 21 5 2 8 21
183 9 13 179 96 6 2 9 21
184 20 19 35 137 3 0 9 17
185 11 14 33 47 8 0 11 19
186 12 21 62 59 2 2 9 11
187 7 10 42 23 4 8 7 22
188 3 23 37 195 8 7 11 22
189 13 11 27 167 3 2 9 12
190 14 18 165 63 6 5 9 15
191 8 18 145 114 14 4 16 18
192 9 8 21 173 13 3 16 20
193 5 11 53 165 9 2 12 20
194 6 12 152 94 3 0 9 14
195 15 8 55 77 6 4 10 15
196 5 6 64 186 9 8 12 22
197 11 16 159 193 5 2 11 18
198 7 14 139 47 4 1 11 18
199 8 4 49 85 8 4 11 23
200 4 11 24 167 5 0 7 15
201 12 11 33 110 7 1 10 20
202 12 13 44 148 7 3 9 22
203 4 11 46 189 2 3 4 20
204 16 6 55 164 4 1 8 12
205 4 11 54 60 16 2 18 18
206 17 6 24 25 14 5 17 23
207 5 4 35 150 3 0 9 15
208 5 9 179 175 3 0 9 17
209 23 8 23 114 16 2 19 19
210 11 8 22 62 4 4 11 16
211 0 5 173 123 10 1 13 19
212 5 12 178 139 5 1 11 19
213 5 6 65 133 3 1 6 19
214 7 4 61 163 5 3 11 17
215 7 9 28 96 6 7 8 21
216 20 11 165 107 6 3 10 17
217 7 2 29 69 7 4 9 15
218 4 9 176 152 4 1 8 13
219 10 13 20 100 5 1 7 13
220 22 8 62 86 4 0 7 13
221 23 1 25 79 9 6 11 22
222 16 11 41 77 3 2 9 12
223 17 3 45 76 6 2 9 18
224 4 10 150 170 4 3 11 17
225 2 7 40 61 10 2 12 16
226 8 12 52 75 21 0 23 19
227 5 10 34 159 14 2 17 16
228 4 4 163 169 4 2 11 18
229 3 9 162 30 4 0 8 19
230 11 6 29 46 7 0 9 19
231 3 23 26 127 11 7 13 23
232 6 11 20 179 12 6 14 22
233 9 9 22 20 4 2 7 12
234 15 22 45 185 4 5 11 14
235 5 6 140 178 16 6 18 23
236 4 6 40 136 4 0 7 18
237 10 0 58 144 12 6 14 22
238 6 9 37 162 5 2 7 11
239 5 14 31 62 6 4 9 16
240 20 4 158 97 20 2 22 20
241 3 17 51 77 16 1 18 16
242 16 22 175 127 5 4 10 16
243 8 7 62 95 11 1 14 17
244 4 6 65 41 4 1 8 12
245 4 10 38 65 20 0 23 19
246 4 10 28 83 5 3 11 16
247 8 13 56 83 21 4 23 20
248 18 18 57 98 4 2 7 11
249 6 5 46 100 7 2 9 17
250 22 1 61 90 12 2 14 17
251 5 8 42 22 3 1 8 13
252 7 15 58 67 15 5 18 23
253 19 7 23 134 5 0 7 19
254 5 6 23 93 7 0 9 19
255 5 0 167 139 2 0 9 15
256 9 3 42 162 4 2 8 12
257 11 12 49 50 6 4 9 15
258 9 10 43 38 18 0 20 18
259 9 17 64 59 0 2 3 18
260 11 8 21 73 5 0 7 15
261 13 10 42 46 7 2 10 20
262 7 11 54 141 3 0 8 16
263 20 14 166 164 5 1 7 12
264 8 10 53 107 5 2 7 11
265 5 22 31 50 3 1 9 12
266 4 6 52 73 5 3 10 16
267 13 11 151 158 3 1 9 13
268 17 10 54 69 4 0 7 16
269 2 16 146 79 6 1 9 18
270 8 3 147 89 11 3 13 20
271 10 12 51 122 4 0 8 15
272 11 4 44 177 9 7 11 22
273 2 5 57 60 3 7 5 23
274 12 7 34 114 7 4 10 22
275 8 13 58 108 0 7 3 21
276 8 4 169 92 6 5 9 14
277 5 8 45 27 5 3 10 16
278 10 19 174 190 17 2 20 18
279 4 10 33 84 2 1 9 12
280 6 6 20 39 16 9 19 23
281 0 7 158 132 5 3 11 16
282 15 11 175 61 11 7 13 21
283 1 16 35 84 20 6 22 22
284 13 23 140 61 15 6 17 23
285 4 9 29 172 6 5 8 23
286 13 9 42 99 20 2 23 21
287 21 0 34 32 5 5 8 23
288 7 5 56 124 10 1 13 20
289 8 9 34 84 5 5 11 14
290 13 17 41 102 4 1 11 19
291 1 21 166 64 4 3 6 18
292 4 13 44 159 20 0 23 14
293 13 3 29 54 13 5 15 20
294 17 4 59 98 4 7 6 21
295 7 7 27 54 7 2 9 18
296 12 23 33 25 6 2 10 18
297 10 8 39 120 2 6 4 22
298 4 11 21 133 0 4 2 20
299 10 8 158 162 4 0 8 19
300 2 11 56 135 5 4 10 15
