18 18 200 160
0 0 94 6
1 0 107 5
2 0 56 3
3 0 74 7
4 0 41 3
5 0 121 7
6 0 160 0
7 0 56 1
8 0 146 7
9 0 116 0
10 0 118 6
11 0 90 0
12 0 68 0
13 0 117 5
14 0 125 2
15 0 119 3
16 0 134 5
17 0 112 5
0 1 113 4
1 1 124 5
2 1 113 1
3 1 145 7
4 1 63 7
5 1 119 7
6 1 134 2
7 1 71 2
8 1 135 5
9 1 189 8
10 1 81 9
11 1 61 1
12 1 55 6
13 1 45 9
14 1 76 9
15 1 76 9
16 1 82 1
17 1 87 4
0 2 110 4
1 2 155 7
2 2 111 3
3 2 74 2
4 2 55 9
5 2 149 1
6 2 146 7
7 2 88 5
8 2 164 2
9 2 314 9
10 2 78 6
11 2 76 7
12 2 50 0
13 2 128 6
14 2 93 0
15 2 61 3
16 2 128 0
17 2 68 0
0 3 110 7
1 3 136 1
2 3 84 0
3 3 141 6
4 3 104 3
5 3 45 1
6 3 78 7
7 3 124 3
8 3 170 7
9 3 116 3
10 3 64 1
11 3 125 8
12 3 131 2
13 3 132 8
14 3 113 3
15 3 73 1
16 3 93 2
17 3 155 0
0 4 99 5
1 4 126 6
2 4 145 2
3 4 155 9
4 4 129 6
5 4 49 3
6 4 112 4
7 4 100 6
8 4 88 8
9 4 148 8
10 4 52 4
11 4 56 0
12 4 124 2
13 4 83 8
14 4 134 6
15 4 71 2
16 4 124 1
17 4 83 8
0 5 136 8
1 5 56 3
2 5 155 8
3 5 101 7
4 5 132 4
5 5 40 5
6 5 89 0
7 5 144 2
8 5 143 6
9 5 74 0
10 5 66 7
11 5 139 6
12 5 51 6
13 5 130 4
14 5 101 9
15 5 128 8
16 5 132 8
17 5 62 8
0 6 122 4
1 6 78 1
2 6 70 0
3 6 152 7
4 6 89 0
5 6 126 7
6 6 118 6
7 6 78 5
8 6 95 5
9 6 152 4
10 6 77 5
11 6 61 6
12 6 45 6
13 6 154 7
14 6 136 8
15 6 153 4
16 6 108 4
17 6 128 1
0 7 111 3
1 7 173 4
2 7 158 2
3 7 107 5
4 7 55 9
5 7 100 1
6 7 75 9
7 7 139 7
8 7 41 0
9 7 75 1
10 7 72 9
11 7 122 7
12 7 45 6
13 7 143 1
14 7 75 3
15 7 86 9
16 7 58 9
17 7 147 1
0 8 94 8
1 8 112 9
2 8 142 5
3 8 82 1
4 8 123 9
5 8 62 0
6 8 55 2
7 8 42 2
8 8 119 2
9 8 161 4
10 8 101 4
11 8 112 0
12 8 145 0
13 8 117 9
14 8 53 5
15 8 43 2
16 8 84 1
17 8 60 3
0 9 132 6
1 9 120 9
2 9 85 8
3 9 129 6
4 9 132 5
5 9 111 3
6 9 137 8
7 9 159 4
8 9 98 2
9 9 86 6
10 9 140 4
11 9 146 0
12 9 102 6
13 9 84 3
14 9 137 8
15 9 60 3
16 9 80 6
17 9 94 0
0 10 68 5
1 10 168 6
2 10 112 2
3 10 122 6
4 10 89 3
5 10 81 0
6 10 126 4
7 10 97 2
8 10 91 5
9 10 113 7
10 10 42 8
11 10 155 9
12 10 120 6
13 10 144 9
14 10 63 7
15 10 64 6
16 10 48 7
17 10 147 0
0 11 112 6
1 11 81 0
2 11 142 0
3 11 96 6
4 11 85 4
5 11 133 2
6 11 58 9
7 11 48 9
8 11 143 8
9 11 99 8
10 11 136 1
11 11 158 1
12 11 94 7
13 11 127 2
14 11 122 4
15 11 55 9
16 11 42 8
17 11 117 3
0 12 122 3
1 12 158 5
2 12 144 4
3 12 75 4
4 12 96 7
5 12 157 8
6 12 160 8
7 12 77 5
8 12 134 0
9 12 68 9
10 12 140 8
11 12 59 1
12 12 128 2
13 12 125 1
14 12 129 4
15 12 72 1
16 12 145 9
17 12 50 1
0 13 150 0
1 13 136 7
2 13 161 0
3 13 106 4
4 13 74 8
5 13 113 6
6 13 121 0
7 13 152 3
8 13 157 1
9 13 124 2
10 13 62 3
11 13 102 0
12 13 134 2
13 13 73 0
14 13 116 6
15 13 137 0
16 13 112 9
17 13 93 0
0 14 125 0
1 14 58 2
2 14 142 0
3 14 85 9
4 14 160 8
5 14 111 6
6 14 41 7
7 14 50 7
8 14 81 4
9 14 125 9
10 14 44 2
11 14 66 4
12 14 142 1
13 14 58 2
14 14 57 9
15 14 125 1
16 14 118 6
17 14 136 8
0 15 66 2
1 15 107 8
2 15 122 9
3 15 116 3
4 15 147 1
5 15 74 9
6 15 52 9
7 15 131 2
8 15 54 8
9 15 95 5
10 15 48 3
11 15 126 8
12 15 88 5
13 15 138 1
14 15 131 3
15 15 58 5
16 15 120 6
17 15 98 3
0 16 60 8
1 16 110 3
2 16 82 0
3 16 112 9
4 16 52 2
5 16 134 2
6 16 48 8
7 16 87 0
8 16 137 0
9 16 97 0
10 16 60 4
11 16 84 3
12 16 99 5
13 16 78 1
14 16 142 6
15 16 156 7
16 16 141 1
17 16 91 8
0 17 125 6
1 17 88 0
2 17 62 9
3 17 152 1
4 17 43 0
5 17 149 5
6 17 128 2
7 17 53 5
8 17 90 2
9 17 92 4
10 17 56 8
11 17 75 8
12 17 109 9
13 17 121 9
14 17 112 9
15 17 120 8
16 17 91 2
17 17 116 4
1 10 4 104 22 0 0 13 17
2 1 13 85 40 4 0 13 12
3 11 13 114 82 0 1 17 14
4 5 17 18 145 1 1 16 15
5 1 12 114 100 0 2 10 12
6 11 2 110 52 5 2 15 16
7 14 6 109 164 0 0 13 17
8 1 14 69 121 7 0 16 11
9 14 7 69 56 2 3 14 12
10 0 9 32 144 3 0 14 15
11 11 0 111 124 0 2 11 15
12 7 6 30 21 1 0 14 17
13 11 1 25 30 5 0 17 10
14 0 5 65 125 0 4 16 14
15 5 0 7 69 3 0 14 10
16 14 16 34 147 8 2 17 11
17 0 11 30 100 8 1 17 15
18 2 6 101 93 2 1 16 14
19 1 1 9 103 0 2 15 17
20 8 1 54 197 1 0 17 9
21 2 12 105 44 2 2 14 11
22 12 1 90 152 3 0 15 14
23 13 0 104 115 1 0 17 11
24 0 8 116 111 0 0 17 16
25 4 12 9 45 0 0 17 15
26 10 5 87 96 2 7 14 16
27 8 0 21 173 2 0 16 10
28 8 4 67 48 1 5 15 15
29 7 14 19 199 2 7 15 17
30 7 5 75 130 1 0 14 17
31 12 12 76 124 0 1 11 16
32 6 0 38 179 0 1 11 17
33 12 9 116 191 2 2 16 17
34 6 12 19 185 1 0 15 15
35 0 10 117 24 0 0 15 17
36 0 14 34 40 3 0 14 13
37 7 15 35 49 1 0 16 16
38 14 11 63 39 0 4 11 14
39 1 3 34 194 1 0 10 17
40 11 6 60 178 1 6 15 17
41 0 7 39 116 3 0 14 9
42 16 16 101 134 0 6 17 17
43 14 2 43 76 5 0 14 17
44 14 6 25 56 0 2 10 15
45 8 15 97 35 0 1 13 17
46 11 11 77 193 0 3 9 15
47 17 12 57 197 0 4 15 13
48 17 16 58 100 2 0 15 16
49 10 2 110 31 0 3 14 17
50 13 3 9 33 3 5 13 17
51 7 17 109 87 0 0 16 16
52 7 3 77 98 5 3 15 17
53 11 3 92 166 2 0 13 15
54 4 13 9 97 0 2 9 16
55 16 13 43 79 2 0 15 9
56 7 15 97 63 0 3 10 14
57 5 0 24 93 1 1 16 17
58 12 15 109 103 0 0 17 15
59 10 2 47 182 3 3 17 14
60 8 10 35 152 0 6 17 17
61 5 9 61 58 0 0 17 17
62 13 12 92 75 1 0 15 17
63 5 2 57 74 0 4 16 13
64 5 17 6 62 2 0 16 10
65 0 16 19 173 0 2 13 15
66 2 2 110 52 0 3 12 14
67 17 11 75 193 0 3 9 14
68 4 8 81 141 4 0 14 14
69 10 15 94 117 2 2 15 16
70 7 6 27 158 3 0 17 10
71 7 5 79 171 0 0 17 15
72 10 2 110 194 0 4 11 13
73 12 17 1 199 0 0 9 17
74 11 0 60 82 6 4 15 14
75 3 8 50 110 1 0 11 10
76 5 5 91 149 2 4 16 17
77 7 1 30 200 0 0 17 10
78 4 12 78 57 3 0 15 10
79 2 3 1 28 4 0 13 11
80 11 0 101 167 1 0 14 13
81 4 9 63 159 3 3 12 17
82 15 16 68 145 6 1 17 17
83 10 17 19 103 3 4 16 13
84 12 13 117 127 0 1 9 17
85 5 0 1 175 0 3 16 17
86 3 8 63 24 4 0 14 12
87 6 0 104 193 0 0 9 17
88 1 16 34 63 4 1 17 11
89 6 6 64 60 3 4 17 17
90 13 15 105 180 2 1 12 14
91 15 16 84 20 5 1 16 12
92 11 0 41 148 4 1 17 17
93 9 17 63 197 0 3 15 15
94 7 4 42 106 7 1 16 17
95 13 16 64 20 3 1 17 16
96 13 14 46 175 0 1 17 17
97 2 15 8 132 3 0 14 14
98 4 12 113 39 0 4 16 15
99 0 13 17 59 0 0 14 16
100 3 0 2 119 0 2 17 15
101 13 16 61 152 2 0 16 15
102 0 4 73 47 0 2 9 16
103 0 8 98 51 0 0 17 17
104 15 12 110 126 5 2 14 14
105 0 11 63 175 0 2 13 11
106 12 2 115 161 0 3 13 14
107 0 9 29 95 1 5 14 14
108 5 11 29 146 0 1 14 16
109 0 13 18 188 2 3 14 17
110 7 5 75 75 7 2 17 13
111 9 3 85 27 0 0 17 17
112 3 7 23 112 0 1 11 17
113 2 1 33 55 1 2 11 17
114 0 5 53 38 0 0 12 17
115 3 14 52 188 1 0 16 17
116 10 2 107 178 1 0 16 13
117 4 11 97 100 3 0 17 14
118 14 6 107 166 1 1 14 16
119 5 6 44 109 5 2 15 17
120 3 16 58 133 3 0 15 17
121 2 5 86 23 0 2 13 15
122 1 4 9 67 0 2 16 16
123 9 5 2 65 0 0 17 14
124 11 3 76 162 2 0 13 16
125 7 2 11 78 0 1 13 16
126 15 11 2 101 3 2 14 15
127 13 11 67 55 7 4 16 17
128 0 7 60 53 1 1 16 12
129 0 12 7 72 1 2 15 16
130 5 1 21 134 0 1 12 16
131 11 1 101 175 1 0 16 15
132 4 5 56 47 1 0 16 16
133 5 11 23 72 0 0 17 11
134 0 6 57 161 7 0 17 16
135 7 0 37 128 1 6 17 16
136 1 15 2 110 2 0 17 9
137 0 16 66 110 1 3 15 17
138 1 10 61 49 2 0 15 12
139 0 0 31 199 3 0 13 16
140 8 17 52 37 1 5 16 14
141 5 7 14 142 4 1 17 14
142 11 2 78 129 0 4 15 14
143 9 2 74 164 0 1 14 12
144 12 10 15 133 0 1 9 16
145 10 3 62 102 0 4 17 15
146 4 13 86 57 5 1 17 14
147 11 16 55 174 2 2 16 17
148 12 5 69 71 0 2 17 16
149 9 8 50 136 0 0 16 12
150 0 17 73 29 3 0 14 12
151 10 17 45 105 2 2 16 16
152 0 5 115 110 0 3 15 14
153 5 2 66 49 4 0 17 14
154 0 7 33 127 0 4 14 13
155 10 0 63 86 1 0 16 10
156 11 4 2 191 2 0 15 17
157 9 3 8 178 3 0 14 13
158 4 14 101 152 2 3 14 17
159 6 1 90 41 1 1 17 14
160 2 13 50 153 1 0 16 14
161 16 16 87 24 0 3 17 17
162 15 13 70 189 0 1 17 15
163 11 0 26 63 2 1 16 14
164 2 15 100 26 0 4 9 13
165 12 17 64 135 3 6 13 17
166 13 9 73 169 6 1 17 16
167 2 0 7 30 3 0 14 17
168 16 3 111 102 0 0 13 17
169 16 17 80 140 3 4 17 14
170 10 2 58 187 3 3 15 14
171 12 1 83 118 1 3 17 16
172 6 8 77 132 5 0 15 10
173 12 4 13 135 4 0 14 12
174 7 9 120 49 0 3 14 15
175 0 12 4 45 2 0 17 14
176 0 11 15 38 6 1 16 12
177 10 6 12 31 3 1 17 11
178 16 7 46 84 4 0 13 10
179 5 3 15 172 2 4 17 15
180 4 15 55 70 0 1 17 15
181 8 6 20 71 1 0 16 16
182 0 7 37 84 3 0 14 17
183 12 0 2 192 4 1 15 17
184 13 1 97 172 3 1 16 15
185 0 14 77 81 2 0 15 10
186 12 6 100 80 2 0 16 9
187 12 9 79 165 1 0 16 10
188 2 11 62 141 4 0 14 10
189 0 8 117 49 0 1 12 17
190 9 0 75 24 4 0 14 14
191 7 4 83 159 5 8 15 17
192 7 0 17 106 0 3 15 14
193 5 2 36 35 1 0 16 16
194 3 8 59 123 1 8 17 17
195 8 12 4 189 4 0 13 10
196 11 1 33 86 4 0 14 9
197 1 15 16 133 0 5 17 16
198 12 1 4 169 5 5 14 17
199 16 15 35 154 0 4 15 16
200 6 14 61 118 0 0 15 16
