32 22 450 220
0 0 1 6
1 0 68 5
2 0 132 4
3 0 49 3
4 0 53 2
5 0 49 1
6 0 126 0
7 0 86 9
8 0 105 8
9 0 96 7
10 0 65 6
11 0 155 5
12 0 144 4
13 0 43 3
14 0 89 2
15 0 104 1
16 0 77 1
17 0 62 2
18 0 147 3
19 0 119 4
20 0 63 5
21 0 118 6
22 0 140 7
23 0 119 8
24 0 65 9
25 0 110 0
26 0 116 1
27 0 1 2
28 0 82 3
29 0 42 4
30 0 107 5
31 0 148 6
0 1 150 5
1 1 151 4
2 1 1 3
3 1 78 2
4 1 78 1
5 1 146 0
6 1 109 9
7 1 93 8
8 1 128 7
9 1 53 6
10 1 106 5
11 1 43 4
12 1 65 3
13 1 64 2
14 1 137 1
15 1 101 0
16 1 131 0
17 1 1 1
18 1 54 2
19 1 137 3
20 1 1 4
21 1 150 5
22 1 149 6
23 1 138 7
24 1 118 8
25 1 63 9
26 1 66 0
27 1 52 1
28 1 89 2
29 1 124 3
30 1 97 4
31 1 1 5
0 2 152 4
1 2 90 3
2 2 109 2
3 2 108 1
4 2 115 0
5 2 133 9
6 2 117 8
7 2 131 7
8 2 1 6
9 2 71 5
10 2 41 4
11 2 1 3
12 2 95 2
13 2 128 1
14 2 127 0
15 2 1 9
16 2 1 9
17 2 95 0
18 2 155 1
19 2 138 2
20 2 99 3
21 2 74 4
22 2 148 5
23 2 148 6
24 2 79 7
25 2 78 8
26 2 67 9
27 2 48 0
28 2 109 1
29 2 157 2
30 2 121 3
31 2 85 4
0 3 40 3
1 3 134 2
2 3 96 1
3 3 42 0
4 3 1 9
5 3 154 8
6 3 63 7
7 3 122 6
8 3 92 5
9 3 131 4
10 3 69 3
11 3 67 2
12 3 147 1
13 3 82 0
14 3 130 9
15 3 158 8
16 3 76 8
17 3 137 9
18 3 123 0
19 3 137 1
20 3 128 2
21 3 105 3
22 3 105 4
23 3 116 5
24 3 92 6
25 3 102 7
26 3 82 8
27 3 100 9
28 3 78 0
29 3 50 1
30 3 149 2
31 3 108 3
0 4 40 2
1 4 66 1
2 4 75 0
3 4 143 9
4 4 57 8
5 4 1 7
6 4 117 6
7 4 153 5
8 4 122 4
9 4 105 3
10 4 82 2
11 4 157 1
12 4 42 0
13 4 111 9
14 4 128 8
15 4 80 7
16 4 1 7
17 4 49 8
18 4 66 9
19 4 79 0
20 4 135 1
21 4 154 2
22 4 128 3
23 4 106 4
24 4 69 5
25 4 1 6
26 4 67 7
27 4 46 8
28 4 91 9
29 4 136 0
30 4 1 1
31 4 99 2
0 5 1 1
1 5 71 0
2 5 150 9
3 5 138 8
4 5 64 7
5 5 76 6
6 5 54 5
7 5 107 4
8 5 113 3
9 5 53 2
10 5 49 1
11 5 1 0
12 5 108 9
13 5 129 8
14 5 1 7
15 5 95 6
16 5 86 6
17 5 112 7
18 5 79 8
19 5 133 9
20 5 94 0
21 5 88 1
22 5 45 2
23 5 134 3
24 5 75 4
25 5 69 5
26 5 72 6
27 5 146 7
28 5 85 8
29 5 145 9
30 5 84 0
31 5 151 1
0 6 121 0
1 6 1 9
2 6 138 8
3 6 155 7
4 6 152 6
5 6 64 5
6 6 1 4
7 6 155 3
8 6 1 2
9 6 169 1
10 6 125 0
11 6 52 9
12 6 156 8
13 6 88 7
14 6 50 6
15 6 82 5
16 6 135 5
17 6 124 6
18 6 63 7
19 6 102 8
20 6 122 9
21 6 58 0
22 6 159 1
23 6 117 2
24 6 62 3
25 6 58 4
26 6 90 5
27 6 155 6
28 6 159 7
29 6 113 8
30 6 107 9
31 6 76 0
0 7 122 9
1 7 45 8
2 7 1 7
3 7 102 6
4 7 68 5
5 7 204 4
6 7 190 3
7 7 220 2
8 7 164 1
9 7 108 0
10 7 137 9
11 7 118 8
12 7 45 7
13 7 82 6
14 7 109 5
15 7 96 4
16 7 166 4
17 7 97 5
18 7 81 6
19 7 1 7
20 7 114 8
21 7 95 9
22 7 55 0
23 7 1 1
24 7 113 2
25 7 123 3
26 7 54 4
27 7 124 5
28 7 41 6
29 7 109 7
30 7 99 8
31 7 118 9
0 8 107 8
1 8 54 7
2 8 111 6
3 8 152 5
4 8 163 4
5 8 102 3
6 8 202 2
7 8 151 1
8 8 146 0
9 8 50 9
10 8 128 8
11 8 153 7
12 8 96 6
13 8 53 5
14 8 120 4
15 8 97 3
16 8 145 3
17 8 96 4
18 8 210 5
19 8 1 6
20 8 87 7
21 8 117 8
22 8 146 9
23 8 79 0
24 8 143 1
25 8 156 2
26 8 81 3
27 8 142 4
28 8 135 5
29 8 1 6
30 8 91 7
31 8 139 8
0 9 111 7
1 9 1 6
2 9 93 5
3 9 162 4
4 9 81 3
5 9 162 2
6 9 1 1
7 9 54 0
8 9 79 9
9 9 50 8
10 9 107 7
11 9 48 6
12 9 70 5
13 9 87 4
14 9 119 3
15 9 108 2
16 9 95 2
17 9 231 3
18 9 112 4
19 9 80 5
20 9 195 6
21 9 115 7
22 9 120 8
23 9 130 9
24 9 114 0
25 9 76 1
26 9 84 2
27 9 152 3
28 9 57 4
29 9 144 5
30 9 143 6
31 9 95 7
0 10 53 6
1 10 143 5
2 10 83 4
3 10 47 3
4 10 42 2
5 10 164 1
6 10 130 0
7 10 129 9
8 10 66 8
9 10 111 7
10 10 1 6
11 10 61 5
12 10 144 4
13 10 88 3
14 10 1 2
15 10 87 1
16 10 130 1
17 10 108 2
18 10 72 3
19 10 85 4
20 10 134 5
21 10 1 6
22 10 1 7
23 10 162 8
24 10 68 9
25 10 153 0
26 10 60 1
27 10 134 2
28 10 93 3
29 10 1 4
30 10 88 5
31 10 80 6
0 11 134 6
1 11 138 5
2 11 84 4
3 11 125 3
4 11 93 2
5 11 90 1
6 11 48 0
7 11 132 9
8 11 105 8
9 11 119 7
10 11 117 6
11 11 88 5
12 11 45 4
13 11 113 3
14 11 119 2
15 11 165 1
16 11 55 1
17 11 1 2
18 11 116 3
19 11 75 4
20 11 44 5
21 11 69 6
22 11 54 7
23 11 48 8
24 11 70 9
25 11 63 0
26 11 114 1
27 11 124 2
28 11 63 3
29 11 49 4
30 11 151 5
31 11 58 6
0 12 99 7
1 12 72 6
2 12 48 5
3 12 153 4
4 12 141 3
5 12 1 2
6 12 63 1
7 12 83 0
8 12 72 9
9 12 158 8
10 12 1 7
11 12 78 6
12 12 106 5
13 12 65 4
14 12 70 3
15 12 111 2
16 12 1 2
17 12 49 3
18 12 76 4
19 12 124 5
20 12 148 6
21 12 116 7
22 12 108 8
23 12 67 9
24 12 1 0
25 12 1 1
26 12 160 2
27 12 116 3
28 12 133 4
29 12 137 5
30 12 119 6
31 12 42 7
0 13 63 8
1 13 109 7
2 13 92 6
3 13 114 5
4 13 111 4
5 13 52 3
6 13 69 2
7 13 85 1
8 13 74 0
9 13 157 9
10 13 121 8
11 13 86 7
12 13 130 6
13 13 115 5
14 13 56 4
15 13 1 3
16 13 42 3
17 13 139 4
18 13 165 5
19 13 138 6
20 13 137 7
21 13 128 8
22 13 66 9
23 13 154 0
24 13 1 1
25 13 117 2
26 13 124 3
27 13 137 4
28 13 86 5
29 13 159 6
30 13 107 7
31 13 122 8
0 14 150 9
1 14 64 8
2 14 92 7
3 14 51 6
4 14 160 5
5 14 149 4
6 14 152 3
7 14 71 2
8 14 158 1
9 14 1 0
10 14 116 9
11 14 125 8
12 14 157 7
13 14 158 6
14 14 143 5
15 14 90 4
16 14 118 4
17 14 78 5
18 14 92 6
19 14 126 7
20 14 97 8
21 14 64 9
22 14 86 0
23 14 106 1
24 14 95 2
25 14 148 3
26 14 153 4
27 14 157 5
28 14 126 6
29 14 155 7
30 14 41 8
31 14 69 9
0 15 69 0
1 15 147 9
2 15 114 8
3 15 1 7
4 15 43 6
5 15 136 5
6 15 120 4
7 15 83 3
8 15 101 2
9 15 76 1
10 15 63 0
11 15 132 9
12 15 138 8
13 15 83 7
14 15 1 6
15 15 123 5
16 15 153 5
17 15 43 6
18 15 76 7
19 15 153 8
20 15 114 9
21 15 41 0
22 15 139 1
23 15 96 2
24 15 115 3
25 15 94 4
26 15 153 5
27 15 141 6
28 15 79 7
29 15 144 8
30 15 148 9
31 15 116 0
0 16 1 1
1 16 80 0
2 16 1 9
3 16 127 8
4 16 96 7
5 16 1 6
6 16 89 5
7 16 145 4
8 16 137 3
9 16 85 2
10 16 55 1
11 16 118 0
12 16 156 9
13 16 110 8
14 16 72 7
15 16 59 6
16 16 49 6
17 16 112 7
18 16 1 8
19 16 42 9
20 16 124 0
21 16 157 1
22 16 68 2
23 16 70 3
24 16 64 4
25 16 76 5
26 16 157 6
27 16 67 7
28 16 92 8
29 16 134 9
30 16 145 0
31 16 81 1
0 17 136 2
1 17 64 1
2 17 143 0
3 17 146 9
4 17 53 8
5 17 1 7
6 17 106 6
7 17 46 5
8 17 44 4
9 17 152 3
10 17 102 2
11 17 1 1
12 17 129 0
13 17 60 9
14 17 154 8
15 17 138 7
16 17 135 7
17 17 51 8
18 17 142 9
19 17 42 0
20 17 85 1
21 17 152 2
22 17 49 3
23 17 91 4
24 17 121 5
25 17 1 6
26 17 61 7
27 17 64 8
28 17 110 9
29 17 1 0
30 17 156 1
31 17 57 2
0 18 132 3
1 18 1 2
2 18 66 1
3 18 65 0
4 18 62 9
5 18 116 8
6 18 156 7
7 18 63 6
8 18 57 5
9 18 132 4
10 18 142 3
11 18 110 2
12 18 112 1
13 18 89 0
14 18 113 9
15 18 129 8
16 18 95 8
17 18 54 9
18 18 1 0
19 18 115 1
20 18 118 2
21 18 149 3
22 18 65 4
23 18 154 5
24 18 132 6
25 18 154 7
26 18 124 8
27 18 97 9
28 18 70 0
29 18 40 1
30 18 115 2
31 18 49 3
0 19 124 4
1 19 87 3
2 19 84 2
3 19 56 1
4 19 49 0
5 19 123 9
6 19 95 8
7 19 57 7
8 19 136 6
9 19 72 5
10 19 118 4
11 19 139 3
12 19 73 2
13 19 84 1
14 19 82 0
15 19 107 9
16 19 97 9
17 19 83 0
18 19 99 1
19 19 115 2
20 19 43 3
21 19 1 4
22 19 51 5
23 19 70 6
24 19 1 7
25 19 55 8
26 19 42 9
27 19 42 0
28 19 101 1
29 19 82 2
30 19 148 3
31 19 149 4
0 20 43 5
1 20 45 4
2 20 78 3
3 20 118 2
4 20 90 1
5 20 102 0
6 20 126 9
7 20 42 8
8 20 61 7
9 20 159 6
10 20 42 5
11 20 115 4
12 20 133 3
13 20 114 2
14 20 138 1
15 20 156 0
16 20 61 0
17 20 55 1
18 20 126 2
19 20 50 3
20 20 98 4
21 20 142 5
22 20 50 6
23 20 57 7
24 20 159 8
25 20 154 9
26 20 91 0
27 20 86 1
28 20 1 2
29 20 66 3
30 20 66 4
31 20 1 5
0 21 141 6
1 21 43 5
2 21 116 4
3 21 42 3
4 21 129 2
5 21 142 1
6 21 1 0
7 21 1 9
8 21 93 8
9 21 102 7
10 21 1 6
11 21 128 5
12 21 120 4
13 21 40 3
14 21 99 2
15 21 147 1
16 21 139 1
17 21 71 2
18 21 92 3
19 21 149 4
20 21 160 5
21 21 54 6
22 21 1 7
23 21 49 8
24 21 148 9
25 21 1 0
26 21 101 1
27 21 117 2
28 21 86 3
29 21 86 4
30 21 127 5
31 21 67 6
1 16 12 29 117 12 7 24 11
2 22 10 25 51 15 12 28 15
3 5 11 20 45 3 4 18 8
4 23 18 39 40 0 3 16 11
5 11 2 17 32 4 7 18 12
6 4 12 34 34 12 6 24 11
7 12 13 29 52 10 11 25 16
8 6 4 50 39 6 3 23 6
9 23 1 192 32 12 14 29 18
10 18 1 0 39 14 12 28 17
11 10 3 26 37 12 2 29 7
12 5 17 27 31 9 4 26 13
13 25 19 147 36 0 2 13 11
14 17 19 33 49 0 4 14 9
15 19 19 64 53 14 13 29 17
16 17 12 13 50 12 7 23 11
17 18 6 20 32 9 13 23 18
18 21 7 9 33 5 11 21 14
19 5 2 15 30 13 5 23 12
20 12 17 186 34 12 4 24 13
21 26 1 0 32 0 5 15 8
22 10 21 150 41 10 6 25 11
23 1 4 11 43 0 5 14 8
24 22 15 37 37 12 6 24 12
25 3 11 31 53 0 2 17 11
26 4 11 17 36 8 7 23 12
27 4 8 17 30 12 6 28 10
28 19 13 35 34 12 7 24 11
29 22 2 13 50 9 12 22 15
30 16 11 20 31 12 6 23 11
31 5 4 186 37 0 5 13 9
32 11 4 15 30 0 5 17 9
33 9 8 151 46 10 6 25 11
34 28 15 52 82 1 5 10 9
35 28 11 177 31 12 5 23 13
36 8 6 45 56 0 4 16 10
37 11 8 184 34 0 3 13 10
38 16 11 27 67 1 3 10 10
39 6 7 61 50 11 7 24 10
40 19 7 142 34 16 10 31 14
41 28 21 37 63 12 7 24 11
42 25 3 24 35 0 4 16 10
43 1 3 139 59 0 5 12 9
44 9 12 0 53 12 15 28 20
45 12 14 35 37 13 6 22 11
46 13 6 138 68 7 4 24 8
47 29 2 43 35 5 15 19 20
48 11 4 34 55 10 6 25 12
49 7 6 16 90 15 0 30 3
50 6 12 46 33 13 7 22 11
51 22 13 46 35 2 3 15 8
52 9 8 25 45 3 8 18 13
53 30 21 156 61 11 7 24 10
54 29 17 9 36 1 12 18 16
55 22 18 16 31 11 11 25 15
56 11 1 20 48 11 4 24 13
57 12 16 50 32 16 0 31 5
58 9 6 55 32 1 2 11 11
59 26 5 153 34 0 4 13 10
60 12 11 37 45 10 13 23 16
61 15 8 14 31 0 3 16 10
62 20 4 44 35 13 10 26 13
63 25 15 11 35 1 3 11 10
64 13 11 46 40 12 5 23 12
65 21 10 33 34 10 7 25 11
66 21 18 143 35 12 4 23 13
67 3 9 36 49 14 9 30 13
68 22 14 41 72 11 14 27 18
69 18 6 45 31 12 9 27 14
70 18 12 10 39 3 10 18 15
71 0 2 47 48 13 6 23 11
72 25 5 174 32 8 13 21 16
73 22 7 24 63 15 7 30 11
74 14 3 133 39 1 3 11 10
75 10 2 49 55 14 3 30 6
76 20 13 32 70 8 1 24 6
77 23 6 8 36 1 3 10 11
78 13 7 133 32 11 6 24 12
79 10 1 62 72 13 9 27 12
80 3 8 25 63 6 12 20 17
81 25 6 2 31 12 5 23 12
82 6 2 14 31 15 4 28 8
83 8 5 13 89 14 6 29 10
84 23 8 31 41 0 3 17 10
85 0 19 12 63 2 9 19 13
86 13 1 1 55 11 7 25 11
87 20 8 21 36 2 9 16 13
88 16 8 182 32 1 0 17 5
89 4 18 16 51 14 15 29 18
90 20 16 153 36 9 7 26 11
91 5 0 11 44 4 0 21 4
92 10 6 31 46 7 6 23 11
93 30 15 6 50 0 2 15 11
94 11 12 194 55 13 10 29 15
95 15 19 141 34 0 5 11 8
96 18 19 52 33 8 0 24 3
97 29 19 36 33 2 9 17 12
98 27 20 38 30 8 6 22 10
99 17 12 47 31 0 4 12 10
100 1 7 183 56 2 2 18 5
101 24 5 156 33 12 4 24 13
102 21 18 176 58 11 7 24 11
103 18 6 170 31 9 6 25 9
104 17 19 9 33 10 7 25 11
105 13 10 140 33 8 9 23 14
106 1 4 149 110 0 2 12 11
107 17 1 8 66 10 6 26 11
108 18 13 48 32 4 0 20 5
109 6 3 54 31 7 13 23 16
110 26 11 59 77 11 5 24 12
111 14 5 35 44 0 5 11 8
112 17 12 166 240 7 4 23 7
113 4 12 54 61 13 5 22 13
114 13 14 12 32 12 6 23 12
115 28 13 182 45 13 4 23 13
116 23 20 200 74 0 4 16 10
117 23 4 65 46 0 4 16 10
118 16 11 147 63 2 13 19 17
119 29 1 52 34 15 13 29 17
120 12 21 139 49 12 7 23 10
121 29 9 48 32 16 2 30 5
122 3 12 173 120 10 7 26 11
123 13 11 15 240 6 9 20 14
124 11 4 54 39 11 5 28 8
125 13 7 60 38 0 4 11 9
126 20 9 43 32 2 4 15 9
127 3 8 55 37 10 6 26 11
128 18 11 34 33 13 6 26 11
129 0 18 158 34 0 4 13 9
130 14 11 6 35 12 5 24 12
131 4 10 22 49 7 2 21 5
132 14 13 6 43 0 5 12 9
133 6 6 60 66 0 3 17 10
134 29 17 3 46 2 3 16 6
135 22 7 12 30 0 3 15 11
136 19 13 147 34 3 16 17 21
137 11 9 31 64 11 4 25 13
138 15 10 64 53 0 4 13 9
139 22 12 169 89 13 6 23 11
140 11 3 52 33 0 4 16 9
141 18 11 40 68 0 12 13 16
142 20 11 28 226 8 1 25 4
143 2 19 66 63 15 16 31 21
144 0 8 47 34 1 8 18 13
145 5 12 10 37 10 5 25 13
146 1 10 18 59 12 9 29 13
147 13 11 11 66 13 0 29 5
148 3 2 37 37 0 2 12 11
149 7 7 7 32 12 5 24 13
150 4 5 66 35 0 8 17 11
151 14 11 179 56 5 15 21 20
152 19 9 38 52 15 7 30 11
153 8 5 6 34 0 5 15 9
154 23 8 168 54 0 4 15 9
155 11 9 156 34 13 7 23 11
156 30 14 4 46 0 5 12 9
157 26 4 166 32 11 7 24 11
158 1 4 46 32 0 4 11 9
159 30 20 182 33 1 2 10 11
160 14 14 17 48 0 0 16 5
161 23 4 134 48 0 3 17 11
162 7 7 30 33 1 4 10 9
163 19 4 66 31 10 6 26 11
164 23 7 16 57 5 2 21 7
165 3 2 7 56 0 5 14 9
166 3 18 164 98 11 7 24 10
167 31 11 45 30 11 7 24 11
168 9 12 63 33 0 4 17 10
169 8 9 19 31 8 14 24 18
170 28 16 50 44 2 8 16 12
171 21 7 178 54 14 2 31 7
172 4 2 45 57 0 5 17 9
173 18 11 33 30 0 5 14 9
174 10 4 17 41 8 9 21 14
175 18 12 200 42 13 7 22 10
176 23 15 37 68 12 5 23 13
177 11 1 188 32 4 4 20 9
178 6 10 4 187 12 6 23 12
179 9 2 51 52 13 7 22 11
180 3 14 33 33 12 10 29 15
181 21 9 149 36 13 5 22 12
182 16 6 134 54 12 12 27 17
183 6 19 136 63 0 5 13 9
184 2 9 174 50 11 7 24 10
185 18 2 134 40 9 9 25 13
186 29 18 191 31 8 15 25 20
187 9 18 171 32 0 3 12 11
188 16 18 178 111 12 13 26 17
189 12 20 176 38 1 17 16 21
190 18 7 40 36 1 3 11 11
191 11 13 51 131 0 5 11 9
192 4 15 182 38 3 17 20 20
193 8 7 14 37 10 5 25 13
194 21 10 20 31 12 4 24 13
195 22 8 24 34 10 4 25 13
196 19 8 134 34 0 5 16 9
197 19 11 47 43 14 0 29 5
198 10 2 60 31 9 6 26 11
199 10 1 30 69 0 5 15 8
200 28 0 25 45 12 5 23 13
201 23 9 53 74 13 5 22 13
202 6 14 54 41 10 6 25 11
203 16 11 186 47 4 2 17 6
204 20 11 60 42 7 10 24 15
205 20 11 16 36 2 17 15 21
206 22 0 56 46 5 9 18 13
207 22 11 4 37 0 3 11 10
208 9 5 7 35 1 12 14 15
209 4 18 8 33 9 9 22 14
210 27 7 172 106 11 14 27 17
211 27 15 12 37 5 15 22 19
212 9 5 19 58 9 7 26 11
213 3 12 21 44 12 6 24 11
214 19 9 46 42 13 5 23 12
215 28 14 34 31 2 5 18 8
216 9 12 58 96 12 2 25 6
217 18 6 26 38 12 5 23 12
218 4 8 7 42 13 6 23 11
219 19 10 24 32 15 13 28 17
220 6 6 63 40 0 3 17 11
221 10 10 13 91 10 5 25 12
222 19 1 188 30 5 8 22 11
223 0 8 11 70 11 4 25 13
224 18 5 28 81 2 18 18 21
225 5 10 62 35 12 18 29 21
226 2 8 169 40 1 4 10 9
227 8 12 30 129 5 15 21 18
228 19 13 152 45 6 4 22 8
229 29 4 65 36 0 4 14 9
230 19 16 19 35 9 11 23 16
231 4 8 172 35 0 3 11 11
232 21 12 136 239 13 5 22 13
233 22 11 42 81 9 1 25 6
234 22 21 27 33 13 1 28 4
235 12 12 167 37 11 6 25 12
236 1 7 1 33 10 7 25 10
237 24 8 1 36 1 2 15 6
238 22 20 28 31 0 5 16 8
239 8 2 36 72 7 7 23 11
240 2 5 169 51 4 1 17 6
241 11 3 139 33 13 5 22 12
242 16 4 140 104 11 4 25 13
243 15 9 48 56 10 14 26 19
244 28 10 159 40 17 1 31 4
245 31 20 65 45 0 3 12 11
246 22 8 150 55 0 5 14 8
247 3 6 192 47 3 12 20 15
248 6 11 54 48 12 5 23 13
249 5 2 14 35 14 6 28 9
250 11 18 38 90 1 4 11 10
251 14 9 23 32 1 13 17 16
252 2 11 188 61 0 5 12 8
253 2 3 2 34 6 2 21 5
254 23 10 170 32 1 5 11 8
255 2 5 144 55 0 4 14 10
256 17 6 18 31 2 14 18 17
257 28 5 56 49 4 7 20 11
258 23 11 28 39 4 1 17 6
259 22 9 59 95 1 0 15 5
260 25 18 1 86 9 0 26 3
261 19 5 53 58 0 2 13 11
262 5 19 19 49 12 3 28 8
263 0 13 13 33 11 6 24 11
264 5 10 28 41 1 11 18 16
265 26 8 22 41 6 15 23 19
266 6 5 42 129 0 3 13 8
267 3 12 61 129 1 5 10 9
268 2 17 40 35 0 2 14 11
269 6 3 12 62 1 5 10 9
270 6 9 37 40 10 6 26 12
271 7 12 0 34 11 5 27 8
272 20 13 135 43 0 4 11 10
273 6 12 10 35 14 11 27 15
274 6 12 65 78 0 3 13 10
275 9 0 31 55 13 7 23 11
276 7 9 64 48 10 4 25 13
277 1 8 44 60 1 13 18 18
278 0 0 44 111 1 3 10 10
279 22 21 52 34 9 6 26 11
280 7 7 16 38 12 7 24 11
281 5 11 173 40 9 13 24 18
282 8 10 57 44 16 10 30 15
283 16 0 145 71 6 13 21 18
284 3 18 177 33 13 5 22 13
285 5 7 59 37 1 12 18 16
286 22 9 51 33 12 5 23 12
287 12 19 141 116 7 16 20 19
288 22 11 22 47 11 6 24 12
289 18 3 6 56 13 6 26 9
290 18 17 60 32 2 13 18 18
291 19 5 157 51 10 3 23 6
292 3 8 155 31 12 7 28 11
293 19 5 13 36 10 5 26 12
294 8 5 0 37 8 12 22 15
295 10 11 61 67 4 12 20 15
296 15 5 175 46 10 7 25 10
297 5 8 187 35 5 9 18 12
298 19 5 186 47 0 4 17 9
299 5 17 29 34 12 3 29 8
300 31 5 138 36 10 14 27 19
301 3 12 29 35 0 15 15 19
302 21 20 21 33 0 5 11 8
303 15 4 60 34 0 3 17 10
304 21 13 15 33 11 7 24 11
305 10 12 141 56 12 7 24 10
306 15 8 31 105 9 4 26 13
307 31 6 45 44 6 2 20 5
308 20 14 50 33 9 6 26 11
309 10 2 51 45 0 4 15 10
310 10 11 18 35 14 15 31 20
311 9 10 58 34 5 2 19 6
312 1 2 17 103 12 7 23 10
313 17 6 53 34 0 2 15 11
314 13 12 39 31 0 4 17 10
315 29 11 43 39 5 17 22 21
316 7 9 34 33 0 3 14 11
317 2 12 169 48 13 6 22 12
318 18 8 21 38 10 9 27 12
319 13 12 0 45 7 12 24 15
320 18 19 145 37 12 7 23 11
321 5 20 63 34 11 7 24 11
322 17 8 64 32 11 7 24 11
323 22 14 9 31 12 7 23 11
324 17 7 15 39 13 7 23 11
325 2 6 25 31 1 5 10 8
326 6 18 22 50 9 6 26 11
327 15 11 64 61 6 0 23 5
328 6 8 52 50 18 11 31 14
329 1 5 36 31 11 6 24 11
330 24 19 14 41 16 15 30 20
331 30 14 166 32 13 7 23 10
332 8 4 23 30 0 1 14 5
333 14 7 20 33 13 15 29 19
334 30 14 10 80 10 6 26 12
335 19 12 19 41 10 6 25 12
336 11 10 171 32 10 8 23 13
337 2 7 180 42 5 8 19 13
338 4 7 24 35 0 5 13 9
339 16 9 167 30 12 4 27 8
340 18 5 43 41 10 7 26 10
341 0 18 41 36 0 3 15 10
342 14 7 21 46 13 5 22 12
343 4 2 31 77 8 7 23 11
344 16 9 31 48 14 11 30 16
345 10 2 7 62 13 8 30 13
346 6 10 153 31 6 15 22 20
347 5 5 19 35 13 7 23 10
348 15 5 4 41 16 14 31 19
349 20 11 25 59 13 5 22 12
350 11 9 5 37 0 4 11 10
351 30 17 151 142 9 8 22 11
352 14 8 63 30 8 15 21 19
353 16 13 13 39 10 6 26 12
354 4 3 7 59 13 5 23 12
355 4 14 54 47 5 16 20 20
356 8 4 53 92 14 13 30 18
357 22 11 155 65 6 7 22 11
358 5 10 144 30 15 11 29 16
359 12 2 26 47 14 3 29 6
360 3 2 59 36 9 17 24 20
361 17 5 22 40 0 5 12 9
362 2 10 39 98 12 1 25 5
363 8 8 39 33 10 7 26 10
364 18 9 65 34 3 5 19 10
365 10 10 147 37 7 13 20 17
366 5 2 151 80 13 7 30 12
367 18 14 16 42 7 2 23 5
368 22 1 35 43 0 3 13 10
369 14 4 155 50 0 4 17 9
370 6 8 153 72 11 6 25 11
371 19 12 15 41 0 3 17 11
372 17 10 48 38 0 5 11 8
373 9 9 154 40 1 2 11 11
374 16 7 28 43 0 5 14 9
375 16 8 25 31 2 2 19 5
376 1 6 164 176 9 5 23 10
377 6 6 44 34 9 7 26 11
378 3 15 152 35 1 17 14 21
379 2 12 135 58 9 12 25 17
380 16 6 23 34 12 5 23 13
381 14 8 50 32 10 5 23 8
382 12 16 142 32 11 6 24 10
383 5 19 195 32 13 5 22 12
384 0 16 15 40 8 1 25 4
385 19 19 61 78 4 17 19 20
386 4 12 136 38 6 4 22 8
387 25 14 14 45 0 3 11 11
388 5 13 59 46 0 3 14 11
389 8 13 24 52 13 4 22 13
390 23 6 196 79 6 3 22 6
391 4 16 0 32 15 6 31 10
392 0 10 197 45 13 7 29 10
393 6 1 152 47 15 16 28 21
394 14 5 22 76 0 4 13 9
395 26 5 154 95 1 3 10 10
396 28 11 157 36 0 2 11 11
397 5 7 32 33 16 6 31 11
398 18 10 52 34 11 6 28 9
399 22 2 154 61 0 3 13 10
400 19 11 194 34 0 1 17 4
401 28 15 133 52 12 4 27 7
402 20 12 36 141 8 11 21 16
403 1 10 51 240 5 7 21 11
404 23 17 170 125 0 4 17 10
405 3 3 64 68 0 4 12 9
406 18 10 6 32 0 4 15 10
407 15 7 178 38 6 14 23 17
408 11 5 46 79 2 6 17 9
409 10 9 2 56 10 0 26 3
410 15 13 158 112 9 14 25 19
411 9 7 22 44 12 0 25 5
412 3 18 138 33 11 5 24 13
413 25 2 57 33 10 5 26 13
414 20 14 1 32 0 3 15 11
415 11 21 8 32 9 0 24 3
416 4 17 8 49 3 2 18 7
417 1 2 191 91 10 7 25 10
418 5 12 52 38 2 9 17 12
419 8 8 57 84 11 7 25 11
420 7 6 171 34 14 7 28 10
421 26 11 20 51 0 1 13 6
422 17 7 27 32 0 4 14 9
423 22 14 137 64 0 4 12 9
424 7 5 0 54 0 0 13 5
425 12 5 164 34 0 4 17 9
426 1 6 8 62 11 5 25 12
427 15 0 7 45 3 11 19 15
428 17 5 33 149 16 2 31 5
429 4 10 152 42 10 13 25 18
430 22 19 138 40 1 3 17 7
431 19 2 135 32 0 2 16 11
432 11 8 190 80 10 7 26 10
433 19 12 37 33 0 3 14 10
434 5 10 187 31 9 4 26 13
435 21 12 13 38 10 5 26 13
436 28 3 44 35 6 10 20 14
437 7 11 64 46 0 3 16 11
438 7 19 38 43 9 5 23 9
439 6 15 199 31 11 5 25 12
440 16 9 29 35 3 12 20 15
441 5 7 17 72 0 5 11 9
442 18 6 159 71 0 2 13 11
443 5 20 175 89 14 1 31 6
444 23 5 17 36 13 7 23 10
445 20 1 16 33 1 0 16 3
446 23 8 0 39 9 7 26 12
447 31 15 18 42 13 4 23 13
448 17 10 61 30 0 5 12 8
449 4 4 48 41 16 4 29 7
450 18 18 27 34 11 3 28 6
